"","time","S","E","I","H","C","R","D","hosp","crits","TA","ID","POP"
"1",0,100416,0,1,0,0,0,0,0,0,"Mulanje","68",100417
"2",1,100415.262537315,0.607734029766443,0.794513774703949,0.00897069842681018,0.000101939088209383,0.326140944237968,0.00000129869494750837,0.00956594055790355,0.000104143700757029,"Mulanje","68",100417
"3",2,100414.597778608,0.965700180859466,0.799137053553162,0.0160230843035225,0.000362910017951879,0.620988728692428,0.00000943464094556188,0.0181888672618837,0.000378925886690747,"Mulanje","68",100417
"4",3,100413.883176742,1.25291551179571,0.901695631862839,0.0228650097128983,0.000753410371892249,0.938564092495221,0.0000296013411497165,0.0274583988442428,0.000803660423492923,"Mulanje","68",100417
"5",4,100413.05568979,1.54343374301761,1.06252069530995,0.0302857535135519,0.00127051207892453,1.30673304518288,0.0000664609563278816,0.0381923133621179,0.00138333353752044,"Mulanje","68",100417
"6",5,100412.071924561,1.87198264061222,1.2705512577021,0.0387453106679162,0.00192405298487689,1.74474734978936,0.000124827011168637,0.0509535382701989,0.00213595432139596,"Mulanje","68",100417
"7",6,100410.892141765,2.25943027911808,1.52659203860298,0.0486063542761596,0.00273173672478402,2.27028779879209,0.0002100279266582,0.0662576325503,0.00308827172428887,"Mulanje","68",100417
"8",7,100409.473304905,2.72284258158197,1.83704696371547,0.060229777480052,0.00371775679122572,2.90252985088538,0.000328164702824573,0.0846629645405081,0.00427483605216361,"Mulanje","68",100417
"9",8,100407.765444217,3.27966741021022,2.21171771534077,0.0740190209485693,0.00491289229570152,3.66375239503991,0.000486348851260273,0.106817895304645,0.00573849863387891,"Mulanje","68",100417
"10",9,100405.709106436,3.94971735872177,2.66321101802615,0.0904461406781861,0.00635530619885046,4.58047078242091,0.000692957672475036,0.133493885625557,0.00753164340002104,"Mulanje","68",100417
"11",10,100403.232980001,4.75638789112135,3.207014454887,0.110072743051627,0.00809178039706044,5.68449520140869,0.000957927922910309,0.165616339624037,0.00971792048687964,"Mulanje","68",100417
"12",11,100400.251312433,5.72766641284381,3.8618940937364,0.133571054234631,0.010179314149665,7.01408359088872,0.00129310126755385,0.204298161871865,0.0123744310901723,"Mulanje","68",100417
"13",12,100396.660900927,6.8971767802226,4.65048855702069,0.161747749391396,0.0126871003962077,8.61528624993503,0.00171263591494674,0.250878876323986,0.0155944025574162,"Mulanje","68",100417
"14",13,100392.337524041,8.30536330520125,5.60006715405621,0.195571898136765,0.0156989229002806,10.5435411812739,0.00223349713276966,0.306971032099887,0.0194904182113877,"Mulanje","68",100417
"15",14,100387.131641368,10.000896943289,6.74346319233304,0.236208521284869,0.0193160719094309,12.8655978548274,0.0028760482434758,0.374516159096308,0.0241983362605537,"Mulanje","68",100417
"16",15,100380.863239642,12.0423492596722,8.12020233354784,0.285058745278106,0.0236608582443799,15.6618244028582,0.00366475834384892,0.455851874173082,0.0298820052846778,"Mulanje","68",100417
"17",16,100373.315670012,14.5001923261853,9.77785131996906,0.343807821428131,0.0288808266749787,19.0289686460036,0.00462904787865321,0.553792186519361,0.0367389130227501,"Mulanje","68",100417
"18",17,100364.228186974,17.4592142549727,11.773653407194,0.414483260995437,0.0351538721627545,23.083503918299,0.0058043126766466,0.671724810808384,0.0450070409780711,"Mulanje","68",100417
"19",18,100353.287060845,21.0213899336415,14.1764784896385,0.499524104978862,0.0426943515389994,27.9656191306351,0.0072331450522081,0.81372721659669,0.054973048989574,"Mulanje","68",100417
"20",19,100340.114795362,25.3093645349361,17.069181375236,0.601865061082655,0.0517605123593131,33.8440663369267,0.00896681711168764,0.984707617388155,0.0669822220878408,"Mulanje","68",100417
"21",20,100324.257296592,30.4705835091848,20.5514139462438,0.725036681735666,0.0626633631574351,40.9219388568274,0.0110670508542069,1.19057302182649,0.081450345601185,"Mulanje","68",100417
"22",21,100305.168490318,36.682231758479,24.742994313457,0.873285615280716,0.0757773407625719,49.4436125069646,0.0136081470682503,1.43843111055957,0.0988779864025981,"Mulanje","68",100417
"23",22,100282.191819986,44.1571700085928,29.787943299561,1.05171953123334,0.0915531760406981,59.7031144429923,0.0166795552932413,1.73683363190534,0.119867721314931,"Mulanje","68",100417
"24",23,100254.538175442,53.1509747552811,35.8593110506161,1.26648024766204,0.110533319849732,72.0541362277085,0.0203889568538709,2.09606761087094,0.14514479670171,"Mulanje","68",100417
"25",24,100221.25952977,63.9703029135152,43.1649430600489,1.5249509689538,0.133370466654544,86.922036849651,0.024865971542446,2.5285044244685,0.175581944397699,"Mulanje","68",100417
"26",25,100181.217456283,76.9828754432456,51.9543087666757,1.83600472453236,0.160849770766158,104.818238398193,0.0302666140708133,3.04901845816457,0.212229163042464,"Mulanje","68",100417
"27",26,100133.045701855,92.6292261753594,62.526646770969,2.21030052265413,0.193915482341139,126.357430547402,0.036778646264352,3.6754874299005,0.256349439750002,"Mulanje","68",100417
"28",27,100075.105803906,111.436466783866,75.2406580993411,2.66063575699616,0.233702855352573,152.278104596038,0.0446280027723866,4.42938951514849,0.30946156610845,"Mulanje","68",100417
"29",28,100005.434400546,134.034638276217,90.5258089360705,3.20236768391855,0.281576297320758,183.4671217487,0.0540865117213116,5.336517782191,0.373391394182421,"Mulanje","68",100417
"30",29,99921.6813456457,161.175510235221,108.895728907496,3.85391071643848,0.339174899290006,220.988848460592,0.0654811353323429,6.42782737406181,0.450333052992525,"Mulanje","68",100417
"31",30,99821.0370001119,193.754334067392,130.963872395405,4.63732544817698,0.408466775174254,266.119796144727,0.0792050572366384,7.7404426888215,0.542922109243247,"Mulanje","68",100417
"32",31,99700.1473195961,232.834927432261,157.461530007655,5.57901415842508,0.49181363419098,320.389664221333,0.0957309500615523,9.31885068321845,0.654322662280086,"Mulanje","68",100417
"33",32,99555.0157695157,279.677572807608,189.258817038907,6.71053245515597,0.592047488700671,385.629633859231,0.115626834780224,11.2163048219399,0.78833097412594,"Mulanje","68",100417
"34",33,99380.8903497993,335.770470718313,227.388227561791,8.06954064352687,0.712561424953027,464.029274803233,0.13957504888661,13.4964792936126,0.949498439841821,"Mulanje","68",100417
"35",34,99172.1360796588,402.863281178171,273.071266194839,9.70089673500136,0.857416343507072,558.202665110163,0.16839477952804,16.2353907326153,1.14327657929065,"Mulanje","68",100417
"36",35,98922.0921467845,483.002599714422,327.747535648389,11.6579134808425,1.03146631789919,671.265269138639,0.203068915321802,19.5236322816714,1.37618797837406,"Mulanje","68",100417
"37",36,98622.9158277043,578.567026014065,393.105945133,14.0037773134818,1.24050468759767,806.922143282254,0.244775865341963,23.4689362650899,1.65602639662506,"Mulanje","68",100417
"38",37,98265.4163081014,692.299315046217,471.116679811222,16.8131292496697,1.49143315008554,969.568207456017,0.294927185441496,28.1990866231993,1.99208973222889,"Mulanje","68",100417
"39",38,97838.8849270975,827.331010510041,564.062126211709,20.1737856582392,1.79245565999715,1164.40048298749,0.35521187502067,33.8651777185304,2.39544911758012,"Mulanje","68",100417
"40",39,97330.932236812,987.1932251154,674.563590762531,24.1885572629836,2.15329830573688,1397.54144342237,0.427648318957946,40.6451940311625,2.87925697044366,"Mulanje","68",100417
"41",40,96727.347394404,1175.80495015567,805.599466982562,28.9770895262748,2.58545448249915,1676.1709997673,0.514644681697887,48.7478378259867,3.45909468956046,"Mulanje","68",100417
"42",41,96012.0035683995,1397.4260167019,960.508297190585,34.6776002432214,3.10245386909386,2008.66299466519,0.61906893054553,58.4164835110081,4.153360500214,"Mulanje","68",100417
"43",42,95166.8403536578,1656.56040547746,1142.96759570335,41.4483288681948,3.72014901653671,2404.71883825486,0.744329021803128,69.9330429950063,4.98369216359591,"Mulanje","68",100417
"44",43,94171.966293778,1957.78947577032,1356.93734701758,49.4684167385412,4.45700979126077,2875.48699302881,0.894463875542232,83.6214115133845,5.97541585514838,"Mulanje","68",100417
"45",44,93005.9313840591,2305.51542854235,1606.55387864924,58.9378587931182,5.33440946502862,3433.65279549135,1.07424499985791,99.8500405319588,7.15800476774153,"Mulanje","68",100417
"46",45,91646.2319777006,2703.59230458691,1895.95681475711,70.0760304343852,6.37687821801413,4093.47670607533,1.2892882276882,119.032997659162,8.56552229470634,"Mulanje","68",100417
"47",46,91261.3015518856,2160.66352953104,2055.35934181368,82.4726342075252,7.60868016176277,4848.04811608035,1.54614632008395,140.962247497979,10.2333562523984,"Mulanje","68",100417
"48",47,90868.0166205093,1797.05706410274,2023.74900376155,93.9299991519837,9.02206063737616,5623.37345280621,1.85179903083794,163.463518072136,12.1656005325128,"Mulanje","68",100417
"49",48,90491.9191856876,1534.84494523401,1904.81743734204,103.19322899569,10.5704004343059,6369.44265486945,2.21214743695234,185.072712548506,14.3256533565614,"Mulanje","68",100417
"50",49,90143.8307681491,1332.93858605216,1751.15529421973,109.926914865249,12.1943280119229,7064.32303060321,2.63107809865987,205.15278852657,16.6607408529616,"Mulanje","68",100417
"51",50,89827.2374740666,1169.32071556405,1589.01307340877,114.22400549393,13.8361486063814,7700.25828858842,3.11029427187598,223.483461358031,19.1160596369174,"Mulanje","68",100417
"52",51,89542.0701646504,1031.88594727219,1431.08267113876,116.35827997469,15.4458702590917,8276.50756035327,3.64950635163369,240.049966961785,21.6411261280419,"Mulanje","68",100417
"53",52,89286.6281530929,913.71327306267,1283.10651675859,116.661723281322,16.9831038015518,8795.66047106956,4.24675893335323,254.934470196626,24.1922317413061,"Mulanje","68",100417
"54",53,89058.5489197396,810.623235363296,1147.29484477402,115.46589742982,18.41700870438,9261.75130673682,4.89878725209745,268.260584886999,26.7329938130809,"Mulanje","68",100417
"55",54,88855.2889589731,719.912484176812,1024.09192965647,113.075847489027,19.7253862504655,9679.30403983789,5.60135361625611,280.165361051915,29.2340198906404,"Mulanje","68",100417
"56",55,88674.3550172284,639.695001251997,913.088351142681,109.760310634209,20.8934694257411,10052.8583066074,6.34954370961307,290.785452361766,31.6722006134611,"Mulanje","68",100417
"57",56,88513.4080916871,568.557358894222,813.489600894783,105.749922393662,21.9126737971176,10386.7443352184,7.13801711475771,300.25061363743,34.0298858696693,"Mulanje","68",100417
"58",57,88370.3038084899,505.375234248882,724.35632123296,101.239111017797,22.7794318079151,10684.9848801182,7.96121308431849,308.680929041461,36.2940684004802,"Mulanje","68",100417
"59",58,88243.1008165745,449.214708742024,644.724374567166,96.3895737010929,23.4941551903237,10951.2628552772,8.81351594768801,316.185962747314,38.4556270004928,"Mulanje","68",100417
"60",59,88130.0542424571,399.277411537984,573.663183849291,91.3341939060773,24.0603457203946,11188.921238319,9.68938421019376,322.864846299103,40.5086564262645,"Mulanje","68",100417
"61",60,88029.6024831219,354.868041059394,510.302778531121,86.1809403429026,24.4838366148708,11400.9784699272,10.5834504026906,328.806810526009,42.4498782938123,"Mulanje","68",100417
"62",61,87940.3512834716,315.37474290141,453.843413345203,81.0165032367028,24.772160083545,11590.1513018396,11.4905951219123,334.091925381677,44.2781343189072,"Mulanje","68",100417
"63",62,87861.0580193109,280.255745034164,403.557622165622,75.9094868690251,24.9340352432543,11758.8790922345,12.4059991424749,338.791871233961,45.99396269432,"Mulanje","68",100417
"64",63,87790.6159782027,249.029627449476,358.787661144713,70.913326936617,24.9789358680925,11909.3492906599,13.3251797384427,342.970738075199,47.5992274980683,"Mulanje","68",100417
"65",64,87728.0402261449,221.267950523789,318.941204006716,66.0687447755953,24.916754521687,12043.5211085268,14.2440115005409,346.685762046007,49.0968181641621,"Mulanje","68",100417
"66",65,87672.4548154856,196.589170913306,283.486449462819,61.4058555167563,24.7575350787457,12163.147437011,15.1587365318092,349.988003718668,50.4903993118827,"Mulanje","68",100417
"67",66,87623.0806297251,174.653260498352,251.946721698909,56.9460716080012,24.5112510122025,12269.7960991333,16.065966324241,352.923002609171,51.7841922186357,"Mulanje","68",100417
"68",67,87579.2249991688,155.157307607744,223.895398452623,52.703633076108,24.1876470498421,12364.8683389298,16.9626757151642,355.531343775524,52.982806217171,"Mulanje","68",100417
"69",68,87540.2722200113,137.831521052037,198.951072853783,48.6869419075356,23.7961153658387,12449.6159366506,17.8461921589833,357.84918046939,54.0910966752592,"Mulanje","68",100417
"70",69,87505.6751086623,122.435636058146,176.773123421049,44.8996894410299,23.3456053691974,12525.1566559346,18.7141811136959,359.908704128884,55.1140499768693,"Mulanje","68",100417
"71",70,87474.9471749232,108.755637887648,157.057432098602,41.3418448296329,22.84455785674,12592.4887242004,19.564628203801,361.738583421164,56.0566873956208,"Mulanje","68",100417
"72",71,87447.6561258054,96.6010747583184,139.532695584664,38.0104117822216,22.3008701747752,12652.5030022875,20.3958196071869,363.364331565408,56.9239969620217,"Mulanje","68",100417
"73",72,87423.4180101672,85.8025332329355,123.957125896667,34.9000823165821,21.721874072338,12705.9940522414,21.2063220728456,364.808639625115,57.7208773955776,"Mulanje","68",100417
"74",73,87401.8916329869,76.2092068042943,110.115286476276,32.0038315310007,21.1143232745423,12753.6707571012,21.9949618258272,366.091695578468,58.4520898680414,"Mulanje","68",100417
"75",74,87382.7738550682,67.6869828340722,97.8152341432328,29.3133624246829,20.4843993818592,12796.1653630447,22.7608031032575,367.231454601265,59.1222274662941,"Mulanje","68",100417
"76",75,87365.7953660699,60.1166083474389,86.8860287587069,26.8194851734005,19.8377235536782,12834.041660764,23.5031273328275,368.243883099249,59.7356915301423,"Mulanje","68",100417
"77",76,87350.7169416147,53.3919968176185,77.1755695095143,24.5124265741043,19.1793746789352,12867.8022779172,24.2214128879851,369.143175582267,60.2966754561712,"Mulanje","68",100417
"78",77,87337.3260672661,47.4188560289521,68.548462102689,22.3820823734433,18.5139128531994,12897.895303886,24.9153154896316,369.941951024598,60.8091549055357,"Mulanje","68",100417
"79",78,87325.43396217,42.1133874944883,60.8842122442844,20.4182195677996,17.8454059296809,12924.7201629861,25.58464960767,370.651426467152,61.2768827829815,"Mulanje","68",100417
"80",79,87314.8729613895,37.4010605242924,54.0757057092919,18.6106347736256,17.1774584690157,12948.6328082746,26.2293708596793,371.28157007505,61.7033883073232,"Mulanje","68",100417
"81",80,87305.4941331042,33.2156561699511,48.0276511529722,16.9492822354594,16.5132418076717,12969.9504760247,26.8495595050049,371.84124085479,62.0919790600806,"Mulanje","68",100417
"82",81,87297.1651850421,29.4983551763429,42.655275768203,15.4243709241913,15.8555247022589,12988.9558833254,27.4454050615603,372.338311646445,62.4457455158857,"Mulanje","68",100417
"83",82,87289.7686370035,26.1968447175167,37.8832777849902,14.0264350963556,15.206704009583,13005.9009093445,28.0171920435487,372.779776656957,62.7675675114646,"Mulanje","68",100417
"84",83,87283.2001415308,23.2646584335023,33.6446957645962,12.7463893567845,14.5688346746004,13021.0099934128,28.565286826886,373.171850482635,63.0601219368602,"Mulanje","68",100417
"85",84,87277.3670099534,20.6605441699784,29.8799651658734,11.5755658466237,13.9436588993767,13034.4831303618,29.0901256030212,373.520055136184,63.3258914552785,"Mulanje","68",100417
"86",85,87272.1869411137,18.3478074667806,26.5362131810273,10.5057352508775,13.3326342833444,13046.4984653235,29.5922033808194,373.829295182521,63.5671739733827,"Mulanje","68",100417
"87",86,87267.586837903,16.2938596142214,23.5664391893501,9.52912131147519,12.7369604832009,13057.2147174924,30.0720640063399,374.103927795166,63.7860923591668,"Mulanje","68",100417
"88",87,87263.5017676125,14.4697868256912,20.9288266095669,8.63840565041256,12.157604466701,13066.7733176971,30.5302911380692,374.347824356339,63.9846043756646,"Mulanje","68",100417
"89",88,87259.87408144,12.8498616289129,18.586282779688,7.8267224991086,11.5953243666622,13075.3002271674,30.9675001182406,374.564422656997,64.1645127360329,"Mulanje","68",100417
"90",89,87256.6525804716,11.4112353184943,16.5058457446404,7.08765221387094,11.0506916246641,13082.9076639277,31.3843306989998,374.756776401756,64.32747489948,"Mulanje","68",100417
"91",90,87253.7917798726,10.1336521483802,14.65817435042,6.41521016172533,10.52411159308,13089.6956313177,31.7814405560846,374.92759891355,64.475012662381,"Mulanje","68",100417
"92",91,87251.2513023369,8.99907968660802,13.0172616200513,5.8038289505343,10.0158427336783,13095.7531851473,32.1594995249181,375.079299170396,64.6085215723005,"Mulanje","68",100417
"93",92,87248.9952905222,7.99150066412053,11.5600060066948,5.2483423911986,9.52601415613475,13101.1596617363,32.5191845232958,375.214016747576,64.7292798474625,"Mulanje","68",100417
"94",93,87246.9918813575,7.0967284685099,10.2658255300941,4.74396773603291,9.05464180944215,13105.9857800308,32.8611750676458,375.333653095688,64.8384569567426,"Mulanje","68",100417
"95",94,87245.212802524,6.30212379517411,9.11650326707089,4.28628360331783,8.6016430123305,13110.2944943349,33.1861494632835,375.439895550808,64.9371216828171,"Mulanje","68",100417
"96",95,87243.6329354677,5.59647778617584,8.09582928745612,3.87121128034303,8.16685016786687,13114.1419146759,33.4947813345006,375.53424335751,65.0262499463815,"Mulanje","68",100417
"97",96,87242.2299728973,4.96983595837372,7.18940438850862,3.49499382877637,7.75002286062888,13117.578033312,33.7877367543304,375.618028068067,65.1067320309271,"Mulanje","68",100417
"98",97,87240.9841095189,4.41335131774715,6.38445055438172,3.1541757668658,7.3508588065272,13120.6473822482,34.0656717873662,375.692431968367,65.1793793613517,"Mulanje","68",100417
"99",98,87239.8777542018,3.91917386976933,5.669608126216,2.84558364874569,6.96900383041929,13123.3896459412,34.3292303818379,375.758505232889,65.2449309032466,"Mulanje","68",100417
"100",99,87238.8952864882,3.48032742579767,5.03479386509176,2.56630640901388,6.60406080794691,13125.84018238,34.5790426238834,375.817180439092,65.3040591412543,"Mulanje","68",100417
"101",100,87238.0228333211,3.09061661257192,4.47105069729982,2.31367693784875,6.25559765214062,13128.0305014751,34.8157233038679,375.869285880294,65.3573756319158,"Mulanje","68",100417
"102",101,87237.2480788145,2.74454300713256,3.97042426148546,2.08525493270111,5.92315420062916,13129.9886739876,35.0398707959159,375.915556910392,65.4054359888164,"Mulanje","68",100417
"103",102,87236.5600823226,2.4372200015297,3.52584971596734,1.87880914734713,5.60624886645815,13131.7397238582,35.2520660879566,375.956646795206,65.4487448868498,"Mulanje","68",100417
"104",103,87235.9491247734,2.16430714706695,3.13104981967438,1.69230154333231,5.30438415419037,13133.3059604518,35.4528721105598,375.993135879658,65.4877604389763,"Mulanje","68",100417
"105",104,87235.406581807,1.92195347689879,2.78045322158624,1.52387313610762,5.01705120119223,13134.7072538566,35.6428333006716,376.025539157139,65.5228979969244,"Mulanje","68",100417
"106",105,87234.9247927783,1.70673681881594,2.46911223664265,1.37182906315211,4.743734431533,13135.9613194669,35.8224752046641,376.054314085956,65.5545341312437,"Mulanje","68",100417
"107",106,87234.4969545042,1.51561870798389,2.1926319818697,1.23462553976725,4.48391521666952,13137.0839497296,35.9923043198447,376.07986693032,65.5830100229418,"Mulanje","68",100417
"108",107,87234.1170254839,1.34590157858055,1.94710864597172,1.11085748962135,4.23707512353367,13138.0892236333,36.1528080451054,376.102558476777,65.6086346277956,"Mulanje","68",100417
"109",108,87233.7796411189,1.19518855974732,1.72907714628749,0.999246982690006,4.00269872568966,13138.9896927285,36.3044547381224,376.122709094542,65.6316875846094,"Mulanje","68",100417
"110",109,87233.4800373518,1.06135163640576,1.53545959704217,0.898632584954612,3.78027599687704,13139.7965489601,36.4476938728465,376.14060329375,65.652421876106,"Mulanje","68",100417
"111",110,87233.2139832574,0.942501846642494,1.36352150771069,0.807959450915721,3.56930434620266,13140.5197733146,36.5829562764718,376.15649374948,65.6710662663883,"Mulanje","68",100417
"112",111,87232.9777221773,0.836960489071798,1.21083629165331,0.726270086848303,3.36929032942266,13141.1682661901,36.7106544355497,376.170604816078,65.6878275318673,"Mulanje","68",100417
"113",112,87232.767917973,0.743237169465338,1.07524852019892,0.652695931520221,3.17975106588729,13141.7499664802,36.8311828597525,376.183135735971,65.7028924957182,"Mulanje","68",100417
"114",113,87232.5816077068,0.660009280761656,0.954842757723751,0.586449564462168,3.0002153982534,13142.271956799,36.9449184929569,376.194263464935,65.7164298854316,"Mulanje","68",100417
"115",114,87232.4161606499,0.586101086351133,0.847919702076192,0.526817441757858,2.83022482744109,13142.740555129,37.0522211634284,376.204145119639,65.7285920319848,"Mulanje","68",100417
"116",115,87232.2692408236,0.520468782193053,0.752970201669701,0.473153392542614,2.66933423375217,13143.1613985064,37.1534340598387,376.212920214345,65.7395163990286,"Mulanje","68",100417
"117",116,87232.1387728754,0.462186219841342,0.66865225289013,0.424872436452848,2.517112440626,13143.5395195284,37.2488842463856,376.220712698517,65.7493270210898,"Mulanje","68",100417
"118",117,87232.0229146999,0.410430020511491,0.593775973317655,0.381445340816309,2.37314259335711,13143.8794082029,37.3388831691697,376.22763259176,65.7581357418943,"Mulanje","68",100417
"119",118,87231.9200306114,0.364469324727753,0.527284540614907,0.342393543755774,2.23702242130106,13144.185072368,37.4237271901007,376.233777585826,65.7660433829102,"Mulanje","68",100417
"120",119,87231.8286676319,0.323655489401639,0.468238586355156,0.307284414604946,2.10836438485266,13144.4600913581,37.5036981347488,376.239234460654,65.7731408203371,"Mulanje","68",100417
"121",120,87231.7475357427,0.287412015241126,0.415804690812391,0.27572702911377,1.98679570647818,13144.7076609845,37.5790638310404,376.244080263661,65.779509930606,"Mulanje","68",100417
"122",121,87231.6754891918,0.255227095240423,0.369242407350822,0.247368278826945,1.87195831776414,13144.9306360525,37.6500786565008,376.248383426127,65.7852244664061,"Mulanje","68",100417
"123",122,87231.611510527,0.226646323691805,0.327894106811225,0.221889359688795,1.76350873074866,13145.1315668778,37.7169840742258,376.252204716666,65.7903508378596,"Mulanje","68",100417
"124",123,87231.554696324,0.201266036548121,0.291176040158951,0.199002541804513,1.66111784839887,13145.3127320437,37.7800091653046,376.255598093619,65.794948826819,"Mulanje","68",100417
"125",124,87231.5042443475,0.178727899178861,0.258569720424544,0.178448249307535,1.56447072033392,13145.4761679105,37.8393711527101,376.258611471802,65.7990722319253,"Mulanje","68",100417
"126",125,87231.4594422507,0.158713702109072,0.22961477779202,0.159992380337018,1.47326625385939,13145.6236947178,37.8952759172976,376.261287397384,65.8027694555816,"Mulanje","68",100417
"127",126,87231.4196571805,0.140940703924363,0.203902256069074,0.143423800673409,1.3872168809362,13145.7569406615,37.9479185162958,376.26366366873,65.8060840510906,"Mulanje","68",100417
"128",127,87231.3843272261,0.125157922062439,0.181068976895624,0.128552231201599,1.30604820565332,13145.8773617766,37.9974836613379,376.265773847093,65.8090551816146,"Mulanje","68",100417
"129",128,87231.3529535882,0.111142531330397,0.160792582512047,0.115206263391563,1.22949863231579,13145.9862602119,38.0441461902895,376.267647724328,65.8117180492194,"Mulanje","68",100417
"130",129,87231.3250932359,0.0986965854955897,0.142786789254082,0.103231476483565,1.15731896564787,13146.0848014051,38.0880715420138,376.269311761436,65.8141043010198,"Mulanje","68",100417
"131",130,87231.3003527339,0.0876443633310529,0.126797294944182,0.0924888147598436,1.08927200111067,13146.1740285889,38.1294162029534,376.270789457246,65.8162423775968,"Mulanje","68",100417
"132",131,87231.2783827158,0.0778297993264893,0.112598308068443,0.0828530910963254,1.02513210852384,13146.2548758364,38.168328140663,376.272101678489,65.8181578325667,"Mulanje","68",100417
"133",132,87231.2588729493,0.0691142676457413,0.0999893701231724,0.0742116330424219,0.964684810422548,13146.3281797472,38.2049472221123,376.27326695455,65.8198736210327,"Mulanje","68",100417
"134",133,87231.2415479214,0.0613747214614996,0.0887923912818841,0.0664630611374531,0.907726358033028,13146.39468993,38.2394056165597,376.274301741131,65.8214103594623,"Mulanje","68",100417
"135",134,87231.2261629777,0.0545018767339555,0.0788492471480657,0.0595161778229605,0.854063308727891,13146.4550782291,38.2718281827449,376.275220650836,65.8227865604261,"Mulanje","68",100417
"136",135,87231.2125008764,0.0483986467539001,0.0700195777955181,0.0532889638934525,0.80351210650879,13146.5099469879,38.3023328406636,376.276036658991,65.8240188441889,"Mulanje","68",100417
"137",136,87231.2003686794,0.0429788672526047,0.0621786645442906,0.0477076740532942,0.755898666888232,13146.5598365193,38.3310309284607,376.276761289334,65.8251221294408,"Mulanje","68",100417
"138",137,87231.1895950323,0.0381660089389307,0.0552157446452159,0.0427060098038338,0.711057967087415,13146.6052316913,38.3580275458275,376.277404776468,65.8261098064309,"Mulanje","68",100417
"139",138,87231.180027825,0.0338920850657259,0.0490325471074719,0.0382243969260964,0.668833655697769,13146.6465676173,38.3834218728082,376.27797620557,65.8269938878229,"Mulanje","68",100417
"140",139,87231.1715319823,0.0300967565525834,0.0435417722229111,0.0342093110065343,0.629077659353995,13146.6842350339,38.4073074846201,376.278483644378,65.827785149794,"Mulanje","68",100417
"141",140,87231.1639875221,0.0267264477963638,0.0386658537142265,0.0306126618798207,0.591649797296734,13146.718585063,38.4297726541016,376.278934259151,65.8284932600209,"Mulanje","68",100417
"142",141,87231.1572879096,0.023733554614078,0.0343359518934245,0.0273912556978051,0.556417415311866,13146.7499332798,38.4509006329252,376.279334412975,65.829126888996,"Mulanje","68",100417
"143",142,87231.1513385394,0.0210758072195293,0.030490931397795,0.0245063052321565,0.523255028555872,13146.7785634662,38.4707699218189,376.279689756427,65.8296938115684,"Mulanje","68",100417
"144",143,87231.1460553936,0.0187156847557677,0.0270764804733655,0.0219229872810008,0.49204397585973,13146.8047309498,38.4894545280825,376.280005307706,65.8302009983986,"Mulanje","68",100417
"145",144,87231.1413638823,0.0166198633570809,0.0240443950356167,0.019610047585243,0.462672090404537,13146.8286655137,38.5070242074471,376.280285521909,65.8306546972036,"Mulanje","68",100417
"146",145,87231.1371977589,0.0147587427250091,0.021351866907543,0.0175394323662497,0.435033370950158,13146.8505741256,38.5235447023984,376.280534355797,65.8310605085552,"Mulanje","68",100417
"147",146,87231.1334981601,0.0131060322712176,0.0189608480935293,0.0156859577876461,0.409027665603122,13146.8706433676,38.5390779684417,376.280755325153,65.8314234537452,"Mulanje","68",100417
"148",147,87231.1302128426,0.011638393759086,0.0168375741279258,0.0140270381868653,0.384560391125509,13146.8890413879,38.553682372159,376.280951550354,65.8317480303083,"Mulanje","68",100417
"149",148,87231.1272954227,0.0103351024305014,0.0149520716232507,0.0125424164536434,0.361542244290645,13146.9059198487,38.5674128937141,376.2811258018,65.8320382671429,"Mulanje","68",100417
"150",149,87231.1247047005,0.00917775730763089,0.0132777093598353,0.0112139222416013,0.339888924145435,13146.9214156668,38.580321319543,376.281280540274,65.8322977738763,"Mulanje","68",100417
"151",150,87231.1224040912,0.00815001500309317,0.0117908429450231,0.0100252613913602,0.319520871888788,13146.9356524967,38.5924564207902,376.281417950908,65.8325297836495,"Mulanje","68",100417
"152",151,87231.1203611041,0.0072373564123184,0.0104704785136803,0.00896182288149004,0.300363019816163,13146.9487420939,38.603864124305,376.281539974306,65.8327371923388,"Mulanje","68",100417
"153",152,87231.1185468912,0.00642689774119059,0.00929796859614166,0.00801051130140329,0.282344558474718,13146.9607855027,38.6145876698502,376.281648333494,65.8329225925811,"Mulanje","68",100417
"154",153,87231.116935838,0.00570719810467805,0.0082567568475186,0.00715958975558061,0.265398707077534,13146.9718741461,38.6246677640582,376.281744558379,65.8330883055394,"Mulanje","68",100417
"155",154,87231.1155051902,0.00506808929488532,0.00733214082711278,0.00639853571046307,0.24946248651847,13146.982090826,38.6341427312965,376.281830008016,65.8332364100193,"Mulanje","68",100417
"156",155,87231.1142347859,0.0045005647989332,0.0065110894505636,0.00571793981517506,0.234476590920485,13146.9915104276,38.6430486014169,376.28190588665,65.8333687629775,"Mulanje","68",100417
"157",156,87231.1131066822,0.00399661091072103,0.00578200482469102,0.00510935555501404,0.220385065618544,13147.0002009635,38.6514193172379,376.281973265954,65.8334870297189,"Mulanje","68",100417
"158",157,87231.1121049082,0.00354909175632717,0.0051345660387718,0.00456519928146774,0.207135115856061,13147.0082242597,38.6592868590687,376.282033099854,65.8335927039792,"Mulanje","68",100417
"159",158,87231.1112153093,0.00315168376703414,0.00455962569111739,0.00407869017645434,0.19467703049191,13147.0156363637,38.6666812967912,376.282086233761,65.8336871200452,"Mulanje","68",100417
"160",159,87231.1104252742,0.00279875365135175,0.00404903244618895,0.00364373637487393,0.182963890792069,13147.0224883376,38.6736309748291,376.282133420933,65.8337714755414,"Mulanje","68",100417
"161",160,87231.1097236769,0.00248533127276175,0.00359559568707053,0.00325491537894554,0.171951631179469,13147.0288263708,38.6801624787314,376.282175325896,65.8338468354547,"Mulanje","68",100417
"162",161,87231.1091006675,0.00220701617733444,0.00319294976090362,0.00290738571356113,0.161598811338418,13147.0346923896,38.686300779818,376.282212536963,65.8339141497819,"Mulanje","68",100417
"163",162,87231.108547428,0.00195986911804543,0.00283539554399617,0.00259678151421197,0.151866281126185,13147.0401247997,38.6920694449412,376.28224558082,65.8339742745254,"Mulanje","68",100417
"164",163,87231.1080561407,0.00174039784178247,0.00251788047579487,0.00231919994671897,0.142717190142523,13147.0451585585,38.6974906323374,376.2822749244,65.8340279742201,"Mulanje","68",100417
"165",164,87231.1076198707,0.00154550424896526,0.00223592265987536,0.00207115082556583,0.134116853804742,13147.0498255213,38.7025851764381,376.282300981911,65.8340759319797,"Mulanje","68",100417
"166",165,87231.1072324571,0.00137243614083844,0.00198554041440309,0.00184950957213385,0.126032617384955,13147.0541547658,38.707372673479,376.282324121325,65.8341187588618,"Mulanje","68",100417
"167",166,87231.1068884263,0.00121874831145838,0.00176319604508086,0.00165147883859772,0.118433738325376,13147.0581728568,38.7118715553175,376.282344669577,65.8341570014916,"Mulanje","68",100417
"168",167,87231.1065829201,0.00108227043880686,0.00156574984066878,0.0014745566839466,0.111291283186594,13147.0619040658,38.7160991538581,376.282362916834,65.8341911483769,"Mulanje","68",100417
"169",168,87231.1063116251,0.000961075632845383,0.00139041409991689,0.0013165049947747,0.104578022467283,13147.0653705909,38.7200717667029,376.282379120724,65.8342216361733,"Mulanje","68",100417
"170",169,87231.1060707103,0.000853452486612863,0.00123471273749282,0.00117532124748284,0.0982683308473552,13147.0685927531,38.7238047192118,376.282393510072,65.834248855278,"Mulanje","68",100417
"171",170,87231.1058567735,0.000757881151881664,0.0010964470971222,0.00104921415548524,0.0923380952314435,13147.0715891672,38.7273124215096,376.282406288076,65.8342731546466,"Mulanje","68",100417
"172",171,87231.1056667933,0.000673011827530696,0.000973664417255515,0.000936581363832671,0.0867646268261637,13147.0743768993,38.7306084228769,376.282417635205,65.834294846202,"Mulanje","68",100417
"173",172,87231.1054980871,0.000597646217682226,0.000864630948014706,0.000835990129430161,0.0815265805506877,13147.0769716035,38.7337054614714,376.282427711679,65.8343142086499,"Mulanje","68",100417
"174",173,87231.105348273,0.000530720257247832,0.000767807321106949,0.000746159321575717,0.0766038763041771,13147.0793876508,38.7366155127983,376.282436659763,65.8343314910276,"Mulanje","68",100417
"175",174,87231.1052152356,0.000471288824871261,0.000681826279588302,0.000665943186758976,0.0719776241591839,13147.0816382462,38.7393498356628,376.282444605817,65.8343469159045,"Mulanje","68",100417
"176",175,87231.105097096,0.000418512680553001,0.000605473610587695,0.000594317314599997,0.0676300556457861,13147.0837355304,38.7419190142761,376.282451662051,65.8343606821441,"Mulanje","68",100417
"177",176,87231.104992186,0.000371646553494066,0.000537671100527483,0.000530365872421874,0.063544458300542,13147.0856906738,38.7443329982906,376.28245792811,65.8343729674143,"Mulanje","68",100417
"178",177,87231.1048990241,0.000330028609315991,0.000477461301421747,0.000473270162683175,0.0597051138591304,13147.0875139613,38.7466011405337,376.28246349248,65.8343839304363,"Mulanje","68",100417
"179",178,87231.1048162947,0.0002930711489304,0.000423993953131819,0.000422298385598084,0.0560972399700893,13147.0892148692,38.7487322325271,376.282468433737,65.8343937129936,"Mulanje","68",100417
"180",179,87231.1047428295,0.000260252286982282,0.000376514011245997,0.000376796470624563,0.0527069352417776,13147.0908021344,38.7507345379177,376.282472821659,65.834402441731,"Mulanje","68",100417
"181",180,87231.1046775914,0.000231108656997718,0.000334351134703599,0.000336179968178928,0.0495211280945897,13147.0922838171,38.7526158235441,376.282476718198,65.834410229743,"Mulanje","68",100417
"182",181,87231.1046196591,0.000205228723563687,0.000296909940479308,0.000299926517505808,0.0465275267846492,13147.0936673591,38.7543833897451,376.282480178376,65.8344171780487,"Mulanje","68",100417
"183",182,87231.1045682141,0.000182246843959914,0.000263661428706784,0.000267569132653097,0.0437145723641039,13147.0949596372,38.756044098844,376.282483251082,65.8344233769055,"Mulanje","68",100417
"184",183,87231.1045225299,0.000161838477543652,0.000234136095816915,0.000238690742520328,0.0410713978945982,13147.096167007,38.7576043998036,376.282485979705,65.8344289068759,"Mulanje","68",100417
"185",184,87231.1044819615,0.000143715482070321,0.000207917074240372,0.000212918777821303,0.0385877869051145,13147.0972953468,38.7590703533205,376.282488402771,65.834433839885,"Mulanje","68",100417
"186",185,87231.104445936,0.000127621938599801,0.000184634103881931,0.000189920346251288,0.0362541341749754,13147.0983500978,38.7604476554824,376.282490554498,65.8344382401625,"Mulanje","68",100417
"187",186,87231.1044139448,0.000113330579979464,0.000163958409863249,0.000169398077328289,0.0340614097507459,13147.0993362988,38.7617416594419,376.28249246527,65.8344421650525,"Mulanje","68",100417
"188",187,87231.104385536,0.000100639594639369,0.000145598024273798,0.000151086347656681,0.0320011248168465,13147.1002586192,38.7629573959551,376.28249416207,65.8344456657494,"Mulanje","68",100417
"189",188,87231.1043603084,0.0000893697747415846,0.000129293665434684,0.00013474790795313,0.0300652995460317,13147.1011213879,38.7640995927068,376.282495668859,65.8344487879548,"Mulanje","68",100417
"190",189,87231.1043379059,0.0000793619699323123,0.000114815103645704,0.000120170867503321,0.0282464328318422,13147.1019286207,38.7651726924867,376.282497006914,65.8344515724636,"Mulanje","68",100417
"191",190,87231.1043180121,0.000070474856788785,0.000101957883167017,0.000107165996372245,0.0265374737918005,13147.102684045,38.7661808702848,376.282498195132,65.8344540556897,"Mulanje","68",100417
"192",191,87231.104300346,0.0000625829440265482,0.0000905404342794793,0.0000955643133704941,0.0249317949438998,13147.1033911219,38.7671280493691,376.28249925029,65.8344562701336,"Mulanje","68",100417
"193",192,87231.1042846582,0.0000555747820151473,0.0000804015359219028,0.0000852149287014604,0.0234231669598447,13147.1040530671,38.7680179164048,376.28250018729,65.8344582448021,"Mulanje","68",100417
"194",193,87231.1042707272,0.0000493514053401589,0.0000713980152664194,0.0000759831161467347,0.0220057349046407,13147.1046728696,38.7688539356709,376.282501019363,65.8344600055818,"Mulanje","68",100417
"195",194,87231.1042583561,0.0000438249384679353,0.0000634027213669036,0.0000677485893408932,0.0206739958771175,13147.1052533092,38.7696393624295,376.282501758258,65.8344615755738,"Mulanje","68",100417
"196",195,87231.1042473704,0.0000389173354567698,0.0000563027576398146,0.0000604039602675761,0.0194227779706178,13147.1057969719,38.7703772554948,376.282502414411,65.8344629753924,"Mulanje","68",100417
"197",196,87231.104237615,0.0000345592926815663,0.0000499978661561085,0.0000538533624045494,0.0182472204774738,13147.1063062649,38.7710704890522,376.282502997086,65.8344642234316,"Mulanje","68",100417
"198",197,87231.1042289519,0.0000306892757761723,0.0000443990037701795,0.0000480112199372327,0.0171427552652387,13147.1067834294,38.7717217637686,376.282503514512,65.8344653361032,"Mulanje","68",100417
"199",198,87231.104221259,0.0000272526306308267,0.0000394271137323301,0.0000428011470849211,0.0161050892566353,13147.1072305535,38.7723336172394,376.282503973996,65.8344663280501,"Mulanje","68",100417
"200",199,87231.1042144275,0.0000242008246481602,0.0000350119904357218,0.0000381549654683177,0.0151301879489088,13147.1076495828,38.7729084338083,376.282504382026,65.8344672123361,"Mulanje","68",100417
"201",200,87231.104208361,0.0000214907693539193,0.0000310912765151066,0.0000340118259844574,0.0142142599119983,13147.1080423313,38.7734484537994,376.282504744364,65.8344680006154,"Mulanje","68",100417
"202",201,87231.1042029739,0.0000190841914790246,0.0000276096118696607,0.0000303174234046565,0.013353742208346,13147.1084104904,38.773955782195,376.282505066126,65.8344687032846,"Mulanje","68",100417
"203",202,87231.10419819,0.0000169471035442187,0.0000245178359162196,0.0000270232955803823,0.0125452866803164,13147.1087556381,38.7744323967938,376.282505351857,65.8344693296175,"Mulanje","68",100417
"204",203,87231.1041939418,0.0000150493341128661,0.0000217722786214219,0.0000240861974114978,0.0117857470543713,13147.1090792473,38.7748801558781,376.282505605591,65.8344698878863,"Mulanje","68",100417
"205",204,87231.1041901694,0.0000133640811822465,0.000019334173552908,0.0000214675407406486,0.0110721668140461,13147.1093826924,38.7753008054214,376.282505830912,65.8344703854692,"Mulanje","68",100417
"206",205,87231.1041868194,0.0000118675425979291,0.0000171690975807369,0.0000191328948841775,0.0104017677964258,13147.1096672573,38.7756959858626,376.282506031001,65.834470828947,"Mulanje","68",100417
"207",206,87231.1041838445,0.0000105385922404521,0.0000152464669777136,0.0000170515406665875,0.00977193946950761,13147.1099341408,38.7760672384734,376.282506208683,65.8344712241885,"Mulanje","68",100417
"208",207,87231.1041812028,0.00000935846135404058,0.00001353913496842,0.0000151960711950949,0.00918022885030965,13147.1101844632,38.7764160113424,376.282506366468,65.834471576428,"Mulanje","68",100417
"209",208,87231.1041788569,0.00000831048010317247,0.0000120229988393439,0.0000135420360877451,0.00862433102579639,13147.1104192714,38.7767436649991,376.282506506584,65.8344718903331,"Mulanje","68",100417
"210",209,87231.1041767737,0.00000737985636718945,0.0000106766389375635,0.0000120676239845358,0.00810208023952647,13147.1106395441,38.7770514777012,376.28250663101,65.8344721700661,"Mulanje","68",100417
"211",210,87231.1041749238,0.00000655344715712353,0.00000948104432523056,0.0000107533779414267,0.00761144150275703,13147.1108461963,38.7773406504079,376.282506741502,65.8344724193387,"Mulanje","68",100417
"212",211,87231.104173281,0.0000058195747570351,0.00000841933777522341,0.00000958194022931912,0.00715050266575125,13147.1110400839,38.7776123114796,376.282506839621,65.8344726414606,"Mulanje","68",100417
"213",212,87231.1041718222,0.00000516788245932289,0.00000747652021104656,0.00000853783247765591,0.00671746719030702,13147.1112220073,38.7778675209607,376.282506926753,65.8344728393826,"Mulanje","68",100417
"214",213,87231.1041705267,0.00000458917123849607,0.00000663927772928233,0.00000760725053719126,0.00631064711700706,13147.1113927156,38.7781072747451,376.282507004128,65.8344730157349,"Mulanje","68",100417
"215",214,87231.1041693763,0.00000407526221094514,0.00000589579179983121,0.00000677787791496684,0.00592845623181131,13147.1115529097,38.7783325086233,376.282507072838,65.8344731728637,"Mulanje","68",100417
"216",215,87231.1041683548,0.00000361891401648967,0.00000523558292043188,0.00000603875429736647,0.00556940599102607,13147.1117032451,38.7785441006971,376.282507133852,65.834473312856,"Mulanje","68",100417
"217",216,87231.1041674477,0.00000321368392440812,0.00000464932357595927,0.0000053800857148226,0.00523209640373115,13147.1118443359,38.7787428767726,376.282507188032,65.8344734375761,"Mulanje","68",100417
"218",217,87231.1041666421,0.00000285383294840632,0.0000041287161503058,0.00000479311790827437,0.00491521050504753,13147.1119767579,38.7789296136298,376.282507236145,65.83447354869,"Mulanje","68",100417
"219",218,87231.1041659268,0.00000253427608271837,0.0000036664054887879,0.00000427005944242999,0.00461751194042039,13147.1121010499,38.7791050404546,376.28250727887,65.8344736476796,"Mulanje","68",100417
"220",219,87231.1041652915,0.0000022504841023615,0.00000325583632612145,0.00000380394053655225,0.00433783695481696,13147.1122177175,38.7792698435734,376.282507316813,65.8344737358704,"Mulanje","68",100417
"221",220,87231.1041647274,0.00000199846050411599,0.00000289122667133383,0.00000338858570993389,0.00407509561227764,13147.1123272328,38.7794246657383,376.282507350509,65.8344738144364,"Mulanje","68",100417
"222",221,87231.1041642264,0.0000017746666767997,0.00000256745816690523,0.00000301850507839162,0.00382826553722459,13147.1124300374,38.7795701098256,376.282507380431,65.8344738844209,"Mulanje","68",100417
"223",222,87231.1041637816,0.00000157593514132881,0.00000227994801680588,0.000002688766413981,0.00359638296662961,13147.1125265465,38.7797067441216,376.282507407001,65.8344739467609,"Mulanje","68",100417
"224",223,87231.1041633865,0.00000139945781786918,0.00000202463337167198,0.00000239497922468394,0.00337854284573374,13147.1126171491,38.779835102268,376.282507430596,65.8344740022902,"Mulanje","68",100417
"225",224,87231.1041630357,0.00000124274343217718,0.00000179791044932491,0.00000213323323575352,0.00317389516728511,13147.1127022096,38.7799556854249,376.282507451549,65.8344740517513,"Mulanje","68",100417
"226",225,87231.1041627242,0.00000110357896012755,0.00000159657753202578,0.00000190004140156607,0.00298164129803691,13147.1127820697,38.7800689644419,376.282507470156,65.834474095806,"Mulanje","68",100417
"227",226,87231.1041624475,0.000000979998252005033,0.0000014177898837963,0.00000169229382574896,0.00280103082415538,13147.1128570497,38.7801753817209,376.282507486679,65.8344741350444,"Mulanje","68",100417
"228",227,87231.1041622019,0.000000870256077499039,0.0000012590229550308,0.00000150721973326598,0.00263135880744397,13147.1129274498,38.7802753528372,376.282507501351,65.8344741699921,"Mulanje","68",100417
"229",228,87231.1041619837,0.000000772803043718142,0.00000111803511358318,0.00000134234980756772,0.00247196299409108,13147.1129935517,38.7803692681875,376.282507514381,65.8344742011174,"Mulanje","68",100417
"230",229,87231.10416179,0.000000686263057659804,0.000000992835265640849,0.00000119548272277673,0.00232222118570339,13147.1130556195,38.7804574945429,376.282507525952,65.8344742288377,"Mulanje","68",100417
"231",230,87231.104161618,0.000000609413952679461,0.000000881655601123697,0.00000106465649423572,0.00218154883609399,13147.1131139008,38.7805403764674,376.282507536226,65.8344742535248,"Mulanje","68",100417
"232",231,87231.1041614652,0.000000541170534626461,0.000000782926103636151,0.000000948122498482117,0.00204939677558162,13147.1131686279,38.7806182376614,376.28250754535,65.83447427551,"Mulanje","68",100417
"233",232,87231.1041613296,0.000000480569216606648,0.000000695252433296504,0.000000844322322508559,0.00192524907189935,13147.1132200188,38.7806913822247,376.282507553453,65.8344742950885,"Mulanje","68",100417
"234",233,87231.1041612091,0.000000426754122595166,0.000000617396681352529,0.000000751867123849569,0.00180862102040675,13147.1132682778,38.7807600958424,376.282507560648,65.8344743125233,"Mulanje","68",100417
"235",234,87231.1041611021,0.000000378965312141437,0.000000548259425722727,0.000000669519225697121,0.00169905725542924,13147.1133135968,38.7808246468997,376.282507567038,65.8344743280489,"Mulanje","68",100417
"236",235,87231.1041610071,0.0000003365280529587,0.000000486864198045471,0.000000596175700566267,0.00159612997544645,13147.1133561556,38.7808852875293,376.282507572711,65.8344743418738,"Mulanje","68",100417
"237",236,87231.1041609228,0.000000298842972890931,0.000000432344140854546,0.00000053085371412195,0.00149943727364539,13147.1133961231,38.7809422545962,376.28250757775,65.8344743541841,"Mulanje","68",100417
"238",237,87231.1041608478,0.000000265377796024271,0.000000383929292713774,0.000000472677384475096,0.00140860156088181,13147.1134336578,38.7809957706287,376.282507582224,65.8344743651454,"Mulanje","68",100417
"239",238,87231.1041607813,0.000000235660100549241,0.000000340935894643173,0.000000420866452087206,0.00132326812889343,13147.1134689082,38.7810460446655,376.282507586198,65.8344743749055,"Mulanje","68",100417
"240",239,87231.1041607223,0.000000209270294782878,0.000000302756976938761,0.0000003747257569905,0.00124310375282294,13147.113502014,38.7810932730803,376.282507589726,65.8344743835955,"Mulanje","68",100417
"241",240,87231.1041606698,0.000000185835656207975,0.000000268853480921753,0.000000333635802792943,0.00116779536964847,13147.113533106,38.7811376403616,376.282507592859,65.8344743913329,"Mulanje","68",100417
"242",241,87231.1041606232,0.00000016502529335203,0.000000238746578812154,0.000000297044649538323,0.00109704887052574,13147.1135623071,38.7811793198248,376.282507595642,65.8344743982217,"Mulanje","68",100417
"243",242,87231.1041605819,0.000000146545346105069,0.000000212011101045815,0.00000026446056205108,0.00103058795480137,13147.1135897327,38.7812184742878,376.282507598112,65.8344744043549,"Mulanje","68",100417
"244",243,87231.1041605451,0.000000130134817165996,0.000000188269551590558,0.000000235445452465429,0.000968153052164243,13147.1136154911,38.7812552567075,376.282507600307,65.8344744098152,"Mulanje","68",100417
"245",244,87231.1041605125,0.000000115561977654479,0.000000167186648196992,0.000000209609042964715,0.000909500310119405,13147.1136396839,38.781289810776,376.282507602255,65.8344744146765,"Mulanje","68",100417
"246",245,87231.1041604835,0.000000102621053170535,0.00000014846464738347,0.000000186603657418848,0.000854400642645057,13147.1136624065,38.7813222714822,376.282507603985,65.8344744190042,"Mulanje","68",100417
"247",246,87231.1041604578,0.0000000911292831732034,0.000000131839190094922,0.000000166119579248233,0.000802638836388577,13147.1136837485,38.7813527656386,376.282507605522,65.8344744228569,"Mulanje","68",100417
"248",247,87231.104160435,0.0000000809243864096715,0.00000011707550167068,0.000000147880916278296,0.000754012710923401,13147.1137037939,38.7813814123764,376.282507606886,65.8344744262867,"Mulanje","68",100417
"249",248,87231.1041604147,0.0000000718622655207212,0.000000103965081893299,0.00000013164191384809,0.000708332329800462,13147.1137226217,38.781408323611,376.282507608098,65.8344744293398,"Mulanje","68",100417
"250",249,87231.1041603967,0.0000000638149446281828,0.0000000923228005158295,0.000000117183668205274,0.000665419259325897,13147.1137403061,38.7814336044784,376.282507609174,65.8344744320577,"Mulanje","68",100417
"251",250,87231.1041603807,0.0000000566687801246378,0.0000000819842569188472,0.000000104311198755441,0.000625105872181357,13147.1137569166,38.7814573537463,376.282507610129,65.834474434477,"Mulanje","68",100417
"252",251,87231.1041603665,0.0000000503228634018138,0.0000000728034476229731,0.000000092850838678373,0.000587234693177244,13147.1137725185,38.7814796641998,376.282507610978,65.8344744366306,"Mulanje","68",100417
"253",252,87231.1041603539,0.0000000446875800595277,0.0000000646507273861196,0.0000000826479089232544,0.000551657784592582,13147.1137871732,38.7815006230032,376.282507611731,65.8344744385475,"Mulanje","68",100417
"254",253,87231.1041603427,0.0000000396833485118301,0.0000000574109725035718,0.0000000735646460289798,0.000518236168708707,13147.1138009383,38.7815203120409,376.2825076124,65.8344744402538,"Mulanje","68",100417
"255",254,87231.1041603327,0.0000000352395040264428,0.0000000509819437403892,0.000000065478355771428,0.000486839285288417,13147.1138138679,38.7815388082371,376.282507612994,65.8344744417725,"Mulanje","68",100417
"256",255,87231.1041603239,0.0000000312932937743081,0.0000000452728527803549,0.0000000582797675467886,0.000457344481887871,13147.1138260128,38.7815561838561,376.282507613522,65.8344744431243,"Mulanje","68",100417
"257",256,87231.104160316,0.0000000277889896170368,0.0000000402030816833336,0.0000000518715682491484,0.000429636535016011,13147.1138374206,38.7815725067847,376.28250761399,65.8344744443275,"Mulanje","68",100417
"258",257,87231.1041603091,0.0000000246771062742213,0.0000000357010370209505,0.0000000461670961479426,0.000403607200276132,13147.1138481362,38.7815878407971,376.282507614406,65.8344744453983,"Mulanje","68",100417
"259",258,87231.1041603029,0.0000000219137002963392,0.0000000317031420888312,0.0000000410891769746814,0.000379154789736877,13147.1138582017,38.7816022458044,376.282507614776,65.8344744463514,"Mulanje","68",100417
"260",259,87231.1041602974,0.0000000194597474798928,0.0000000281529420611825,0.0000000365690869483835,0.000356183774885751,13147.1138676564,38.7816157780881,376.282507615104,65.8344744471996,"Mulanje","68",100417
"261",260,87231.1041602925,0.0000000172805943687081,0.0000000250003030339076,0.0000000325456290578211,0.000334604413617721,13147.1138765376,38.7816284905205,376.282507615395,65.8344744479545,"Mulanje","68",100417
"262",261,87231.1041602882,0.0000000153454687490457,0.0000000222007042743128,0.0000000289643100647268,0.000314332399804956,13147.11388488,38.7816404327706,376.282507615654,65.8344744486264,"Mulanje","68",100417
"263",262,87231.1041602844,0.0000000136270435272722,0.0000000197146118003553,0.0000000257766072899482,0.000295288534081616,13147.1138927164,38.7816516514987,376.282507615884,65.8344744492243,"Mulanje","68",100417
"264",263,87231.1041602809,0.0000000121010518153905,0.0000000175069186797252,0.0000000229393155177266,0.000277398414560108,13147.1139000774,38.7816621905383,376.282507616088,65.8344744497564,"Mulanje","68",100417
"265",264,87231.1041602779,0.0000000107459447022794,0.0000000155464486104308,0.0000000204139652041594,0.00026059214627284,13147.113906992,38.7816720910674,376.282507616269,65.83447445023,"Mulanje","68",100417
"266",265,87231.1041602752,0.00000000954258606255547,0.0000000138055169522638,0.0000000181663041924748,0.000244804068206378,13147.1139134873,38.7816813917694,376.28250761643,65.8344744506514,"Mulanje","68",100417
"267",266,87231.1041602728,0.00000000847398253657756,0.000000012259539475534,0.0000000161658360809656,0.000229972496863401,13147.1139195887,38.7816901289844,376.282507616573,65.8344744510264,"Mulanje","68",100417
"268",267,87231.1041602707,0.00000000752504401191842,0.0000000108866845412997,0.0000000143854090437985,0.000216039485352221,13147.11392532,38.7816983368507,376.2825076167,65.8344744513601,"Mulanje","68",100417
"269",268,87231.1041602688,0.00000000668237013847252,0.00000000966756537176638,0.0000000128008495699186,0.000202950597064113,13147.1139307039,38.7817060474386,376.282507616812,65.834474451657,"Mulanje","68",100417
"270",269,87231.1041602671,0.00000000593406102595194,0.0000000085849663820392,0.0000000113906362517677,0.000190654693055519,13147.1139357612,38.7817132908753,376.282507616912,65.8344744519213,"Mulanje","68",100417
"271",270,87231.1041602656,0.0000000052695472690594,0.00000000762359643700877,0.0000000101356053083697,0.000179103726852117,13147.113940512,38.7817200954664,376.282507617001,65.8344744521564,"Mulanje","68",100417
"272",271,87231.1041602643,0.00000000467946401330736,0.00000000676990700742507,0.00000000901873353521405,0.000168252617766384,13147.1139449747,38.7817264877698,376.28250761708,65.8344744523656,"Mulanje","68",100417
"273",272,87231.1041602632,0.00000000415547740830107,0.00000000601184141027885,0.00000000802483508875692,0.000158058973120462,13147.1139491668,38.7817324927599,376.28250761715,65.8344744525517,"Mulanje","68",100417
"274",273,87231.1041602621,0.00000000369016890732316,0.00000000533866705203103,0.00000000714035929323847,0.000148482919849229,13147.1139531047,38.7817381339267,376.282507617212,65.8344744527174,"Mulanje","68",100417
"275",274,87231.1041602612,0.00000000327696260150418,0.00000000474087033173529,0.00000000635326438653333,0.00013948702637198,13147.113956804,38.7817434333217,376.282507617267,65.8344744528648,"Mulanje","68",100417
"276",275,87231.1041602604,0.00000000291002505632445,0.00000000421001186468319,0.00000000565284203824976,0.000131036145400286,13147.1139602789,38.7817484116508,376.282507617317,65.8344744529959,"Mulanje","68",100417
"277",276,87231.1041602597,0.00000000258417531905722,0.00000000373859624680821,0.00000000502955890561278,0.000123097258358128,13147.1139635432,38.7817530883655,376.28250761736,65.8344744531125,"Mulanje","68",100417
"278",277,87231.104160259,0.00000000229481256757264,0.00000000331996733988932,0.00000000447492892912176,0.00011563934693853,13147.1139666097,38.7817574817392,376.282507617399,65.8344744532163,"Mulanje","68",100417
"279",278,87231.1041602584,0.00000000203785117977575,0.00000000294821435761352,0.0000000039813984970129,0.000108633271963594,13147.1139694903,38.7817616089379,376.282507617433,65.8344744533087,"Mulanje","68",100417
"280",279,87231.1041602579,0.00000000180966301572393,0.00000000261808837492129,0.00000000354224408676245,0.000102051659540028,13147.1139721962,38.7817654860879,376.282507617464,65.8344744533909,"Mulanje","68",100417
"281",280,87231.1041602575,0.00000000160702619610815,0.00000000232492821386958,0.00000000315148116605383,0.0000958687941239692,13147.1139747382,38.7817691283383,376.282507617491,65.834474453464,"Mulanje","68",100417
"282",281,87231.1041602571,0.00000000142707961235949,0.00000000206459462996487,0.00000000280378307516727,0.0000900605180624911,13147.1139771261,38.7817725499206,376.282507617515,65.834474453529,"Mulanje","68",100417
"283",282,87231.1041602567,0.00000000126728252792978,0.00000000183341187058925,0.00000000249440880030762,0.0000846041372198484,13147.1139793692,38.781775764204,376.282507617536,65.8344744535869,"Mulanje","68",100417
"284",283,87231.1041602564,0.00000000112537870462827,0.00000000162811577561514,0.00000000221913866563713,0.0000794783323200427,13147.1139814764,38.7817787837476,376.282507617555,65.8344744536384,"Mulanje","68",100417
"285",284,87231.1041602561,0.000000000999364546465646,0.00000000144580768863768,0.00000000197421707702192,0.0000746630756595334,13147.1139834559,38.7817816203499,376.282507617572,65.8344744536842,"Mulanje","68",100417
"286",285,87231.1041602559,0.000000000887460809989707,0.0000000012839135298519,0.00000000175630154536936,0.0000701395528648744,13147.1139853154,38.7817842850944,376.282507617587,65.8344744537249,"Mulanje","68",100417
"287",286,87231.1041602557,0.000000000788087482258451,0.00000000114014745187782,0.0000000015624173018861,0.0000658900893897499,13147.1139870623,38.7817867883931,376.2825076176,65.8344744537612,"Mulanje","68",100417
"288",287,87231.1041602555,0.000000000699841472088091,0.00000000101247956487523,0.00000000138991689276285,0.0000618980814643778,13147.1139887032,38.7817891400274,376.282507617612,65.8344744537934,"Mulanje","68",100417
"289",288,87231.1041602553,0.000000000621476799311709,0.000000000899107275648836,0.00000000123644420775427,0.0000581479312276272,13147.1139902447,38.7817913491858,376.282507617623,65.8344744538221,"Mulanje","68",100417
"290",289,87231.1041602551,0.000000000551887002256948,0.00000000079842983617935,0.00000000109990245679849,0.0000546249857885244,13147.1139916928,38.7817934245004,376.282507617632,65.8344744538476,"Mulanje","68",100417
"291",290,87231.104160255,0.000000000490089515164221,0.000000000709025742051367,0.000000000978425661980455,0.0000513154799791583,13147.1139930532,38.7817953740801,376.28250761764,65.8344744538703,"Mulanje","68",100417
"292",291,87231.1041602549,0.000000000435211794970181,0.000000000629632661648856,0.000000000870353279489007,0.0000482064825754076,13147.1139943311,38.7817972055427,376.282507617648,65.8344744538905,"Mulanje","68",100417
"293",292,87231.1041602548,0.000000000386479001530491,0.00000000055912961279503,0.000000000774207608393049,0.0000452858457754492,13147.1139955315,38.7817989260444,376.282507617654,65.8344744539085,"Mulanje","68",100417
"294",293,87231.1041602547,0.000000000343203057340173,0.000000000496521135172804,0.000000000688673680631646,0.0000425421577387277,13147.1139966592,38.7818005423078,376.28250761766,65.8344744539244,"Mulanje","68",100417
"295",294,87231.1041602546,0.000000000304772932296782,0.00000000044092323502779,0.000000000612581360075783,0.0000399646980000118,13147.1139977186,38.7818020606482,376.282507617665,65.8344744539387,"Mulanje","68",100417
"296",295,87231.1041602545,0.00000000027064601632801,0.000000000391550903708964,0.000000000544889408323363,0.0000375433955843922,13147.1139987138,38.7818034869985,376.28250761767,65.8344744539513,"Mulanje","68",100417
"297",296,87231.1041602544,0.000000000240340458065752,0.000000000347707033823205,0.000000000484671301434736,0.0000352687896596198,13147.1139996487,38.7818048269318,376.282507617674,65.8344744539625,"Mulanje","68",100417
"298",297,87231.1041602544,0.000000000213428361396103,0.000000000308772576502504,0.000000000431102605458878,0.0000331319925720905,13147.1140005269,38.7818060856838,376.282507617677,65.8344744539725,"Mulanje","68",100417
"299",298,87231.1041602543,0.000000000189524238014211,0.000000000274189835402038,0.00000000038343908993293,0.0000311245273838858,13147.114001352,38.7818072682483,376.28250761768,65.8344744539814,"Mulanje","68",100417
"300",299,87231.1041602543,0.000000000168293629960233,0.000000000243474941155318,0.00000000034103371327533,0.0000292385955575972,13147.1140021271,38.7818083792192,376.282507617683,65.8344744539894,"Mulanje","68",100417
"301",300,87231.1041602542,0.000000000149427328431523,0.00000000021618055303375,0.000000000303287103426599,0.0000274665697448202,13147.1140028553,38.7818094230898,376.282507617686,65.8344744539964,"Mulanje","68",100417
"302",301,87231.1041602542,0.000000000132676471420892,0.000000000191946635648226,0.000000000269715899638025,0.0000258019415916823,13147.1140035395,38.781810403694,376.282507617688,65.8344744540027,"Mulanje","68",100417
"303",302,87231.1041602542,0.000000000117803450375453,0.000000000170429434285966,0.000000000239857872141126,0.0000242381993240635,13147.1140041822,38.7818113248678,376.28250761769,65.8344744540082,"Mulanje","68",100417
"304",303,87231.1041602542,0.000000000104597692296926,0.000000000151324307301421,0.000000000213302562621878,0.0000227692283287222,13147.1140047859,38.7818121902134,376.282507617692,65.8344744540132,"Mulanje","68",100417
"305",304,87231.1041602541,0.0000000000928722984783442,0.000000000134360863285886,0.000000000189684957721243,0.0000213892849839329,13147.114005353,38.7818130031141,376.282507617693,65.8344744540176,"Mulanje","68",100417
"306",305,87231.1041602541,0.0000000000824613204712302,0.000000000119299020135612,0.000000000168680346217999,0.0000200929737557518,13147.1140058857,38.7818137667485,376.282507617695,65.8344744540215,"Mulanje","68",100417
"307",306,87231.1041602541,0.0000000000732174123539893,0.000000000105925608525071,0.000000000149999874795099,0.000018875226104018,13147.1140063862,38.7818144841023,376.282507617696,65.834474454025,"Mulanje","68",100417
"308",307,87231.1041602541,0.0000000000650097456744437,0.0000000000940513553979808,0.000000000133386592601435,0.000017731280665787,13147.1140068563,38.7818151579804,376.282507617697,65.8344744540281,"Mulanje","68",100417
"309",308,87231.104160254,0.0000000000577221578416693,0.0000000000835082051957533,0.000000000118611931214242,0.0000166566646392443,13147.1140072979,38.7818157910177,376.282507617698,65.8344744540309,"Mulanje","68",100417
"310",309,87231.104160254,0.0000000000512515080828624,0.000000000074146941375879,0.00000000010547257258266,0.000015647176295791,13147.1140077128,38.7818163856894,376.282507617699,65.8344744540333,"Mulanje","68",100417
"311",310,87231.104160254,0.0000000000455062176984572,0.0000000000658350745595669,0.0000000000937876622400203,0.0000146988685519372,13147.1140081025,38.7818169443206,376.2825076177,65.8344744540355,"Mulanje","68",100417
"312",311,87231.104160254,0.0000000000404049739545484,0.0000000000584549674178972,0.0000000000833963297649497,0.000013808033536778,13147.1140084686,38.7818174690955,376.2825076177,65.8344744540374,"Mulanje","68",100417
"313",312,87231.104160254,0.0000000000358755792688761,0.000000000051902169758094,0.0000000000741554826545336,0.0000129711880947197,13147.1140088125,38.7818179620661,376.282507617701,65.8344744540391,"Mulanje","68",100417
"314",313,87231.104160254,0.0000000000318539294029795,0.0000000000460839402465091,0.0000000000659378434946278,0.0000121850601667827,13147.1140091356,38.7818184251599,376.282507617701,65.8344744540407,"Mulanje","68",100417
"315",314,87231.1041602539,0.000000000028283106198937,0.000000000040917933846352,0.0000000000586302036254033,0.0000114465759972353,13147.1140094391,38.7818188601876,376.282507617702,65.834474454042,"Mulanje","68",100417
"316",315,87231.1041602539,0.000000000025112572020252,0.0000000000363310363935572,0.0000000000521318694492091,0.0000107528481155462,13147.1140097241,38.7818192688501,376.282507617702,65.8344744540432,"Mulanje","68",100417
"317",316,87231.1041602539,0.000000000022297454495859,0.0000000000322583298166131,0.0000000000463532801527917,0.0000101011640466689,13147.114009992,38.7818196527453,376.282507617703,65.8344744540443,"Mulanje","68",100417
"318",317,87231.1041602539,0.000000000019797911444274,0.0000000000286421733551736,0.0000000000412147779523598,0.00000948897570552111,13147.1140102435,38.7818200133742,376.282507617703,65.8344744540453,"Mulanje","68",100417
"319",318,87231.1041602539,0.0000000000175785669897032,0.0000000000254313877739983,0.0000000000366455140496035,0.00000891388943419528,13147.1140104799,38.781820352147,376.282507617703,65.8344744540461,"Mulanje","68",100417
"320",319,87231.1041602539,0.0000000000156080108894948,0.0000000000225805310264505,0.0000000000325824753377547,0.0000083736566429506,13147.1140107019,38.7818206703882,376.282507617704,65.8344744540469,"Mulanje","68",100417
"321",320,87231.1041602539,0.0000000000138583539869481,0.0000000000200492551160659,0.0000000000289696185442155,0.00000786616501839564,13147.1140109104,38.7818209693422,376.282507617704,65.8344744540475,"Mulanje","68",100417
"322",321,87231.1041602539,0.0000000000123048334978307,0.0000000000178017350538936,0.0000000000257570999625336,0.00000738943026448881,13147.1140111063,38.7818212501779,376.282507617704,65.8344744540481,"Mulanje","68",100417
"323",322,87231.1041602539,0.0000000000109254625442483,0.0000000000158061618296773,0.0000000000229005902314723,0.00000694158834406695,13147.1140112904,38.7818215139933,376.282507617704,65.8344744540487,"Mulanje","68",100417
"324",323,87231.1041602539,0.00000000000970071897574364,0.0000000000140342922209318,0.0000000000203606647803195,0.00000652088819056851,13147.1140114632,38.7818217618199,376.282507617704,65.8344744540491,"Mulanje","68",100417
"325",324,87231.1041602539,0.00000000000861326907352714,0.0000000000124610490683891,0.0000000000181022615931859,0.0000061256848614566,13147.1140116256,38.7818219946269,376.282507617704,65.8344744540496,"Mulanje","68",100417
"326",325,87231.1041602539,0.00000000000764772222744366,0.0000000000110641663605385,0.0000000000160941988648937,0.0000057544331065734,13147.1140117782,38.7818222133244,376.282507617705,65.8344744540499,"Mulanje","68",100417
"327",326,87231.1041602539,0.00000000000679041311363387,0.00000000000982387410416453,0.0000000000143087459396639,0.00000540568132628019,13147.1140119215,38.7818224187676,376.282507617705,65.8344744540503,"Mulanje","68",100417
"328",327,87231.1041602539,0.00000000000602920829006411,0.00000000000872261852087494,0.0000000000127212416522969,0.00000507806589576049,13147.1140120561,38.7818226117597,376.282507617705,65.8344744540506,"Mulanje","68",100417
"329",328,87231.1041602539,0.00000000000535333447268342,0.00000000000774481360957762,0.0000000000113097548398185,0.00000477030583329585,13147.1140121826,38.7818227930554,376.282507617705,65.8344744540508,"Mulanje","68",100417
"330",329,87231.1041602539,0.00000000000475322606181117,0.00000000000687662055878629,0.0000000000100547823684521,0.00000448119779166829,13147.1140123014,38.7818229633636,376.282507617705,65.834474454051,"Mulanje","68",100417
"331",330,87231.1041602539,0.00000000000422038976080563,0.00000000000610575188679089,0.00000000000893898053412875,0.00000420961135310687,13147.114012413,38.78182312335,376.282507617705,65.8344744540512,"Mulanje","68",100417
"332",331,87231.1041602539,0.00000000000374728437097016,0.00000000000542129753770075,0.00000000000794692615155014,0.00000395448460938244,13147.1140125179,38.7818232736404,376.282507617705,65.8344744540514,"Mulanje","68",100417
"333",332,87231.1041602539,0.00000000000332721406144173,0.00000000000481357047210897,0.00000000000706490405329697,0.00000371482000976953,13147.1140126163,38.7818234148223,376.282507617705,65.8344744540516,"Mulanje","68",100417
"334",333,87231.1041602539,0.00000000000295423360351739,0.00000000000427396956703215,0.00000000000628071808216226,0.00000348968046064171,13147.1140127089,38.7818235474478,376.282507617705,65.8344744540517,"Mulanje","68",100417
"335",334,87231.1041602539,0.00000000000262306422820587,0.00000000000379485788475716,0.0000000000055835229817196,0.00000327818566145028,13147.1140127958,38.7818236720354,376.282507617705,65.8344744540519,"Mulanje","68",100417
"336",335,87231.1041602539,0.00000000000232901891614162,0.0000000000033694545877414,0.00000000000496367487649347,0.00000307950866276065,13147.1140128774,38.7818237890723,376.282507617705,65.834474454052,"Mulanje","68",100417
"337",336,87231.1041602539,0.00000000000206793606249423,0.00000000000299173896984501,0.0000000000044125982878896,0.00000289287263288869,13147.1140129541,38.781823899016,376.282507617705,65.8344744540521,"Mulanje","68",100417
"338",337,87231.1041602539,0.0000000000018361205780366,0.00000000000265636524565506,0.00000000000392266785874402,0.00000271754782049508,13147.1140130262,38.7818240022966,376.282507617705,65.8344744540522,"Mulanje","68",100417
"339",338,87231.1041602539,0.0000000000016302915927793,0.00000000000235858689192046,0.00000000000348710316105249,0.00000255284870126171,13147.1140130938,38.7818240993177,376.282507617705,65.8344744540523,"Mulanje","68",100417
"340",339,87231.1041602539,0.00000000000144753602202364,0.00000000000209418947030652,0.00000000000309987514090085,0.00000239813129749399,13147.1140131574,38.7818241904588,376.282507617705,65.8344744540523,"Mulanje","68",100417
"341",340,87231.1041602539,0.000000000001285267337657,0.00000000000185943098071394,0.00000000000275562291428295,0.00000225279066016896,13147.1140132171,38.7818242760762,376.282507617705,65.8344744540524,"Mulanje","68",100417
"342",341,87231.1041602539,0.00000000000114118896118284,0.00000000000165098890098648,0.00000000000244957976954513,0.00000211625850358426,13147.1140132732,38.7818243565047,376.282507617705,65.8344744540525,"Mulanje","68",100417
"343",342,87231.1041602539,0.00000000000101326176038959,0.00000000000146591316346356,0.00000000000217750735857721,0.00000198800098335963,13147.1140133259,38.7818244320588,376.282507617705,65.8344744540525,"Mulanje","68",100417
"344",343,87231.1041602539,0.000000000000899675189640501,0.00000000000130158440285805,0.00000000000193563717130588,0.00000186751660910315,13147.1140133755,38.7818245030339,376.282507617705,65.8344744540526,"Mulanje","68",100417
"345",344,87231.1041602539,0.000000000000798821665334981,0.00000000000115567688454382,0.00000000000172061848807435,0.00000175433428358085,13147.114013422,38.7818245697074,376.282507617705,65.8344744540526,"Mulanje","68",100417
"346",345,87231.1041602539,0.000000000000709273813878914,0.00000000000102612558857973,0.00000000000152947209348049,0.00000164801146072298,13147.1140134657,38.7818246323402,376.282507617705,65.8344744540526,"Mulanje","68",100417
"347",346,87231.1041602539,0.000000000000629764270155819,0.000000000000911096983612093,0.00000000000135954911441088,0.00000154813241526494,13147.1140135067,38.781824691177,376.282507617705,65.8344744540527,"Mulanje","68",100417
"348",347,87231.1041602539,0.000000000000559167740587979,0.000000000000808963077020621,0.00000000000120849441543409,0.00000145430661725711,13147.1140135452,38.781824746448,376.282507617705,65.8344744540527,"Mulanje","68",100417
"349",348,87231.1041602539,0.000000000000496485076927123,0.000000000000718278374041129,0.00000000000107421404736652,0.00000136616720508823,13147.1140135815,38.7818247983693,376.282507617705,65.8344744540527,"Mulanje","68",100417
"350",349,87231.1041602539,0.000000000000440829135372032,0.000000000000637759419768941,0.000000000000954846300556114,0.00000128336955105166,13147.1140136155,38.7818248471438,376.282507617705,65.8344744540527,"Mulanje","68",100417
"351",350,87231.1041602539,0.000000000000391412220878047,0.000000000000566266634502247,0.000000000000848735964006095,0.00000120558991384617,13147.1140136475,38.7818248929623,376.282507617705,65.8344744540527,"Mulanje","68",100417
"352",351,87231.1041602539,0.000000000000347534938958586,0.00000000000050278818534217,0.000000000000754411435562288,0.00000113252417274247,13147.1140136775,38.7818249360039,376.282507617705,65.8344744540528,"Mulanje","68",100417
"353",352,87231.1041602539,0.000000000000308576297198905,0.00000000000044642566578531,0.000000000000670564367616938,0.00000106388663846617,13147.1140137057,38.781824976437,376.282507617705,65.8344744540528,"Mulanje","68",100417
"354",353,87231.1041602539,0.000000000000273984916389468,0.000000000000396381380632935,0.000000000000596031567677552,0.000000999408936147685,13147.1140137322,38.7818250144196,376.282507617705,65.8344744540528,"Mulanje","68",100417
"355",354,87231.1041602539,0.000000000000243271226890625,0.000000000000351947056260943,0.000000000000529778904189178,0.000000938838955971578,13147.1140137571,38.7818250501002,376.282507617705,65.8344744540528,"Mulanje","68",100417
"356",355,87231.1041602539,0.000000000000216000539784259,0.000000000000312493816467755,0.000000000000470886995608391,0.000000881939867422283,13147.1140137804,38.7818250836184,376.282507617705,65.8344744540528,"Mulanje","68",100417
"357",356,87231.1041602539,0.00000000000019178689474883,0.000000000000277463282028933,0.00000000000041853848528578,0.000000828489193272002,13147.1140138024,38.7818251151052,376.282507617705,65.8344744540528,"Mulanje","68",100417
"358",357,87231.1041602539,0.000000000000170287597587195,0.000000000000246359667991098,0.000000000000372006726557789,0.000000778277939690057,13147.114013823,38.7818251446837,376.282507617705,65.8344744540529,"Mulanje","68",100417
"359",358,87231.1041602539,0.00000000000015119837009716,0.000000000000218742766858626,0.000000000000330645721878174,0.000000731109779072452,13147.1140138424,38.7818251724695,376.282507617705,65.8344744540529,"Mulanje","68",100417
"360",359,87231.1041602539,0.000000000000134249043641195,0.000000000000194221718364615,0.00000000000029388117710071,0.000000686800282396504,13147.1140138606,38.7818251985714,376.282507617705,65.8344744540529,"Mulanje","68",100417
"361",360,87231.1041602539,0.000000000000119199735466686,0.000000000000172449477650083,0.000000000000261202547395411,0.000000645176198099079,13147.1140138777,38.7818252230913,376.282507617705,65.8344744540529,"Mulanje","68",100417
"362",361,87231.1041602539,0.000000000000105837453660399,0.000000000000153117903559876,0.000000000000232155964951523,0.00000060607477465883,13147.1140138938,38.7818252461252,376.282507617705,65.8344744540529,"Mulanje","68",100417
"363",362,87231.1041602539,0.0000000000000939730826873163,0.000000000000135953397540257,0.000000000000206337950779601,0.000000569343124233756,13147.1140139089,38.7818252677631,376.282507617705,65.8344744540529,"Mulanje","68",100417
"364",363,87231.1041602539,0.0000000000000834387068503468,0.000000000000120713031415763,0.000000000000183389823739267,0.000000534837624865891,13147.1140139231,38.7818252880897,376.282507617705,65.8344744540529,"Mulanje","68",100417
"365",364,87231.1041602539,0.0000000000000740852337900137,0.000000000000107181109241998,0.000000000000162992729537261,0.00000050242335891576,13147.1140139364,38.7818253071843,376.282507617705,65.8344744540529,"Mulanje","68",100417
"366",365,87231.1041602539,0.0000000000000657802843896564,0.0000000000000951661145744786,0.000000000000144863220994428,0.000000471973585530868,13147.1140139489,38.7818253251217,376.282507617705,65.8344744540529,"Mulanje","68",100417
