"","time","S","E","I","H","C","R","D","inci","hosp","crits","lvl2","lvl3","lvl4","ID","POP","runNum"
"1",1,18841349.6633035,0,1,0,0,0,0,0,0,0,"Malawi","All","All",1,18841350.6633035,482
"2",2,18841349.003753,0.555496468625539,0.802646898791104,0.00890161417090164,9.83033916397357e-05,0.292406008476625,1.21863584905287e-06,0.659550512091658,0.00963188151890526,0.000100357826157354,"Malawi","All","All",1,18841350.6633035,482
"3",3,18841348.416566,0.892487747640647,0.784504785698028,0.0155761565247985,0.000346697608604632,0.553813337158193,8.80710775383412e-06,1.24673753173802,0.0182069881803512,0.000361545051492449,"Malawi","All","All",1,18841350.6633035,482
"4",4,18841347.8062788,1.15335302411966,0.85503228627536,0.0216219922835707,0.000709319058066965,0.826280650388019,2.73893704330197e-05,1.85702466149511,0.0271194423439767,0.000755493366887073,"Malawi","All","All",1,18841350.6633035,482
"5",5,18841347.1223311,1.40226767853621,0.977508922436342,0.0278084777298908,0.00117542559971416,1.13215105666892,6.08114791269303e-05,2.54097237245021,0.0371076143639061,0.00127794449564428,"Malawi","All","All",1,18841350.6633035,482
"6",6,18841346.3317035,1.67043116657761,1.13866510490553,0.0345607438149152,0.00174661285782398,1.48608359404116,0.000112779477016257,3.33160000167406,0.0486537091119786,0.00193674188664024,"Malawi","All","All",1,18841350.6633035,482
"7",7,18841345.4068815,1.97555781383191,1.33572714110263,0.0421700791617959,0.00243149762256887,1.90034824816082,0.000187191771943171,4.25642197165167,0.0621595393939886,0.00274707445217964,"Malawi","All","All",1,18841350.6633035,482
"8",8,18841344.3203376,2.33034810861939,1.5709423217868,0.0508870129630798,0.00324364947992291,2.38725643156758,0.000288347197141067,5.34296587161391,0.0780271104146888,0.00372975895661804,"Malawi","All","All",1,18841350.6633035,482
"9",9,18841343.0417403,2.74626196761084,1.84932107212676,0.0609646194589708,0.00420096525498779,2.9603934920565,0.000421108295626657,6.62156322480369,0.0966993753666236,0.0049108897323147,"Malawi","All","All",1,18841350.6633035,482
"10",10,18841341.5362597,3.23529717430523,2.17777857497146,0.0726809718959651,0.00532572311073057,3.63537036145664,0.000591055924379061,8.1270438616644,0.11868497962144,0.00632215341747947,"Malawi","All","All",1,18841350.6633035,482
"11",11,18841339.7632582,3.81094024642681,2.56489491325448,0.0863532757788052,0.00664499335662153,4.43040722702156,0.000804652244776991,9.90004530808305,0.144577382739284,0.00800151454187426,"Malawi","All","All",1,18841350.6633035,482
"12",12,18841337.6750354,4.48880145526525,3.02096172928157,0.102349275597746,0.00819128233678407,5.36689499399128,0.00106942341781169,11.9882681598904,0.175073191712621,0.00999416741127857,"Malawi","All","All",1,18841350.6633035,482
"13",13,18841335.215479,5.28714790581211,3.55818137377504,0.121098318316533,0.0100033662873333,6.46999942052032,0.00139416842517959,14.4478245531365,0.210991853801371,0.0123537220053997,"Malawi","All","All",1,18841350.6633035,482
"14",14,18841332.3185282,6.22744491514218,4.19096023193513,0.143103404624335,0.0121273120556999,7.76935028992367,0.00178920119807495,17.3447753548791,0.253298105454153,0.0151436328894793,"Malawi","All","All",1,18841350.6633035,482
"15",15,18841328.9063799,7.3349554341555,4.93628318300533,0.168954953343126,0.0146177072985546,9.299845753341,0.00226663397206082,20.7569236651156,0.303128164417148,0.0184389071053932,"Malawi","All","All",1,18841350.6633035,482
"16",16,18841324.887397,8.63942126485225,5.81416435048831,0.199346778088381,0.017539121588907,11.1025942892805,0.00284070831667733,24.7759065126151,0.361820399178523,0.0223281233442733,"Malawi","All","All",1,18841350.6633035,482
"17",17,18841320.8848143,9.55197006945698,6.7522756252194,0.234745953429922,0.0209658946410951,13.2150034984359,0.00352815409148311,28.7784891952747,0.430588057541161,0.0269138253167367,"Malawi","All","All",1,18841350.6633035,482
"18",18,18841316.278878,10.7129192660312,7.72095172727203,0.274703519970535,0.0249670398571375,15.6465356532788,0.00434834241480559,33.3844255488245,0.509721996820173,0.0322976831812627,"Malawi","All","All",1,18841350.6633035,482
"19",19,18841311.0306408,12.0844140960182,8.77605908256118,0.319196021748482,0.0296012743795501,18.4180693366212,0.00532289290534994,38.6326627042339,0.599891238664878,0.0385748614661552,"Malawi","All","All",1,18841350.6633035,482
"20",20,18841305.0733629,13.6627616806533,9.95214850131515,0.368643287992508,0.0349285040223601,21.5649831309989,0.00647552046991084,44.5899406254521,0.702242442972572,0.045845245707964,"Malawi","All","All",1,18841350.6633035,482
"21",21,18841298.3213697,15.4612602594534,11.2755342586858,0.423705675271125,0.0410164588537979,25.1325849646149,0.00783221055079545,51.3419338274299,0.818247584568935,0.054220373474652,"Malawi","All","All",1,18841350.6633035,482
"22",22,18841290.6731467,17.5027577827492,12.7703046743013,0.485201195480205,0.0479441876530002,29.1745274548353,0.00942156792007,58.9901568629392,0.949650787847989,0.0638275168362979,"Malawi","All","All",1,18841350.6633035,482
"23",23,18841282.0117384,19.8166064074594,14.4611830013321,0.554077079642263,0.0558042719429266,33.7526191009191,0.0112752624313994,67.6515651237272,1.0984614694541,0.0748126478677542,"Malawi","All","All",1,18841350.6633035,482
"24",24,18841272.2038237,22.4375855864306,16.3750319783575,0.631406209982495,0.0647046278029082,38.9373228988777,0.0134285467233733,77.4594798481746,1.26697023231376,0.0873431132301881,"Malawi","All","All",1,18841350.6633035,482
"25",25,18841261.0980395,25.4057727714006,18.5417579223089,0.718396005264232,0.0747702634896274,44.8086461837376,0.0159208366155813,88.5652639828166,1.45777766043156,0.101610370251486,"Malawi","All","All",1,18841350.6633035,482
"26",26,18841248.522822,28.7668531230186,20.9949993232315,0.816403688711577,0.0861451928258392,51.4572838030307,0.018796355944158,101.140481486762,1.67383142023682,0.117832987409533,"Malawi","All","All",1,18841350.6633035,482
"27",27,18841234.2838164,32.5726990024041,23.7727446547562,0.926956128423707,0.0989946071894536,58.9859878274372,0.0221048581797616,115.37948707839,1.91847075807568,0.136260032859352,"Malawi","All","All",1,18841350.6633035,482
"28",28,18841218.1609113,36.8821080663754,26.9179655058663,1.05177295105171,0.113507353328154,67.5111359064535,0.0259024268097623,131.502392209885,2.19547746257094,0.157174901570238,"Malawi","All","All",1,18841350.6633035,482
"29",29,18841199.9049138,41.7616690094821,30.4792878741458,1.19279257201876,0.129898723357318,77.164489194923,0.0302523552432959,149.75838972917,2.50913299070032,0.180899588709649,"Malawi","All","All",1,18841350.6633035,482
"30",30,18841179.2336269,47.2867984990907,34.5117687541743,1.35220284280851,0.148413776755138,88.0952666050167,0.0352261726005758,170.429676650446,2.86428587169867,0.207799740962936,"Malawi","All","All",1,18841350.6633035,482
"31",31,18841155.8275205,53.5428967057513,39.0777418581998,1.53247478607723,0.169331036285698,100.472433917955,0.0409047649636334,193.835783069232,3.26642609077561,0.238290242714471,"Malawi","All","All",1,18841350.6633035,482
"32",32,18841129.3248448,60.626648431698,44.2477754791717,1.73640050691485,0.192966693589712,114.48728794492,0.0473796350482875,220.338458691343,3.72176905570269,0.27284154525356,"Malawi","All","All",1,18841350.6633035,482
"33",33,18841099.3159566,68.6475376397423,50.1017809763761,1.96713712169534,0.219679516425693,130.35645730306,0.0547543584369215,250.347346915737,4.23735309791492,0.311987029002373,"Malawi","All","All",1,18841350.6633035,482
"34",34,18841065.3368638,77.7295746507178,56.7302694807983,2.22825665135715,0.249876453017021,148.325316276763,0.0631462340496282,284.326439746703,4.82115039340846,0.356331390306096,"Malawi","All","All",1,18841350.6633035,482
"35",35,18841026.8623975,88.0131199375891,64.2356844899353,2.52379866397278,0.284018587006319,168.671596358344,0.0726880257978444,322.800906062646,5.48218430273213,0.406559532550193,"Malawi","All","All",1,18841350.6633035,482
"36",36,18840983.2978687,99.657109661419,72.7340329133191,2.85833453434695,0.322628424269177,191.709799205555,0.083530089653965,366.365434828563,6.23067274747624,0.46344743888967,"Malawi","All","All",1,18841350.6633035,482
"37",37,18840933.9699079,112.841507090879,82.356667881161,3.23703797134031,0.366297907669405,217.796042104525,0.0958427034266252,415.693395659002,7.07818563810387,0.527874114650775,"Malawi","All","All",1,18841350.6633035,482
"38",38,18840878.1160822,127.770077890446,93.2523122985874,3.66576487356694,0.415697515395166,247.333550042858,0.109818705710091,471.547221326563,8.03782330771061,0.600835134534052,"Malawi","All","All",1,18841350.6633035,482
"39",39,18840814.8731125,144.673531566661,105.589363440543,4.15114383746062,0.471586605430313,280.778889110037,0.12567649038807,534.79019105052,9.12441902751809,0.683458035363224,"Malawi","All","All",1,18841350.6633035,482
"40",40,18840743.2635371,163.81308789787,119.558489834612,4.70067865083299,0.534825121990893,318.649021507693,0.143663392315529,606.399766405314,10.3547682170817,0.777019730265801,"Malawi","All","All",1,18841350.6633035,482
"41",41,18840662.1806116,185.484515321553,135.375571349353,5.32286431793849,0.60638685901978,361.529294571222,0.164059519914561,687.482691939001,11.747887998579,0.882966233340886,"Malawi","All","All",1,18841350.6633035,482
"42",42,18840570.3712199,210.022685205019,153.285041501447,6.02731818633197,0.687374492858504,410.082482135634,0.187182093910283,779.2920836152,13.32531093552,1.00293500677919,"Malawi","All","All",1,18841350.6633035,482
"43",43,18840466.4165353,237.806739085076,173.563656278085,6.82492844790862,0.779036588256374,465.059017434893,0.213390355068803,883.246768189289,15.1114174850165,1.13878024057124,"Malawi","All","All",1,18841350.6633035,482
"44",44,18840348.7101377,269.265943065724,196.52475010543,7.72802222688886,0.882786838891004,527.308572523549,0.243091116023609,1000.95316587651,17.1338121979472,1.29260145256197,"Malawi","All","All",1,18841350.6633035,482
"45",45,18840215.4331132,304.886321243168,222.523105694398,8.75055657629209,1.00022599518607,597.793235741292,0.276745083218879,1134.23019033356,19.4237518293507,1.46677607410244,"Malawi","All","All",1,18841350.6633035,482
"46",46,18840064.5263282,345.217833835785,251.960419054741,9.90833365335366,1.13316653940021,677.602348244016,0.314873972323801,1285.13697529962,22.0166273524,1.66399612064409,"Malawi","All","All",1,18841350.6633035,482
"47",47,18840015.3253026,287.33730100633,269.099470931526,11.1599602371546,1.28334013498745,766.099862425642,0.358066186690811,1334.33800092233,24.890864350934,1.88698521411522,"Malawi","All","All",1,18841350.6633035,482
"48",48,18839964.8626451,247.15095038888,267.498362817777,12.2988486186224,1.44957807548185,856.995987632837,0.40693093448828,1384.80065846809,27.8388442040424,2.13560168027653,"Malawi","All","All",1,18841350.6633035,482
"49",49,18839915.6861536,217.433197125498,256.493476767767,13.2043215237328,1.62716735659976,945.757021622057,0.46196549266096,1433.97714988832,30.7116950676556,2.40597084806829,"Malawi","All","All",1,18841350.6633035,482
"50",50,18839869.0338,194.13552910699,241.15850582775,13.8433255484655,1.81020301220504,1030.15846862987,0.523471437486673,1480.62950356277,33.4370947766349,2.69269616304708,"Malawi","All","All",1,18841350.6633035,482
"51",51,18839825.4345577,174.96862464655,224.220850493047,14.2256108610754,1.99294549772904,1109.22917503332,0.591539327681194,1524.2287458594,35.9841398348469,2.99019074885252,"Malawi","All","All",1,18841350.6633035,482
"52",52,18839785.0393037,158.61856324876,207.119412225084,14.3798382066693,2.17041706631735,1182.6697022045,0.666066865652149,1564.62399981698,38.3440148212962,3.29330440046309,"Malawi","All","All",1,18841350.6633035,482
"53",53,18839747.8020848,144.314419623053,190.587099628309,14.3411436741356,2.33860202145195,1250.53316315147,0.746790590610281,1601.86121868903,40.5194031113579,3.59757726657912,"Malawi","All","All",1,18841350.6633035,482
"54",54,18839713.57931,131.588848842937,174.972382125966,14.1448847205591,2.49445100931793,1313.05010609776,0.833320772342194,1636.08399356888,42.5186921875638,3.89930296757804,"Malawi","All","All",1,18841350.6633035,482
"55",55,18839682.1835515,120.145638857021,160.416289927711,13.8237184143503,2.63579462614764,1370.53313556408,0.92517461911658,1667.47975200842,44.3528306061937,4.19549818633294,"Malawi","All","All",1,18841350.6633035,482
"56",56,18839653.4123933,109.786283998265,146.949729753056,13.4064374803978,2.76122224492691,1423.32543107103,1.02180565689822,1696.25091020458,46.0336427121397,4.48383102380091,"Malawi","All","All",1,18841350.6633035,482
"57",57,18839627.0635478,100.369232938,134.546756128936,12.9177104689772,2.86995444243654,1471.77347316046,1.12262858973345,1722.59975572854,47.572945475671,4.76253533688974,"Malawi","All","All",1,18841350.6633035,482
"58",58,18839602.9425171,91.7870617585708,123.153743166117,12.3782593816374,2.96172266298996,1516.21295973025,1.22703971479308,1746.72078641436,48.9821009126269,5.03032481884997,"Malawi","All","All",1,18841350.6633035,482
"59",59,18839580.8661407,83.9537039561357,112.705092893241,11.8052329539706,3.03666193667736,1556.96203786189,1.33443323426576,1768.79716283618,50.2718088198163,5.28631321688787,"Malawi","All","All",1,18841350.6633035,482
"60",60,18839560.6639739,76.7971392303875,103.1316887467,11.2126432298197,3.09521831654398,1594.31842604847,1.44421400546286,1788.99932957738,51.4520262126484,5.52994326407958,"Malawi","All","All",1,18841350.6633035,482
"61",61,18839542.1784873,70.2551849422509,94.3652693886469,10.6118043658073,3.13807060005908,1628.55867966134,1.55580725430995,1807.48481621241,52.5319556836173,5.7609247763079,"Malawi","All","All",1,18841350.6633035,482
"62",62,18839525.264679,64.2730350046507,86.3405695872308,10.0117342808448,3.16606635082766,1659.93855362396,1.66866562685991,1824.39862447438,53.5200680081383,5.9791825617516,"Malawi","All","All",1,18841350.6633035,482
"63",63,18839509.789408,58.8016475861031,78.996380298274,9.41952404457056,3.18016780100519,1688.69390142298,1.78227434359686,1839.87389549653,54.4241411139543,6.18481101267186,"Malawi","All","All",1,18841350.6633035,482
"64",64,18839495.6305954,53.7967856152456,72.2758473755207,8.84065364693281,3.18140935752396,1715.04185762147,1.89615446570161,1854.03270808239,55.2513067072644,6.37803711806501,"Malawi","All","All",1,18841350.6633035,482
"65",65,18839482.6763995,49.2183322171925,66.1264729413644,8.2792670158407,3.17086315362983,1739.18210381336,2.00986483977123,1866.98690398116,56.0080984779128,6.55918929370029,"Malawi","All","All",1,18841350.6633035,482
"66",66,18839470.8244134,45.0297637789868,60.4999781717582,7.73840729709518,3.14961171527368,1761.29812620514,2.12300295188185,1878.83889012014,56.7004989596517,6.72867148833126,"Malawi","All","All",1,18841350.6633035,482
"67",67,18839459.9807215,41.1979720778005,55.3520493250216,7.22021271413225,3.1187271344182,1781.55841585111,2.2352048979302,1889.68258200041,57.3339834777931,6.88694230700288,"Malawi","All","All",1,18841350.6633035,482
"68",68,18839425.4987411,58.5092935189806,53.9821523520177,6.73849681892964,3.07932248590796,1800.5091520136,2.34614522088142,1924.16456241032,57.9264725454226,7.03456615354619,"Malawi","All","All",1,18841350.6633035,482
"69",69,18839390.2539791,71.5398246850617,57.2456555445635,6.33828914974329,3.03311155256211,1819.7968965199,2.45554700106664,1959.40932445289,58.5320692174777,7.17278996637662,"Malawi","All","All",1,18841350.6633035,482
"70",70,18839352.0415574,83.3629675245283,63.0884881430035,6.04280314140886,2.98245196326947,1840.58182758546,2.56320780968677,1997.62174616736,59.1886592806752,7.30363011024527,"Malawi","All","All",1,18841350.6633035,482
"71",71,18839309.5303991,95.4425856231417,70.6621443618203,5.85817876525161,2.92983621223369,1863.57114635922,2.66901310217295,2040.13290442384,59.9191145262243,7.42938597465082,"Malawi","All","All",1,18841350.6633035,482
"72",72,18839261.7332878,108.536780030047,79.6649042340521,5.78427401545995,2.87766005713168,1889.29346115263,2.77293618373704,2087.93001567306,60.740398531353,7.55240831392138,"Malawi","All","All",1,18841350.6633035,482
"73",73,18839207.7643295,123.102780751114,90.0490695043836,5.81938653790278,2.82815475803755,1918.22454927098,2.87503322852312,2141.89897405094,61.667734113891,7.67502308918608,"Malawi","All","All",1,18841350.6633035,482
"74",74,18839146.7239147,139.479339801171,101.891752021901,5.96229172185731,2.78338872954998,1950.84717923968,2.97543729457121,2202.93938880873,62.7165800256906,7.79952303064245,"Malawi","All","All",1,18841350.6633035,482
"75",75,18839077.6396234,157.970157557514,115.338765668737,6.21310837959128,2.74529714475626,1987.68199842931,3.07435297618547,2272.02368015609,63.9036464484688,7.92818822622736,"Malawi","All","All",1,18841350.6633035,482
"76",76,18838999.4309874,178.883520762417,130.581275598245,6.57366503308729,2.7157216849029,2029.30608075078,3.17205233065799,2350.23231616009,65.2475005563043,8.06331900436408,"Malawi","All","All",1,18841350.6633035,482
"77",77,18838910.8838712,202.5525688835,147.847371999688,7.04766332167284,2.69645295863727,2076.36650287064,3.26887229127063,2438.77943232541,66.7690068571563,8.2072739919188,"Malawi","All","All",1,18841350.6633035,482
"78",78,18838810.6277079,229.347407096094,167.400475889779,7.64077330315962,2.68927297811954,2129.59245273813,3.36521360179409,2539.03559560708,68.49171850638,8.36251079404025,"Malawi","All","All",1,18841350.6633035,482
"79",79,18838697.1124897,259.683916693808,189.541159374096,8.36071824560557,2.6959971223547,2189.80748108329,3.4615412595101,2652.55081377866,70.4422728850576,8.53162870435975,"Malawi","All","All",1,18841350.6633035,482
"80",80,18838568.5841919,294.031505118825,214.610748766981,9.2173753743679,2.71851512622186,2257.942580767,3.55838643495928,2781.07911158835,72.6508141594108,8.71741293042298,"Malawi","All","All",1,18841350.6633035,482
"81",81,18838423.057165,332.921013918349,242.996168696958,10.2229067920357,2.75883256070385,2335.05086660292,3.65634989373385,2926.6061384647,75.1514680134156,8.92288184254134,"Malawi","All","All",1,18841350.6633035,482
"82",82,18838258.2832738,376.953193038811,275.135720823237,11.3919257318376,2.81911263100693,2422.32397061086,3.75610691488751,3091.38002975064,77.9828723875117,9.15133706360181,"Malawi","All","All",1,18841350.6633035,482
"83",83,18838071.7183976,426.807749897883,311.525503977893,12.7416937733921,2.90171788278318,2521.10982689572,3.85841344349707,3277.94490587117,81.1887536506638,9.40641554757167,"Malawi","All","All",1,18841350.6633035,482
"84",84,18837860.480261,483.254653302551,352.727580781623,14.2923854746824,3.0092592042334,2632.93504918151,3.96411458451295,3489.18304252911,84.8186519994042,9.69215290094021,"Malawi","All","All",1,18841350.6633035,482
"85",85,18837621.3070397,547.165151742762,399.378066858305,16.0673673261006,3.14463986355594,2759.52688423302,4.0741537953922,3728.35626381913,88.9286336251411,10.0130429175473,"Malawi","All","All",1,18841350.6633035,482
"86",86,18837350.5057161,619.525604032279,452.197136506621,18.0935509203745,3.31110953099853,2902.84060196858,4.18958449447986,3999.15758745334,93.5821793863781,10.3741111705992,"Malawi","All","All",1,18841350.6633035,482
"87",87,18837043.8951867,701.45267703444,512.000076677742,20.4017966652279,3.51232076409713,3065.08966219491,4.31158346404529,4305.76811680046,98.8511639629539,10.7809940933858,"Malawi","All","All",1,18841350.6633035,482
"88",88,18836696.7421437,794.210335782399,579.709875344801,23.0273766229579,3.75239098425919,3248.77971471288,4.44146633582649,4652.92115978312,104.816959642462,11.2400270621344,"Malawi","All","All",1,18841350.6633035,482
"89",89,18836303.6881414,899.229319903955,656.371380269505,26.0105097054988,4.03597141602145,3456.74727536272,4.58070544189294,5045.9751620996,111.571692143075,11.7583434291044,"Malawi","All","All",1,18841350.6633035,482
"90",90,18835858.6671316,1018.12918819005,743.167272750674,29.396974451907,4.36832358431496,3692.20346262229,4.73095026931406,5490.99617186854,119.219660957325,12.3439855033099,"Malawi","All","All",1,18841350.6633035,482
"91",91,18835354.8123274,1152.74296505937,841.43634324403,33.2388046463607,4.75540489042563,3958.78340745582,4.89405080245262,5994.85097609846,127.878944022116,13.0060294780325,"Malawi","All","All",1,18841350.6633035,482
"92",92,18834784.35072,1305.14521428943,952.694009194399,37.5950839083194,5.20396443836356,4260.6022276014,5.07208411039862,6565.31258354231,137.683215758498,13.7547260795572,"Malawi","All","All",1,18841350.6633035,482
"93",93,18834138.4836701,1477.68395396727,1078.65538050636,42.5328510910055,5.72165059703467,4602.31841265194,5.26738457408235,7211.1796333877,148.783805965971,14.6016590876547,"Malawi","All","All",1,18841350.6633035,482
"94",94,18833407.252127,1673.01627722183,1221.26166310129,48.1281225550952,6.31713219656478,4989.20540322247,5.48257819484055,7942.41117649209,161.352024871153,15.5599243709247,"Malawi","All","All",1,18841350.6633035,482
"95",95,18832579.3841339,1894.14876205881,1382.70988150845,54.4670534798687,7.00023503305036,5427.23261607109,5.72062150927104,8770.27916966054,175.581795114488,16.6443319960674,"Malawi","All","All",1,18841350.6633035,482
"96",96,18831642.1221787,2144.48355324726,1565.48614368413,61.6472591234153,7.78209567798802,5923.1572273979,5.98484570115596,9707.54112483185,191.692633359852,17.8716344033001,"Malawi","All","All",1,18841350.6633035,482
"97",97,18830581.0284185,2427.86976526331,1772.40368162695,69.779303169702,8.67533529861869,6484.62779308479,6.27900656085118,10768.6348850042,209.933016335773,19.2607844506262,"Malawi","All","All",1,18841350.6633035,482
"98",98,18829379.7645901,2748.6614874693,2006.64582249428,78.9883818779749,9.69425594356005,7120.30142458815,6.60734105589977,11969.8987134292,230.584187252589,20.8332270689091,"Malawi","All","All",1,18841350.6633035,482
"99",99,18828019.8428903,3111.78406680152,2271.8138856224,89.4162393134312,10.8550619682349,7839.97652813026,6.97463138163048,13329.8204132175,253.964467993221,22.6132286668594,"Malawi","All","All",1,18841350.6633035,482
"100",100,18826480.3450774,3522.80808486013,2571.98179846134,101.223323143671,12.1761104612902,8654.74263176652,7.38627743698917,14869.31822613,280.43412625425,24.6282497406717,"Malawi","All","All",1,18841350.6633035,482
"101",101,18824737.6055952,3988.03230558329,2911.75801782458,114.591215481914,13.6781943356791,9577.14959622989,7.84837882467105,16612.05770828,310.400872260048,26.9093662048459,"Malawi","All","All",1,18841350.6633035,482
"102",102,18822764.8531678,4514.5784977358,3296.35431925671,129.725395685099,15.3848616837592,10621.3992337388,8.36782764044165,18584.8101357406,344.326083666072,29.4917451759546,"Malawi","All","All",1,18841350.6633035,482
"103",103,18820531.8069438,5110.4974201616,3731.66385121879,146.858350333772,17.3227768143384,11803.5615477827,8.9524134188702,20817.8563597301,382.731830074634,32.4151829322185,"Malawi","All","All",1,18841350.6633035,482
"104",104,18818004.2218767,5784.88680392481,4224.34991431089,166.253067652017,19.5221284743736,13141.8185706492,9.61094180417986,23345.4414268155,426.208793706391,35.7247131961926,"Malawi","All","All",1,18841350.6633035,482
"105",105,18815143.3752784,6548.02596630344,4781.94434798575,188.207003721096,22.0170901247717,14656.7402482277,10.3533687729945,26206.2880251358,475.425231424063,39.4712936896838,"Malawi","All","All",1,18841350.6633035,482
"106",106,18811905.4888554,7411.52656042599,5412.95838615205,213.056548629963,24.8463396874047,16371.5956608521,11.1909523802027,29444.1744481277,531.137084404717,43.7125817011914,"Malawi","All","All",1,18841350.6633035,482
"107",107,18808241.0798335,8388.49906698774,6127.00899216544,241.182026190012,28.053646982679,18312.7033134552,12.1364242512201,33108.5834700323,594.199356170814,48.5138106333226,"Malawi","All","All",1,18841350.6633035,482
"108",108,18804094.2299386,9493.74181417983,6934.9586444304,273.013353757337,31.6885354927901,20509.8268335762,13.2041834350465,37255.4333648716,665.578965876262,53.9487785727903,"Malawi","All","All",1,18841350.6633035,482
"109",109,18799401.7639278,10743.9529928618,7849.07139308134,309.036416311396,35.8070282813849,22996.6210297033,14.4105154479966,41947.8993756873,746.369237245973,60.1009634844575,"Malawi","All","All",1,18841350.6633035,482
"110",110,18794092.3305378,12157.9627878616,8883.19066190585,349.800173554961,40.4724901421352,25811.1328125757,15.7738396351792,47257.3327656754,837.806168141745,67.0647823737067,"Malawi","All","All",1,18841350.6633035,482
"111",111,18788085.3711096,13756.9945735042,10052.9357641021,395.924670478361,45.7565750793179,28996.3656221808,17.314988547649,53264.2921938924,941.286762800971,74.9470097543668,"Malawi","All","All",1,18841350.6633035,482
"112",112,18781289.9639566,15564.9579182179,11375.9187621029,448.110052575887,51.7402916003698,32600.9147990504,19.0575233680691,60059.6993469155,1058.38966822022,83.868374700914,"Malawi","All","All",1,18841350.6633035,482
"113",113,18773603.5375496,17608.7661943693,12871.9906363821,507.146572078552,58.5152030408697,36679.6790582826,21.0280897401416,67746.1257538936,1190.89827978213,93.9653610477033,"Malawi","All","All",1,18841350.6633035,482
"114",114,18764910.4349258,19918.6888750936,14563.5129751434,573.925792180949,66.1847754216888,41294.6591407482,23.2568191491511,76439.228377737,1340.8266772034,105.392231912609,"Malawi","All","All",1,18841350.6633035,482
"115",115,18755080.3129705,22528.7454875299,16475.6534437654,649.453166765187,74.86588772156,46515.8545656783,25.7777815292077,86269.3503329895,1510.44874623103,118.3233029965,"Malawi","All","All",1,18841350.6633035,482
"116",116,18743966.3719742,25477.1272108487,18636.7182450103,734.86192408056,84.6905280286435,52422.263926292,28.6294950769811,97383.2913293371,1702.33065863727,132.955498203153,"Malawi","All","All",1,18841350.6633035,482
"117",117,18731403.3980194,28806.6541780224,21078.5178624847,831.428463696011,95.8076924934242,59103.001587123,31.8555002755075,109946.265284095,1919.36712888291,149.511216308891,"Malawi","All","All",1,18841350.6633035,482
"118",118,18717205.5979043,32565.2820044562,23836.7572580844,940.589553120275,108.385503051716,66658.5460745453,35.5050059520929,124144.06539921,2164.82194602267,168.241537840865,"Malawi","All","All",1,18841350.6633035,482
"119",119,18701164.2287813,36806.6336148626,26951.4676023309,1063.9611585783,122.613573633823,75202.1249573561,39.6336153986312,140185.43452216,2442.37293005969,189.429815414523,"Malawi","All","All",1,18841350.6633035,482
"120",120,18683045.0130017,41590.5553996854,30467.4775618134,1203.35903536121,138.705646795703,84861.2485163343,44.3041417654697,158304.650301756,2756.16171078141,213.395684994697,"Malawi","All","All",1,18841350.6633035,482
"121",121,18662585.3180138,46983.7195611575,34434.9023817296,1360.82149218598,156.902514303456,95779.4118171303,49.5875231561067,178764.345289663,3110.84896989012,240.499529190443,"Malawi","All","All",1,18841350.6633035,482
"122",122,18639491.1191982,53060.2352128191,38909.6685712739,1538.63401780718,177.475254675233,108117.967200871,55.5638478076613,201858.544105254,3511.67520222448,271.14744309514,"Malawi","All","All",1,18841350.6633035,482
"123",123,18613433.7607339,59902.2449591612,43954.0764115395,1739.35563279538,200.728813347556,122058.17325194,62.3235008315824,227915.902569615,3964.5271865167,305.796747683076,"Malawi","All","All",1,18841350.6633035,482
"124",124,18584046.5066383,67600.5363271604,49637.357055561,1965.84747578977,227.005928704906,137803.441432358,69.9684456438386,257303.156665218,4476.01085962122,344.962076135249,"Malawi","All","All",1,18841350.6633035,482
"125",125,18550920.9325344,76255.1134861359,56036.2341876657,2221.30308521717,256.691430689086,155581.774926765,78.6136526610029,290428.730769134,5053.53040389209,389.222081012824,"Malawi","All","All",1,18841350.6633035,482
"126",126,18513603.2294075,85975.6613865507,63235.4994456847,2509.27964703209,290.216935034434,175648.387793453,88.3886882366825,327746.433895991,5705.37314512293,439.22680719727,"Malawi","All","All",1,18841350.6633035,482
"127",127,18471590.4509225,96881.9324045061,71328.525540779,2833.73065373433,328.065910100024,198288.518393165,99.4394787373388,369759.212381022,6440.80072150454,495.705732685834,"Malawi","All","All",1,18841350.6633035,482
"128",128,18424326.817046,109103.981709073,80417.7015644714,3199.03907665986,370.779114196452,223820.414529939,111.93026311382,417022.846257454,7270.14577414339,559.47649765667,"Malawi","All","All",1,18841350.6633035,482
"129",129,18371200.254133,122782.106328012,90614.8087816872,3610.04917719151,418.960406349934,252598.438731447,126.045745824834,470149.409170512,8204.91245164465,631.454344734155,"Malawi","All","All",1,18841350.6633035,482
"130",130,18311539.2917777,138066.502615818,102041.215315918,4072.09694205156,473.282851080291,285016.280337442,141.993463494779,529810.371525805,9257.8803001525,712.662213591685,"Malawi","All","All",1,18841350.6633035,482
"131",131,18244610.5346057,155116.553996216,114827.818792346,4591.03768411214,534.495041189888,321510.216808582,160.006375299458,596739.128697745,10443.2096498317,804.241430736555,"Malawi","All","All",1,18841350.6633035,482
"132",132,18169617.0708795,174099.48955305,129114.765458834,5173.26697061608,603.42758339615,362562.297176604,180.345681504577,671732.592424005,11776.5443125318,907.462946769309,"Malawi","All","All",1,18841350.6633035,482
"133",133,18085698.0957231,195188.389574585,145050.771141305,5825.73366142817,680.99955934842,408703.369769576,203.303874099283,755651.567580343,13275.1090575421,1023.73894030431,"Malawi","All","All",1,18841350.6633035,482
"134",134,17991930.1128285,218559.464059047,162791.877217473,6555.94281909733,768.224733774512,460515.833628805,229.208016820723,849419.550475018,14957.7979331202,1154.63455573834,"Malawi","All","All",1,18841350.6633035,482
"135",135,17887330.3214605,244388.212734275,182499.685420284,7371.94172121492,866.217328443353,518635.861399953,258.423238778359,954019.341842948,16845.2451512124,1301.87956693201,"Malawi","All","All",1,18841350.6633035,482
"136",136,17770862.6728977,272844.394187714,204338.860494239,8282.28551906328,976.196991138347,583754.896793217,291.356420391692,1070486.99040576,18959.8721200149,1467.37956011293,"Malawi","All","All",1,18841350.6633035,482
"137",137,17641447.0761405,304085.837223418,228473.604326106,9295.97961798467,1099.49246620381,656620.213490756,328.460038565659,1199902.58716303,21325.9037034938,1653.22608680252,"Malawi","All","All",1,18841350.6633035,482
"138",138,17497972.5597069,338250.633070118,255063.189583943,10422.3885591032,1237.54356564767,738034.112704914,370.236112907941,1343377.10359663,23969.3398555346,1861.7052876403,"Malawi","All","All",1,18841350.6633035,482
"139",139,17339314.9893553,375447.644360199,284256.389675145,11671.1049714441,1391.90081137103,828851.393949955,417.240180036203,1502034.67394815,26917.870722717,2095.30423469043,"Malawi","All","All",1,18841350.6633035,482
"140",140,17164359.6815751,415745.698721035,316184.398725566,13051.776405185,1564.22187936539,929974.800792353,470.085204892729,1676989.9817284,30200.725584554,2356.71396951993,"Malawi","All","All",1,18841350.6633035,482
"141",141,16972029.5696509,459161.169598521,350952.469557029,14573.8778837244,1756.26415991823,1042347.86715623,529.445297211736,1869320.09365263,33848.436859907,2648.82832880239,"Malawi","All","All",1,18841350.6633035,482
"142",142,16761319.2035937,505644.075656926,388630.373182453,16246.4219684183,1969.87256317285,1166944.65726483,596.059073946704,2080030.45970974,37892.5026851274,2974.73741841839,"Malawi","All","All",1,18841350.6633035,482
"143",143,16531334.1019798,555063.800934854,429241.304177128,18077.6096565403,2206.96134360985,1304756.15272425,670.732487328843,2310015.56132371,42364.9402480312,3337.71420561299,"Malawi","All","All",1,18841350.6633035,482
"144",144,16281335.1300812,607194.726578812,472749.797621123,20074.4142159097,2469.48909128587,1456772.7648304,754.340884744794,2560014.53322228,47297.7129120173,3741.19298287472,"Malawi","All","All",1,18841350.6633035,482
"145",145,16010786.9742545,661702.317223367,519049.400247255,22242.0943901686,2759.42623881691,1623962.62089863,847.830050774509,2830562.68904901,52722.0197644895,4188.73863163609,"Malawi","All","All",1,18841350.6633035,482
"146",146,15719408.6267212,718132.010385358,567949.975279518,24583.6512747982,3078.71313657072,1807245.470655,952.215851026255,3121941.03658227,58667.4430521339,4684.00409702602,"Malawi","All","All",1,18841350.6633035,482
"147",147,15407223.1655262,775901.495771347,619166.027776591,27099.2454317836,3429.20987146999,2007462.93656453,1068.58236159392,3434126.49777731,65160.9771987843,5230.67705322289,"Malawi","All","All",1,18841350.6633035,482
"148",148,15074604.4987659,834298.171781142,672307.097487312,29785.577820958,3812.63611209623,2225344.60343626,1198.07789981052,3766745.16453758,72225.9233195584,5832.41305701297,"Malawi","All","All",1,18841350.6633035,482
"149",149,14722316.4508471,892483.917359703,726870.9850726,32635.2847985746,4230.50187361334,2461471.61454592,1341.90880599468,4119033.21245641,79880.704139814,6492.75582968536,"Malawi","All","All",1,18841350.6633035,482
"150",150,14351540.8473587,949507.847230605,782241.864815607,35636.366620811,4684.03004337528,2716238.37672054,1501.33051389103,4489808.81594483,88137.6192041313,7215.0447287615,"Malawi","All","All",1,18841350.6633035,482
"151",151,13963890.312903,1004328.34899582,837693.839278072,38771.7109953065,5174.07300544759,2989814.74228526,1677.63584061037,4877459.35040053,97001.6180840413,8002.31163113857,"Malawi","All","All",1,18841350.6633035,482
"152",152,13561402.0431081,1055844.74188704,892401.107885052,42018.7618853199,5701.02655167152,3282110.8416722,1872.14031407206,5279947.62019535,106469.162751686,8857.17010845523,"Malawi","All","All",1,18841350.6633035,482
"153",153,13146511.5750723,1102937.64772354,945455.806136783,45349.3607747018,6264.74169962487,3592745.36778631,2086.16411026258,5694838.08823122,116527.205595141,9781.69679402023,"Malawi","All","All",1,18841350.6633035,482
"154",154,12722004.515347,1144515.50198805,995893.508534823,48729.8393600852,6864.44277248843,3921021.84405899,2321.0112420426,6119345.14795648,127152.430710477,10777.3143781759,"Malawi","All","All",1,18841350.6633035,482
"155",155,12290946.7080297,1179566.57480857,1042725.37902702,52121.3939984423,7498.65336829346,4265914.00847781,2577.94559365646,6550402.95527379,138310.795662636,11844.6771753769,"Malawi","All","All",1,18841350.6633035,482
"156",156,11856594.8737458,1207211.81790252,1084976.65904951,55480.7827109424,8165.13707374501,4626063.22869348,2858.16412748248,6984754.78955768,149957.468404537,12983.5666686738,"Malawi","All","All",1,18841350.6633035,482
"157",157,11422301.133499,1226746.74247641,1121728.05314242,58761.2852458314,8860.86400843153,4999789.81465025,3162.7702811398,7419048.52980449,162037.217548676,14192.8132054948,"Malawi","All","All",1,18841350.6633035,482
"158",158,10991403.7684205,1237684.82490274,1152155.86813319,61913.9886781859,9581.9967792541,5385117.47195299,3492.74443665711,7849945.89488302,174485.233498814,15470.232167589,"Malawi","All","All",1,18841350.6633035,482
"159",159,10567121.7986106,1239784.27696598,1175570.19947955,64889.3041725524,10323.9078133833,5779812.26085471,3848.91540669562,8274227.86469287,187228.421551165,16812.593234096,"Malawi","All","All",1,18841350.6633035,482
"160",160,10152459.9281129,1233055.93123042,1191451.81123551,67638.5513756824,11081.2288921077,6181431.27955534,4231.93290151875,8688889.73519058,200187.008970961,18215.6234988974,"Malawi","All","All",1,18841350.6633035,482
"161",161,9750123.72779951,1217762.96797244,1199473.53080868,70115.7204405308,11847.931147738,6587384.54276656,4642.24236802962,9091225.93550398,213276.580467702,19674.0450499683,"Malawi","All","All",1,18841350.6633035,482
"162",162,9362455.27158689,1194402.74264537,1199513.67668611,72279.1488071642,12617.4346817557,6995002.32558777,5080.06330841464,9478894.3917166,226410.286655707,21181.6480360594,"Malawi","All","All",1,18841350.6633035,482
"163",163,8991392.64697049,1163671.07288025,1191662.54500103,74092.9482177716,13382.7480487367,7401603.33035968,5545.37182553391,9849957.016333,239501.071921894,22731.4007248069,"Malawi","All","All",1,18841350.6633035,482
"164",164,8638448.04887335,1126424.48647647,1176209.76162335,75528.3307603525,14136.623560154,7804565.52324709,6037.88876272594,10202901.6144301,252463.9850661,24315.5848120513,"Malawi","All","All",1,18841350.6633035,482
"165",165,8304708.13504033,1083633.23209835,1153625.30525003,76564.5424742751,14871.7275189544,8201390.64738505,6557.07353649723,10536641.5282632,265218.275985402,25925.9552592669,"Malawi","All","All",1,18841350.6633035,482
"166",166,7990854.30229761,1036329.31127536,1124535.28422545,77189.3511074542,15580.8187547014,8589759.47151079,7102.12413212771,10850495.3610059,277689.182512595,27553.9188212972,"Malawi","All","All",1,18841350.6633035,482
"167",167,7697193.47071629,985563.874471103,1089684.63762856,77399.2968287007,16256.918904273,8967580.4811399,7671.98361466217,11144156.1925872,289809.500071443,29190.7153035926,"Malawi","All","All",1,18841350.6633035,482
"168",168,7423701.43912322,932364.335566921,1049902.36621869,77199.4469717929,16893.4759275696,9333024.24701766,8265.35247763425,11417648.2241803,301520.677750504,30827.6018959865,"Malawi","All","All",1,18841350.6633035,482
"169",169,7170072.03139358,877698.518376168,1006066.70555141,76602.8004008995,17484.5104630584,9684545.39063848,8880.70647989721,11671277.6319099,312773.506454298,32456.0295984216,"Malawi","All","All",1,18841350.6633035,482
"170",170,6935765.94540299,822452.008906765,959066.709135501,75629.5308357368,18024.7349213373,10020895.4145946,9516.31950653279,11905583.7179005,323528.509270586,34067.8008545259,"Malawi","All","All",1,18841350.6633035,482
"171",171,6720061.40791401,767408.037462405,909774.19762392,74305.8738759393,18509.6508573133,10341121.2055091,10170.2900607833,12121288.2553895,333755.862021095,35655.2115851547,"Malawi","All","All",1,18841350.6633035,482
"172",172,6522100.50423572,713237.580376914,859018.186871858,72662.9323985996,18935.6157448594,10644555.2729283,10840.5707472154,12319249.1590678,343435.046232733,37211.1676671738,"Malawi","All","All",1,18841350.6633035,482
"173",173,6340929.69313752,660498.779524363,807561.998136824,70735.4905011817,19299.8780256436,10930799.8242132,11524.9997647967,12500419.970166,352554.304453093,38729.2730748209,"Malawi","All","All",1,18841350.6633035,482
"174",174,6175537.12130457,609636.858103366,756092.187744627,68560.6965003014,19600.5891808981,11199701.8775115,12221.3329582389,12665812.5419989,361109.804274544,40203.8959851601,"Malawi","All","All",1,18841350.6633035,482
"175",175,6024882.54700962,560991.744495357,705208.788695712,66176.903741384,19836.7868640074,11451326.6165706,12927.2759267845,12816467.1162939,369104.750293998,41630.2060411962,"Malawi","All","All",1,18841350.6633035,482
"176",176,5887921.50598404,514808.826287569,655420.021869908,63622.6308584872,20008.3551206316,11685928.8079944,13640.5151884543,12953428.1573194,376548.437210234,43004.187110174,"Malawi","All","All",1,18841350.6633035,482
"177",177,5763625.68168344,471248.132445087,607145.186284629,60935.56374809,20115.969774977,11903921.3819486,14358.7474186955,13077723.98162,383455.213072753,44322.6319617601,"Malawi","All","All",1,18841350.6633035,482
"178",178,5650997.18009093,430397.460666743,560716.796607104,58151.8065746605,20161.025851971,12105846.6869053,15079.7066067935,13190352.4832126,389843.535300785,45583.1154717921,"Malawi","All","All",1,18841350.6633035,482
"179",179,5549079.10864587,392284.536642524,516386.124151203,55305.2741913472,20145.5560129698,12292348.875361,15801.1882985821,13292270.5546576,395735.066982948,46783.9539275059,"Malawi","All","All",1,18841350.6633035,482
"180",180,5456963.65155071,356887.181069992,474332.609913209,52427.1813526221,20072.1430310866,12464146.8252764,16521.0711095176,13384386.0117528,401153.79311206,47924.1537706311,"Malawi","All","All",1,18841350.6633035,482
"181",181,5373795.98912798,324144.583137384,434670.651241194,49545.7783224741,19943.8298980388,12622012.4972337,17237.3343427325,13467553.6741755,406125.318199563,49003.3514055958,"Malawi","All","All",1,18841350.6633035,482
"182",182,5298777.02311633,293966.212542883,397459.06664134,46686.1477399741,19764.0297340283,12766750.110513,17948.0730159765,13542572.6401872,410676.191928088,50021.7484425403,"Malawi","All","All",1,18841350.6633035,482
"183",183,5231164.21441367,266239.841158163,362710.375863417,43870.1312506621,19536.4360208216,12899178.1547604,18651.5098363189,13610185.4488898,414833.329478932,50980.0421179231,"Malawi","All","All",1,18841350.6633035,482
"184",184,5170270.81865294,240838.259261243,330398.341395895,41116.376146904,19264.9432996949,13020115.9212589,19346.0032878824,13671078.8446505,418623.580334906,51879.3596271542,"Malawi","All","All",1,18841350.6633035,482
"185",185,5115464.45443258,217625.069707402,300466.268448805,38440.4333641291,18953.5676470928,13130370.8158739,20030.053829577,13725885.2088709,422073.323636359,52721.1890486888,"Malawi","All","All",1,18841350.6633035,482
"186",186,5066164.79924682,196459.30716155,272834.006367686,35854.9323549549,18606.3765018317,13230728.9346759,20702.3069946961,13775184.8640567,425208.170457108,53507.3143966788,"Malawi","All","All",1,18841350.6633035,482
"187",187,5021840.93495271,177198.622264462,247403.436840729,33369.7935697898,18227.4327030749,13321948.889384,21361.553588701,13819508.7283508,428052.771496042,54239.7599923816,"Malawi","All","All",1,18841350.6633035,482
"188",188,4982008.50013949,159702.500880875,224064.103824104,30992.4540098761,17820.7382509942,13404755.6371698,22006.7290283208,13859341.163164,430630.625289527,54920.7331106456,"Malawi","All","All",1,18841350.6633035,482
"189",189,4946226.58211117,143834.253872788,202697.578317099,28728.1237078225,17390.1900928415,13479837.0249986,22636.9102031885,13895123.0811923,432963.97446403,55552.5744751773,"Malawi","All","All",1,18841350.6633035,482
"190",190,4914094.62077177,129462.492004399,183181.165975071,26580.0440951859,16939.5429430489,13547841.4864806,23251.3110333891,13927255.0425317,435073.739062223,56137.7135893438,"Malawi","All","All",1,18841350.6633035,482
"191",191,4885249.33621576,116462.250731894,165390.791243561,24549.7394161692,16472.3801282208,13609376.8887387,23849.2768291855,13956100.3270877,436979.486615376,56678.6300725225,"Malawi","All","All",1,18841350.6633035,482
"192",192,4859361.75026028,104715.641151567,149203.367117497,22637.2620807738,15992.0907361185,13665010.2742222,24430.277735016,13981987.9130432,438699.430793534,57177.819756662,"Malawi","All","All",1,18841350.6633035,482
"193",193,4836134.35240567,94112.1883866753,134498.657376171,20841.4211904427,15501.853235802,13715268.2892419,24993.9014667995,14005215.3108978,440250.451647247,57637.7660626275,"Malawi","All","All",1,18841350.6633035,482
"194",194,4815298.37969406,84549.0166479152,121160.563641668,19159.9974070855,15004.6245023803,13760638.2358527,25539.8455576752,14026051.2836094,441648.135489861,58060.9159524478,"Malawi","All","All",1,18841350.6633035,482
"195",195,4796611.28721242,75930.7909490924,109078.121792031,17589.9371051276,14503.1336926103,13801569.4832426,26067.9093095604,14044738.3760911,442906.825751879,58449.6602364666,"Malawi","All","All",1,18841350.6633035,482
"196",196,4779854.39456175,68169.5143558972,98146.2004508176,16127.5262076636,13999.8803399997,13838475.1617954,26577.9855919509,14061495.2687417,444039.682349284,58806.3178424706,"Malawi","All","All",1,18841350.6633035,482
"197",197,4764830.67684451,61184.2963657154,88265.8470153597,14768.5468990465,13497.1358373944,13871734.1076973,27070.0526441211,14076518.986459,445058.748619519,59133.1234780357,"Malawi","All","All",1,18841350.6633035,482
"198",198,4751362.74532384,54901.005903042,79344.5011930407,13508.4132735331,12996.9478940791,13901692.8837343,27544.1659816284,14089986.9179796,445975.020117478,59432.2184432241,"Malawi","All","All",1,18841350.6633035,482
"199",199,4739290.99578902,49251.8722726331,71296.0634405901,12342.2882656637,12501.1473561389,13928667.8456759,28000.4505035314,14102058.6675145,446798.51435206,59705.6441449197,"Malawi","All","All",1,18841350.6633035,482
"200",200,4728471.89146361,44175.1153631836,64040.7639492101,11265.1854502455,12011.3567862901,13952947.2574087,28439.0928822294,14112877.7718399,447538.341662328,59955.3378470852,"Malawi","All","All",1,18841350.6633035,482
"201",201,4718776.40936047,39614.5274764999,57504.9965939418,10272.0536191334,11529.0005008056,13974793.3414681,28860.3342844886,14122573.253943,448202.773535979,60183.130436446,"Malawi","All","All",1,18841350.6633035,482
"202",202,4710088.62843587,35519.0475454825,51621.0997927687,9357.84671611855,11055.3156270082,13994444.2617168,29264.463469405,14131261.0348676,448799.308336237,60390.7458442007,"Malawi","All","All",1,18841350.6633035,482
"203",203,4702304.42590553,31842.3845293539,46327.0303930561,8517.582662764,10591.3638040164,14012116.0657296,29651.810279186,14139045.237398,449334.735419203,60579.8017732143,"Malawi","All","All",1,18841350.6633035,482
"204",204,4695330.32649973,28542.6324320486,41566.0587341599,7746.38886912211,10138.0430821013,14028004.4740205,30022.7396657859,14146019.3368037,449815.193954817,60751.8115271931,"Malawi","All","All",1,18841350.6633035,482
"205",205,4689082.40551375,25581.8753139594,37286.4424776309,7039.53962792592,9696.10063082024,14042286.6538987,30377.6458406775,14152267.2577897,450246.231026992,60908.1868562234,"Malawi","All","All",1,18841350.6633035,482
"206",206,4683485.36232367,22925.8747665493,33441.0720944507,6392.48319269357,9266.14439425759,14055122.7792268,30716.9473050676,14157864.3009798,450632.852556825,61050.2412337118,"Malawi","All","All",1,18841350.6633035,482
"207",207,4678471.655097,20543.7391704563,29987.1409556582,5800.86205333197,8848.65503451646,14066657.5289049,31041.0820876016,14162878.0082065,450979.572066136,61179.1937713726,"Malawi","All","All",1,18841350.6633035,482
"208",208,4673980.69298885,18407.6037671765,26885.819563654,5260.52781082499,8443.99783120758,14077021.518082,31350.5032597333,14167368.9703146,451290.457126094,61296.1735583124,"Malawi","All","All",1,18841350.6633035,482
"209",209,4669958.13753017,16492.3668120069,24101.9256483717,4767.5497146042,8052.43370272787,14086332.5748267,31645.6750688618,14171391.5257733,451569.170656452,61402.2241633668,"Malawi","All","All",1,18841350.6633035,482
"210",210,4666355.26492125,14775.4286337959,21603.6234472577,4318.21901930737,7674.129861408,14094696.9280333,31927.0693871866,14174994.3983822,451819.009252963,61498.3083035569,"Malawi","All","All",1,18841350.6633035,482
"211",211,4663128.39134979,13236.4503749547,19362.1415244078,3909.0495726918,7309.16992165465,14102210.2980315,32195.1625285165,14178221.2719537,452042.938279419,61585.312585858,"Malawi","All","All",1,18841350.6633035,482
"212",212,4660238.3619192,11857.1429129684,17351.5025484845,3536.7758296209,6957.56322587814,14108958.8844039,32450.432463408,14181111.3013843,452243.623580267,61664.0521382727,"Malawi","All","All",1,18841350.6633035,482
"213",213,4657650.08165506,10621.0647141847,15548.2731305432,3198.34837723934,6619.25375972311,14115020.2853711,32693.3562956609,14183699.5816484,452423.460922093,61735.2752708183,"Malawi","All","All",1,18841350.6633035,482
"214",214,4655332.10300862,9513.44413142189,13931.3337037229,2890.92767944227,6294.12825977359,14120464.3184206,32924.4080999143,14186017.5602949,452584.60220805,61799.6679377478,"Malawi","All","All",1,18841350.6633035,482
"215",215,4653256.24163782,8521.01168247997,12481.6589530954,2611.87643283997,5982.02394833289,14125353.7936824,33144.0569664936,14188093.4216657,452728.980132544,61857.8581762392,"Malawi","All","All",1,18841350.6633035,482
"216",216,4651397.2324604,7631.84762822328,11182.1172786044,2358.75066057473,5682.73565057233,14129745.2143039,33352.7653211608,14189952.4308431,452858.330451829,61910.4203908995,"Malawi","All","All",1,18841350.6633035,482
"217",217,4649732.45448632,6835.26047074226,10017.3037617849,2129.29072306306,5396.02163175251,14133689.344566,33550.9876638608,14191617.2088172,452974.2099979,61957.8790647036,"Malawi","All","All",1,18841350.6633035,482
"218",218,4648241.63659874,6121.65267634883,8973.36434588188,1921.41155190792,5121.60981030356,14137231.8190667,33739.1692536411,14193108.0267047,453078.015990245,62000.7127550499,"Malawi","All","All",1,18841350.6633035,482
"219",219,4646906.61886318,5482.41260801556,8037.84798147534,1733.19260620245,4859.20293483452,14140413.6431648,33917.7451449937,14194443.0444403,453171.001841878,62039.3576461888,"Malawi","All","All",1,18841350.6633035,482
"220",220,4645711.13336737,4909.81715007906,7199.56650818979,1562.86788014929,4608.48333178642,14143271.6556901,34087.1393758135,14195638.5299361,453254.29175234,62074.210927897,"Malawi","All","All",1,18841350.6633035,482
"221",221,4644640.6079906,4396.9394364279,6448.47230040642,1408.8160411409,4369.11716928448,14145838.9460532,34247.7643123979,14196709.0553129,453328.893837193,62105.6339550991,"Malawi","All","All",1,18841350.6633035,482
"222",222,4643681.99046975,3937.56779962185,5775.54521591623,1269.55069084841,4140.75827692692,14148145.2307089,34400.0201414883,14197667.6728337,453395.711953041,62133.9552113149,"Malawi","All","All",1,18841350.6633035,482
"223",223,4642823.5896653,3526.13424976161,5172.68757079454,1143.71104158808,3923.0515398594,14150217.1947457,34544.2944904411,14198526.0736382,453455.556411869,62159.4730624014,"Malawi","All","All",1,18841350.6633035,482
"224",224,4642054.93450506,3157.64714403778,4632.6335860672,1030.05281935629,3715.63590862255,14152078.7971782,34680.9621621698,14199294.7287984,453509.153534087,62182.4583195515,"Malawi","All","All",1,18841350.6633035,482
"225",225,4641366.64699699,2827.6319757046,4148.86556065056,927.439611294917,3518.14705075038,14153751.547137,34810.3849710373,14199983.0163065,453557.154277562,62203.1566142328,"Malawi","All","All",1,18841350.6633035,482
"226",226,4640750.32786964,2532.07941749757,3715.53628486819,834.83469781123,3330.21967058106,14155254.7536951,34932.911667999,14200599.3354338,453600.142031859,62221.7905918009,"Malawi","All","All",1,18841350.6633035,482
"227",227,4640198.45502399,2267.39630091264,3327.40251509877,751.293232148213,3151.48953318315,14156605.7487551,35048.8779430975,14201151.2082795,453638.639555792,62238.5619396309,"Malawi","All","All",1,18841350.6633035,482
"228",228,4639704.29211079,2030.36261145439,2979.76348521114,675.954917862286,2981.59521304411,14157820.0884697,35158.6064954631,14201645.3711927,453673.115238186,62253.6532538169,"Malawi","All","All",1,18841350.6633035,482
"229",229,4639261.80619457,1818.09388915597,2668.4040203004,608.0371799182,2820.17959296051,14158911.7352651,35262.4071615092,14202087.8571089,453703.988748461,62267.229754179,"Malawi","All","All",1,18841350.6633035,482
"230",230,4638865.5947145,1628.00565930432,2389.54602410298,546.828709275104,2666.89114176687,14159893.219962,35360.577092548,14202484.068589,453731.636057649,62279.4408614259,"Malawi","All","All",1,18841350.6633035,482
"231",231,4638510.81972474,1457.78230118326,2139.80366566964,491.683479120872,2521.38498858428,14160775.7881697,35453.4009744965,14202838.8435787,453756.393966753,62290.421641795,"Malawi","All","All",1,18841350.6633035,482
"232",232,4638193.14865348,1305.34992360441,1916.14189121394,442.01521565318,2383.32381439391,14161569.5325223,35541.1512828069,14203156.51465,453778.564192479,62300.2941283981,"Malawi","All","All",1,18841350.6633035,482
"233",233,4637908.70180533,1168.85061850184,1715.8412322156,397.292217379469,2252.37858376581,14162283.51028,35624.0885662433,14203440.9614982,453798.416992239,62309.1685313558,"Malawi","All","All",1,18841350.6633035,482
"234",234,4637654.00508898,1046.61997584725,1536.46529187557,357.032588350123,2128.22913091845,14162925.8494733,35702.4617542381,14203695.6582145,453816.194432364,62317.1443420132,"Malawi","All","All",1,18841350.6633035,482
"235",235,4637425.94741364,937.1675610736,1375.83059896726,320.79986402784,2010.56461639235,14163503.8447664,35776.5084829439,14203923.7158898,453832.11333679,62324.3113392862,"Malawi","All","All",1,18841350.6633035,482
"236",236,4637221.74297467,839.158309661924,1231.9811751362,288.198939258089,1899.08387208483,14164024.0425972,35846.4554354751,14204127.9203288,453846.36789957,62330.7505082931,"Malawi","All","All",1,18841350.6633035,482
"237",237,4637038.89728576,751.396312575676,1103.16502088085,258.87234275426,1793.49564551182,14164492.3180033,35912.5186926926,14204310.7660177,453859.132039947,62336.5348759856,"Malawi","All","All",1,18841350.6633035,482
"238",238,4636875.17655027,672.81078939255,987.812266493308,232.49683692777,1693.51875565483,14164913.9440136,35974.9040911782,14204474.4867532,453870.561527598,62341.7302704855,"Malawi","All","All",1,18841350.6633035,482
"239",239,4636728.58057729,602.442658351799,884.516842530888,208.780267812173,1598.88217385476,14165293.6531983,36033.8075853238,14204621.0827262,453880.795863059,62346.3960124068,"Malawi","All","All",1,18841350.6633035,482
"240",240,4636597.31838136,539.432856510608,792.019513503947,187.458695862666,1509.32503778801,14165635.6932073,36089.4156111181,14204752.3449221,453889.959972894,62350.5855421198,"Malawi","All","All",1,18841350.6633035,482
"241",241,4636479.78616777,483.012274904675,709.192069683689,168.293788680731,1424.5966076511,14165943.8769454,36141.9054494225,14204869.8771357,453898.165740017,62354.3469883645,"Malawi","All","All",1,18841350.6633035,482
"242",242,4636374.54788794,432.492071586963,635.024143582551,151.070414339485,1344.45617454561,14166221.6270248,36191.4455867327,14204975.1154155,453905.513355929,62357.7236848237,"Malawi","All","All",1,18841350.6633035,482
"243",243,4636280.31771596,387.255264676198,568.610988534391,135.594457147037,1268.67292680804,14166472.0158784,36238.1960719068,14205069.3455875,453912.092539907,62360.7546378432,"Malawi","All","All",1,18841350.6633035,482
"244",244,4636195.9442274,346.749518031192,509.14205427238,121.690839895113,1197.02578085001,14166697.8020155,36282.3088674967,14205153.7190761,453917.983640227,62363.4749495624,"Malawi","All","All",1,18841350.6633035,482
"245",245,4636120.39644228,310.480157356183,455.891519074764,109.201703345337,1129.30318377523,14166901.4621032,36323.9281944489,14205229.2668612,453923.258605914,62365.9162016449,"Malawi","All","All",1,18841350.6633035,482
"246",246,4636052.75124242,278.004122127087,408.209497038969,97.9847588296048,1065.30289173592,14167085.219922,36363.1908693079,14205296.9120611,453927.981863096,62368.1068021082,"Malawi","All","All",1,18841350.6633035,482
"247",247,4635992.18200221,248.924798945551,365.513787736035,87.9118010725683,1004.83172862444,14167251.0725517,36400.2266331534,14205357.4813013,453932.211107083,62370.0722985531,"Malawi","All","All",1,18841350.6633035,482
"248",248,4635937.94857215,222.886987791027,327.283084722285,78.8673421221304,947.705330277143,14167400.8135148,36435.1584715875,14205411.7147313,453935.998000349,62371.8356618181,"Malawi","All","All",1,18841350.6633035,482
"249",249,4635889.3882451,199.572552407843,293.050655358037,70.7473782071015,893.747876810234,14167536.0536702,36468.1029253572,14205460.2750584,453939.388802186,62373.4175419767,"Malawi","All","All",1,18841350.6633035,482
"250",250,4635845.90758656,178.696722883054,262.398385151795,63.4582794065581,842.791816205627,14167658.240122,36499.1703912552,14205503.7557169,453942.424938253,62374.8364991966,"Malawi","All","All",1,18841350.6633035,482
"251",251,4635806.97524719,160.004467935772,234.951910574146,56.9157713252705,794.677582754289,14167768.6729107,36528.4654129961,14205542.6880563,453945.143501734,62376.1092125561,"Malawi","All","All",1,18841350.6633035,482
"252",252,4635772.11547762,143.267367422951,210.376079273379,51.044017761993,749.253311992221,14167868.5200874,36556.0869619548,14205577.5478259,453947.577705592,62377.2506682618,"Malawi","All","All",1,18841350.6633035,482
"253",253,4635740.9022579,128.280968106739,188.370651689716,45.7747966119657,706.374554163409,14167958.8313673,36582.128707689,14205608.7610456,453949.757292041,62378.2743291719,"Malawi","All","All",1,18841350.6633035,482
"254",254,4635712.95414055,114.862169274118,168.666815567748,41.0467448965606,665.903988658513,14168040.5501663,36606.6792781942,14205636.7091629,453951.708892263,62379.1922879848,"Malawi","All","All",1,18841350.6633035,482
"255",255,4635687.92959534,102.84697421206,151.023926787234,36.804679874449,627.711140362385,14168114.5244769,36629.8225099747,14205661.7337081,453953.456351185,62380.0154051684,"Malawi","All","All",1,18841350.6633035,482
"256",256,4635665.52279074,92.0886003531337,135.226407134752,32.9989903920136,591.672099166377,14168181.5167277,36651.6376880304,14205684.1405127,453955.021021816,62380.7534330538,"Malawi","All","All",1,18841350.6633035,482
"257",257,4635645.45989425,82.4555950363839,121.081249877603,29.585079699542,557.669244253595,14168242.2124645,36672.1997758683,14205704.2034092,453956.422023398,62381.4151278843,"Malawi","All","All",1,18841350.6633035,482
"258",258,4635627.49573097,73.8302189657412,108.415680981498,26.5228651887874,525.590973603377,14168297.228198,36691.5796357409,14205722.1675725,453957.676474589,62382.0083506091,"Malawi","All","All",1,18841350.6633035,482
"259",259,4635611.41075208,66.1070963417135,97.0749199167879,23.7763307211437,495.331439424421,14168347.1185257,36709.8442393207,14205738.2525514,453958.799705029,62382.5401574809,"Malawi","All","All",1,18841350.6633035,482
"260",260,4635597.00838084,59.1918566651889,86.9203955112152,21.3131169800888,466.79029052505,14168392.3823939,36727.0568690115,14205752.6549226,453959.805440573,62383.016881807,"Malawi","All","All",1,18841350.6633035,482
"261",261,4635584.11261431,52.9999725101511,77.8280682350418,19.1041541682329,439.872421739925,14168433.4687623,36743.2773101695,14205765.5506892,453960.705970682,62383.4442074307,"Malawi","All","All",1,18841350.6633035,482
"262",262,4635572.56584381,47.4557957813469,69.6868126839911,17.1233337762962,414.48773071818,14168470.7817522,36758.5620345285,14205777.0974597,453961.512300565,62383.8272347474,"Malawi","All","All",1,18841350.6633035,482
"263",263,4635562.22695508,42.4915780742752,62.3971471505408,15.3472087466754,390.5508828291,14168504.6851567,36772.9643749041,14205787.4363484,453962.234283792,62384.1705401338,"Malawi","All","All",1,18841350.6633035,482
"264",264,4635552.96960059,38.0466385729979,55.8700193480965,13.7547242351511,367.981083724611,14168535.5065451,36786.5346918824,14205796.6937029,453962.8807429,62384.4782295234,"Malawi","All","All",1,18841350.6633035,482
"265",265,4635544.68063883,34.0666716389956,50.0256499986713,12.3269779514138,346.701860076311,14168563.5409727,36799.3205322995,14205804.9826646,453963.459578351,62384.7539863151,"Malawi","All","All",1,18841350.6633035,482
"266",266,4635537.258769,30.5030383376378,44.7926239486888,11.0470005686266,326.640848509266,14168589.054243,36811.3667801109,14205812.4045345,453963.977863847,62385.0011146495,"Malawi","All","All",1,18841350.6633035,482
"267",267,4635530.61329018,27.3121791849458,40.1070074618661,9.89955997361378,307.729592585918,14168612.2858743,36822.7157998334,14205819.0500133,453964.441932956,62385.222578215,"Malawi","All","All",1,18841350.6633035,482
"268",268,4635524.66298156,24.4551097462379,35.9115259124216,8.87098591726709,289.903347808511,14168633.4517796,36833.4075728798,14205825.0003219,453964.85745729,62385.4210350892,"Malawi","All","All",1,18841350.6633035,482
"269",269,4635519.33512501,21.8969104465854,32.154915888079,7.9490101564431,273.100894804181,14168652.7466202,36843.4798269672,14205830.3281785,453965.229514755,62385.5988690864,"Malawi","All","All",1,18841350.6633035,482
"270",270,4635514.56460784,19.6063150986112,28.7912736548649,7.12262401694398,257.264360071581,14168670.3459636,36852.9681591623,14205835.0986956,453965.562652189,62385.7582179406,"Malawi","All","All",1,18841350.6633035,482
"271",271,4635510.29312568,17.5553362774611,25.7794851552603,6.3819504536517,242.339044639513,14168686.4082088,36861.9061524834,14205839.3701778,453965.86094102,62385.900998537,"Malawi","All","All",1,18841350.6633035,482
"272",272,4635506.46847743,15.7189034940916,23.0827524958106,5.71812779418503,228.273260220549,14168701.0762955,36870.3254865796,14205843.194826,453966.128026498,62386.0289296532,"Malawi","All","All",1,18841350.6633035,482
"273",273,4635503.04391986,14.0745756227142,20.6681166732456,5.12320669519603,215.018172667849,14168714.4792693,36878.2560426611,14205846.6193836,453966.367172754,62386.1435523141,"Malawi","All","All",1,18841350.6633035,482
"274",274,4635499.97759942,12.6022590823849,18.5060660848315,4.59005657157784,202.527652615085,14168726.7336667,36885.7260029578,14205849.6857041,453966.581302478,62386.2462481026,"Malawi","All","All",1,18841350.6633035,482
"275",275,4635497.232043,11.2839566219039,16.5701843525371,4.11228155791491,190.758133045834,14168737.9447599,36892.7619449544,14205852.4312605,453966.773032475,62386.3382555949,"Malawi","All","All",1,18841350.6633035,482
"276",276,4635494.77369511,10.1035599850724,14.8368090935507,3.68414569933456,179.668473560437,14168748.2076894,36899.3889306362,14205854.8896084,453966.944705981,62386.4206850833,"Malawi","All","All",1,18841350.6633035,482
"277",277,4635492.57251116,9.04664303373925,13.2847568783599,3.30050483137147,169.219831069832,14168757.6084654,36905.6305910582,14205857.0907923,453967.098421066,62386.4945318402,"Malawi","All","All",1,18841350.6633035,482
"278",278,4635490.6015905,8.10028695128437,11.8950630744425,2.95674595475441,159.375536871432,14168766.2248738,36911.5092062917,14205859.061713,453967.236056257,62386.560687971,"Malawi","All","All",1,18841350.6633035,482
"279",279,4635488.83684479,7.2529282844669,10.6507408484281,2.64873283501034,150.100979618423,14168774.1272959,36917.0457811653,14205860.8264587,453967.359293694,62386.6199530724,"Malawi","All","All",1,18841350.6633035,482
"280",280,4635487.25670665,6.49421045640797,9.53658433934771,2.37275672773598,141.363494147058,14168781.3794343,36922.2601168856,14205862.4065968,453967.469639476,62386.6730438002,"Malawi","All","All",1,18841350.6633035,482
"281",281,4635485.84186491,5.81486015473991,8.53897850060978,2.12549249067893,133.132255838943,14168788.0389728,36927.1708787826,14205863.8214386,453967.568442147,62386.7206024411,"Malawi","All","All",1,18841350.6633035,482
"282",282,4635484.57502766,5.20657630343179,7.64572929770591,1.903959165573,125.378180310298,14168794.1581704,36931.7956603742,14205865.0882758,453967.656909243,62386.7632046038,"Malawi","All","All",1,18841350.6633035,482
"283",283,4635483.44071254,4.66192394783477,6.84592128644194,1.70548430420848,118.073828165991,14168799.7843893,36936.1510439647,14205866.2225909,453967.736121937,62386.8013661339,"Malawi","All","All",1,18841350.6633035,482
"284",284,4635482.42505682,4.17424627717536,6.12978054325203,1.52767231198147,111.193314756297,14168804.9605749,36940.2526578366,14205867.2382467,453967.807048297,62386.8355492868,"Malawi","All","All",1,18841350.6633035,482
"285",285,4635481.51564727,3.73758436786126,5.48855319530772,1.36837588568354,104.712224476854,14168809.7256879,36944.1152303827,14205868.1476562,453967.870555175,62386.8661682858,"Malawi","All","All",1,18841350.6633035,482
"286",286,4635480.70136985,3.34660096462617,4.91440358857579,1.22567026320586,98.607529596635,14168814.115088,36947.7526412091,14205868.9619336,453967.927418692,62386.8935943033,"Malawi","All","All",1,18841350.6633035,482
"287",287,4635479.97227309,2.99651733310605,4.40031543545737,1.09783030363719,92.8575133167062,14168818.1608846,36951.1779694218,14205869.6910304,453967.978333789,62386.9181599215,"Malawi","All","All",1,18841350.6633035,482
"288",288,4635479.31944601,2.68305586533232,3.94000457267977,0.983309891831395,87.4416968911713,14168821.892251,36954.4035392296,14205870.3438575,453968.023922743,62386.9401631344,"Malawi","All","All",1,18841350.6633035,482
"289",289,4635478.73491033,2.40238512255876,3.52784613568435,0.880723325164106,82.3407706194897,14168825.3357049,36957.4409630088,14205870.9283931,453968.064742701,62386.9598709402,"Malawi","All","All",1,18841350.6633035,482
"290",290,4635478.21152229,2.15107461335614,3.1588034430853,0.78882877078537,77.5365285128145,14168828.5153639,36960.301181965,14205871.4517812,453968.101292532,62386.9775225568,"Malawi","All","All",1,18841350.6633035,482
"291",291,4635477.74288506,1.92605367311162,2.82836525324189,0.706513403293714,73.0118064639873,14168831.4531751,36962.994504519,14205871.9204184,453968.134018945,62386.9933323052,"Malawi","All","All",1,18841350.6633035,482
"292",292,4635477.32327137,1.72457184153283,2.5324937334579,0.632779966382282,68.7504237527401,14168834.1691203,36965.53064254,14205872.3400321,453968.163321893,62387.0074921984,"Malawi","All","All",1,18841350.6633035,482
"293",293,4635476.94755303,1.54416648456357,2.26757328284967,0.566734841045629,64.7371277108093,14168836.6814026,36967.9187455432,14205872.7157504,453968.189559493,62387.0201742575,"Malawi","All","All",1,18841350.6633035,482
"294",294,4635476.61113799,1.38263334034358,2.03036539490061,0.507577327804998,60.9575413951491,14168839.0066151,36970.1674329601,14205873.0521655,453968.21305242,62387.0315325889,"Malawi","All","All",1,18841350.6633035,482
"295",295,4635476.3099149,1.2379979441462,1.81797150700464,0.454589951498234,57.398114121719,14168841.1598905,36972.2848245869,14205873.3533886,453968.234087784,62387.0417052486,"Malawi","All","All",1,18841350.6633035,482
"296",296,4635476.04020245,1.1084924623457,1.62779613748287,0.407129860112975,54.0460746991991,14168843.1550385,36974.2785693141,14205873.623101,453968.252922661,62387.0508159105,"Malawi","All","All",1,18841350.6633035,482
"297",297,4635475.7987042,0.992534574448502,1.45751445236114,0.364621100479106,50.8893872389041,14168845.0046697,36976.1558722261,14205873.8645993,453968.269787252,62387.0589753612,"Malawi","All","All",1,18841350.6633035,482
"298",298,4635475.58246877,0.888706870318138,1.30504572235649,0.326547626575688,47.9167094017778,14168846.7203049,36977.9235201642,14205874.0808347,453968.28488766,62387.0662828428,"Malawi","All","All",1,18841350.6633035,482
"299",299,4635475.38885352,0.795740292745104,1.1685267614563,0.292447105094362,45.1173529527424,14168848.312477,36979.5879058368,14205874.27445,453968.29840843,62387.0728272533,"Malawi","All","All",1,18841350.6633035,482
"300",300,4635475.21549204,0.712498981210155,1.04628863344212,0.261905349670212,42.4812465041608,14168849.7908214,36981.1550505572,14205874.4478114,453968.310514814,62387.0786882227,"Malawi","All","All",1,18841350.6633035,482
"301",301,4635475.0602657,0.637965418095733,0.936837693929646,0.234551282101419,39.9989003343918,14168851.1641574,36982.6306256856,14205874.6030378,453968.321354765,62387.0839370794,"Malawi","All","All",1,18841350.6633035,482
"302",302,4635474.92127743,0.571228597823844,0.83883644117672,0.210052472766536,37.6613731666798,14168852.4405625,36984.0199728474,14205874.742026,453968.33106076,62387.0886377138,"Malawi","All","All",1,18841350.6633035,482
"303",303,4635474.7968285,0.511473150048336,0.75108678969203,0.188111132484594,35.4602408065873,14168853.6274401,36985.3281229958,14205874.866475,453968.339751427,62387.0928473524,"Malawi","All","All",1,18841350.6633035,482
"304",304,4635474.68539802,0.457968627257585,0.672516534330226,0.16846048248434,33.3875665392693,14168854.7315789,36986.5598143836,14205874.9779055,453968.347532973,62387.0966172534,"Malawi","All","All",1,18841350.6633035,482
"305",305,4635474.58562417,0.410061055212884,0.602165539661335,0.150861545305068,31.4358731881906,14168855.7592085,36987.719509506,14205875.0776793,453968.3545005,62387.0999933279,"Malawi","All","All",1,18841350.6633035,482
"306",306,4635474.4962875,0.367165126408257,0.539173730566522,0.135100259497645,29.5981167475748,14168856.716049,36988.8114110713,14205875.167016,453968.360739166,62387.1030166964,"Malawi","All","All",1,18841350.6633035,482
"307",307,4635474.41629624,0.328756472061288,0.482771431615401,0.120984865378495,27.8676615037246,14168857.6073559,36989.839477055,14205875.2470072,453968.366325212,62387.1057241894,"Malawi","All","All",1,18841350.6633035,482
"308",308,4635474.34467278,0.294365630641459,0.432269402455016,0.108343596733063,26.2382565612199,14168858.4379606,36990.8074348889,14205875.3186307,453968.371326908,62387.1081487939,"Malawi","All","All",1,18841350.6633035,482
"309",309,4635474.28054173,0.263572444243385,0.387050216193941,0.0970226045032038,24.7040136987847,14168859.2123079,36991.7187948338,14205875.3827617,453968.375805384,62387.110320054,"Malawi","All","All",1,18841350.6633035,482
"310",310,4635474.22311935,0.236000480010393,0.346561364521685,0.0868840739358042,23.2593864738622,14168859.9344891,36992.5768625875,14205875.4401841,453968.379815373,62387.1122644304,"Malawi","All","All",1,18841350.6633035,482
"311",311,4635474.17170387,0.211312728463033,0.310308078015005,0.0778045665462132,21.8991505348086,14168860.6082725,36993.3847511536,14205875.4915996,453968.38340588,62387.1140056217,"Malawi","All","All",1,18841350.6633035,482
"312",312,4635474.1256668,0.189207548785895,0.277847057599352,0.0696735111918727,20.6183848533137,14168861.2371316,36994.1453921464,14205875.5376367,453968.386620797,62387.1155648549,"Malawi","All","All",1,18841350.6633035,482
"313",313,4635474.08444552,0.169414733480913,0.24878167683701,0.0623918804096288,19.4124545861724,14168861.824269,36994.8615461067,14205875.578858,453968.389499411,62387.1169611382,"Malawi","All","All",1,18841350.6633035,482
"314",314,4635474.04753638,0.151692384140557,0.222756863588439,0.0558709944618659,18.2769945525973,14168862.3726398,36995.5358124394,14205875.6157671,453968.392076894,62387.118211492,"Malawi","All","All",1,18841350.6633035,482
"315",315,4635474.01448828,0.135823968444296,0.19945446470686,0.0500314147044977,17.2078932563197,14168862.8849731,36996.1706390184,14205875.6488152,453968.39438475,62387.1193311626,"Malawi","All","All",1,18841350.6633035,482
"316",316,4635473.9848973,0.121615547122072,0.178589689802029,0.0448019897350988,16.2012783842725,14168863.3637897,36996.7683308961,14205875.6784062,453968.396451183,62387.1203338043,"Malawi","All","All",1,18841350.6633035,482
"317",317,4635473.95840181,0.108893442474106,0.159907582313296,0.0401189934890789,15.2535029801398,14168863.8114201,36997.3310586031,14205875.7049017,453968.398301448,62387.1212316451,"Malawi","All","All",1,18841350.6633035,482
"318",318,4635473.93467799,0.0975021882579293,0.143179791282807,0.0359253531152144,14.3611323914538,14168864.2300198,36997.8608659799,14205875.7286255,453968.399958158,62387.1220356363,"Malawi","All","All",1,18841350.6633035,482
"319",319,4635473.9134359,0.0873025707267642,0.128201869382271,0.0321699531528642,13.5209319683243,14168864.6215836,36998.3596775518,14205875.7498676,453968.401441561,62387.1227555848,"Malawi","All","All",1,18841350.6633035,482
"320",320,4635473.89441593,0.078169922518854,0.114790782909633,0.0288070140885927,12.7298554729339,14168864.9879589,36998.8293054757,14205875.7688875,453968.402769787,62387.1234002735,"Malawi","All","All",1,18841350.6633035,482
"321",321,4635473.87738565,0.0699926447391735,0.10278263855717,0.0257955409029551,11.9850342331526,14168865.3308567,36999.2714560365,14205875.7859178,453968.403959066,62387.1239775667,"Malawi","All","All",1,18841350.6633035,482
"322",322,4635473.86213696,0.0626708185065643,0.0920306964440667,0.0230988212535637,11.2837668071528,14168865.6518635,36999.6877358349,14205875.8011665,453968.405023931,62387.1244945068,"Malawi","All","All",1,18841350.6633035,482
"323",323,4635473.8484834,0.0561149135158948,0.0824034983777074,0.0206839559083333,10.6235088037557,14168865.952451,37000.0796578793,14205875.8148201,453968.405977403,62387.1249574044,"Malawi","All","All",1,18841350.6633035,482
"324",324,4635473.83625811,0.0502448031352923,0.0737833730816311,0.0185214929599371,10.0018643788627,14168866.2339846,37000.4486466713,14205875.8270454,453968.406831135,62387.1253719084,"Malawi","All","All",1,18841350.6633035,482
"325",325,4635473.82531168,0.0449887594235019,0.0660649865049756,0.0165850629210601,9.41657754074052,14168866.497732,37000.7960434052,14205875.8379918,453968.407595559,62387.1257430763,"Malawi","All","All",1,18841350.6633035,482
"326",326,4635473.81551035,0.0402825416643028,0.059154013235476,0.0148510461174506,8.86552381324962,14168866.7448708,37001.1231109507,14205875.8477931,453968.408280017,62387.126075438,"Malawi","All","All",1,18841350.6633035,482
"327",327,4635473.80673432,0.0360686355942626,0.0529659876116691,0.0132982904772081,8.34670265345522,14168866.9764952,37001.4310383827,14205875.8565692,453968.408892875,62387.12637305,"Malawi","All","All",1,18841350.6633035,482
"328",328,4635473.79887634,0.0322955423015605,0.0474252816333414,0.0119078534489708,7.85823024651097,14168867.1936229,37001.7209452847,14205875.8644271,453968.409441623,62387.1266395447,"Malawi","All","All",1,18841350.6633035,482
"329",329,4635473.79184038,0.0289171460568119,0.0424641839352412,0.0106627711109093,7.39833271342668,14168867.3972005,37001.9938858041,14205875.8714631,453968.409932967,62387.1268781751,"Malawi","All","All",1,18841350.6633035,482
"330",330,4635473.78554044,0.0258921597799126,0.03802206002945,0.00954785202686021,6.96533971297457,14168867.5881088,37002.2508524706,14205875.877763,453968.410372912,62387.1270918541,"Malawi","All","All",1,18841350.6633035,482
"331",331,4635473.77989953,0.023183614512303,0.0340446195309092,0.00854949189716464,6.55767841339257,14168867.767168,37002.4927797935,14205875.883404,453968.410766835,62387.1272831902,"Malawi","All","All",1,18841350.6633035,482
"332",332,4635473.7748487,0.0207584054358365,0.030483255432658,0.00765550767650567,6.17386781144845,14168867.9351421,37002.7205476501,14205875.8884548,453968.411119551,62387.1274545193,"Malawi","All","All",1,18841350.6633035,482
"333",333,4635473.77032624,0.0185868943909429,0.027294440882926,0.00685498954399213,5.81251338677099,14168868.092743,37002.9349844734,14205875.8929772,453968.411435369,62387.1276079331,"Malawi","All","All",1,18841350.6633035,482
"334",334,4635473.76627685,0.0166425397473873,0.0244391977352872,0.00613816639465163,5.47230201187917,14168868.2406344,37003.1368702869,14205875.8970266,453968.41171815,62387.1277453049,"Malawi","All","All",1,18841350.6633035,482
"335",335,4635473.76265107,0.0149015778203429,0.0218826337860887,0.0054962894399417,5.15199730939561,14168868.3794351,37003.3269394717,14205875.9006524,453968.411971351,62387.1278683119,"Malawi","All","All",1,18841350.6633035,482
"336",336,4635473.75940457,0.0133427360526802,0.0195935103048873,0.00492152562502625,4.85043518058072,14168868.5097225,37003.5058834307,14205875.9038989,453968.412198064,62387.1279784559,"Malawi","All","All",1,18841350.6633035,482
"337",337,4635473.75649768,0.0119469637928216,0.0175438496574703,0.00440685907565796,4.56651948536813,14168868.6320355,37003.674353163,14205875.9068058,453968.412401061,62387.1280770816,"Malawi","All","All",1,18841350.6633035,482
"338",338,4635473.75389489,0.0106972020380514,0.0157086022871576,0.00394600707109346,4.29921812609293,14168868.746877,37003.8329615957,14205875.9094086,453968.412582823,62387.1281653935,"Malawi","All","All",1,18841350.6633035,482
"339",339,4635473.75156436,0.00957817665527042,0.0140653388360911,0.00353334358907075,4.04755931654689,14168868.8547171,37003.9822858063,14205875.9117391,453968.412745571,62387.1282444701,"Malawi","All","All",1,18841350.6633035,482
"340",340,4635473.74947764,0.0085762116926564,0.0125939756089739,0.00316383064809002,3.81062806279585,14168868.9559946,37004.1228691177,14205875.9138258,453968.412891294,62387.128315277,"Malawi","All","All",1,18841350.6633035,482
"341",341,4635473.7476092,0.00767906146662024,0.0112765304027737,0.00283295684961855,3.58756284936278,14168869.0511198,37004.2552230707,14205875.9156943,453968.413021773,62387.1283786789,"Malawi","All","All",1,18841350.6633035,482
"342",342,4635473.74593622,0.00687576135255248,0.0100969022162944,0.00253668238603101,3.3775525193265,14168869.1404761,37004.3798292814,14205875.9173673,453968.413138602,62387.1284354502,"Malawi","All","All",1,18841350.6633035,482
"343",343,4635473.74443825,0.006156494931726,0.00904067552636782,0.00227139011490932,3.17983335688511,14168869.2244221,37004.4971411769,14205875.9188652,453968.41324321,62387.1284862842,"Malawi","All","All",1,18841350.6633035,482
"344",344,4635473.74309699,0.00551247306937976,0.00809494373149613,0.00203384119733543,2.99368630927406,14168869.3032933,37004.6075856484,14205875.9202065,453968.413336875,62387.1285318016,"Malawi","All","All",1,18841350.6633035,482
"345",345,4635473.74189603,0.00493582113886565,0.00724814330424469,0.00182113358575773,2.81843425237658,14168869.3774034,37004.7115646779,14205875.9214074,453968.413420741,62387.1285725586,"Malawi","All","All",1,18841350.6633035,482
"346",346,4635473.74082071,0.00441949112740942,0.00648992418156781,0.0016306696241528,2.65343970848428,14168869.4470463,37004.8094566953,14205875.9224828,453968.413495835,62387.1286090532,"Malawi","All","All",1,18841350.6633035,482
"347",347,4635473.73985787,0.00395717379162489,0.00581102143256622,0.00146012379939249,2.49810251350459,14168869.5124968,37004.9016179665,14205875.9234456,453968.413563073,62387.1286417309,"Malawi","All","All",1,18841350.6633035,482
"348",348,4635473.73899575,0.00354321883972352,0.00520313787298141,0.00130741334797735,2.35185758148917,14168869.5740124,37004.9883839222,14205875.9243077,453968.413623277,62387.128670991,"Malawi","All","All",1,18841350.6633035,482
"349",349,4635473.73822382,0.00317256720656524,0.00465884420590603,0.00117067328185703,2.21417287293818,14168869.6318343,37005.070070366,14205875.9250797,453968.413677184,62387.1286971908,"Malawi","All","All",1,18841350.6633035,482
"350",350,4635473.73753264,0.00284068898856446,0.0041714884049487,0.00104823359987196,2.08454746499608,14168869.6861883,37005.1469746218,14205875.9257708,453968.413725451,62387.1287206504,"Malawi","All","All",1,18841350.6633035,482
"351",351,4635473.73691376,0.00254352810126167,0.0037351143126849,0.000938598897856047,1.96250973315295,14168869.7372861,37005.2193766148,14205875.9263897,453968.413768669,62387.1287416564,"Malawi","All","All",1,18841350.6633035,482
"352",352,4635473.73635962,0.00227745285340497,0.0033443887377843,0.000840430133496835,1.84761563928275,14168869.7853261,37005.2875398888,14205875.9269438,453968.413807367,62387.1287604654,"Malawi","All","All",1,18841350.6633035,482
"353",353,4635473.73586345,0.00203921140820868,0.00299453645772154,0.000752528270438985,1.73944711933072,14168869.8304941,37005.3517125645,14205875.92744,453968.413842016,62387.1287773071,"Malawi","All","All",1,18841350.6633035,482
"354",354,4635473.73541918,0.00182589207770973,0.00268128181200099,0.000673819643893506,1.6376105651653,14168869.8729645,37005.4121282419,14205875.9278843,453968.41387304,62387.1287923873,"Malawi","All","All",1,18841350.6633035,482
"355",355,4635473.73502139,0.0016348878026084,0.0024007962857297,0.000603342848940725,1.54173539451647,14168869.9129008,37005.4690068497,14205875.9282821,453968.413900819,62387.1288058902,"Malawi","All","All",1,18841350.6633035,482
"356",356,4635473.73466521,0.00146386419333352,0.00214965190744357,0.000540237004720696,1.451472705138,14168869.9504564,37005.5225554453,14205875.9286383,453968.413925693,62387.1288179808,"Malawi","All","All",1,18841350.6633035,482
"357",357,4635473.73434629,0.00131073112428489,0.00192477945382771,0.000483731280526378,1.36649400947745,14168869.985775,37005.5729689664,14205875.9289572,453968.413947964,62387.1288288068,"Malawi","All","All",1,18841350.6633035,482
"358",358,4635473.73406073,0.00117361715869405,0.00172343062625219,0.000433135443268719,1.28649003874297,14168870.0189916,37005.6204309414,14205875.9292427,453968.413967905,62387.1288385005,"Malawi","All","All",1,18841350.6633035,482
"359",359,4635473.73380505,0.00105084652275657,0.00154314466380884,0.000387831420858945,1.21116961872785,14168870.0502328,37005.6651141575,14205875.9294984,453968.413985761,62387.1288471803,"Malawi","All","All",1,18841350.6633035,482
"360",360,4635473.73357611,0.000940918745511216,0.00138171823212616,0.000347265775729756,1.14025861253915,14168870.0796176,37005.7071812882,14205875.9297274,453968.414001748,62387.1288549521,"Malawi","All","All",1,18841350.6633035,482
"361",361,4635473.73337112,0.000842490411451514,0.00123717836950268,0.000310942951345725,1.07349892447185,14168870.1072573,37005.7467854853,14205875.9299324,453968.414016063,62387.1288619111,"Malawi","All","All",1,18841350.6633035,482
"362",362,4635473.73318757,0.000754358535592526,0.00110775865434955,0.000278419209981184,1.01064756167969,14168870.1332569,37005.7840709362,14205875.9301159,453968.414028881,62387.1288681422,"Malawi","All","All",1,18841350.6633035,482
"363",363,4635473.73302323,0.000675445999861101,0.00099187743061417,0.000249297221404061,0.951475751032723,14168870.1577145,37005.8191733881,14205875.9302802,453968.414040358,62387.1288737216,"Malawi","All","All",1,18841350.6633035,482
"364",364,4635473.73287607,0.000604788450746955,0.000888118375658869,0.000223221211815981,0.895768107289533,14168870.1807225,37005.8522206423,14205875.9304274,453968.414050634,62387.1288787173,"Malawi","All","All",1,18841350.6633035,482
"365",365,4635473.73274431,0.000541522306580605,0.000795213426606255,0.00019987260308729,0.843321849288969,14168870.2023677,37005.8833330194,14205875.9305592,453968.414059835,62387.1288831905,"Malawi","All","All",1,18841350.6633035,482
