"","time","S","E","I","H","C","R","D","inci","hosp","crits","lvl2","lvl3","lvl4","ID","POP","runNum"
"1",1,18841349.6633035,0,1,0,0,0,0,0,0,0,"Malawi","All","All",1,18841350.6633035,222
"2",2,18841348.8858896,0.637050410543569,0.824261707135044,0.0100167427913595,8.66958970016122e-05,0.305997268304448,1.09819339678435e-06,0.777413922864818,0.0106409228296191,8.85347730871241e-05,"Malawi","All","All",1,18841350.6633035,222
"3",3,18841348.1556796,1.03073553328527,0.863878161026485,0.0183305226251105,0.000313468818845682,0.594358097595257,8.06637201690471e-06,1.50762384972299,0.020635737127984,0.000326975600658578,"Malawi","All","All",1,18841350.6633035,222
"4",4,18841347.3394116,1.36845109835433,1.01053043389989,0.0268397321086479,0.000661888253379152,0.91738308919213,2.56127779163042e-05,2.3238918545863,0.0318084795970185,0.00070477571284825,"Malawi","All","All",1,18841350.6633035,222
"5",5,18841346.3617311,1.72992864786966,1.22920180826466,0.0364915132204384,0.00113636843253081,1.30475583846833,5.82404398590324e-05,3.30157241669548,0.0451905717436798,0.00123388946332563,"Malawi","All","All",1,18841350.6633035,222
"6",6,18841345.1633141,2.156146217206,1.51411660482688,0.0479236332363597,0.00175340964883901,1.77993867291211,0.000110854436915514,4.4999893922671,0.0615940146931362,0.00193903048175762,"Malawi","All","All",1,18841350.6633035,222
"7",7,18841343.6835751,2.67594971787308,1.87237996191086,0.0617204290647458,0.0025382495340285,2.36695087954242,0.000189130829526027,5.97972836875467,0.0818480799315083,0.00285494071107146,"Malawi","All","All",1,18841350.6633035,222
"8",8,18841341.8523561,3.31676091480959,2.31820136421279,0.07852541801086,0.00352450822176629,3.09363533110581,0.000299825377641555,7.81094736173846,0.106913062876359,0.004026552505031,"Malawi","All","All",1,18841350.6633035,222
"9",9,18841339.5846011,4.10939830122216,2.87123390690103,0.0991032570888099,0.00475519731008386,3.99376060752247,0.000451097266881118,10.0787023673114,0.137953177105709,0.00551053965573664,"Malawi","All","All",1,18841350.6633035,222
"10",10,18841336.7756518,5.09084206072729,3.55660085977629,0.124386979834203,0.00628452394115556,5.10888441754847,0.00065288488055618,12.887651726708,0.176400946160572,0.00737775068697511,"Malawi","All","All",1,18841350.6633035,222
"11",11,18841333.2961237,6.30645081582152,4.4057192442975,0.155525429686865,0.00818034844526814,6.49038658468129,0.000917360778852237,16.3671797837113,0.224027334666423,0.00971642834062853,"Malawi","All","All",1,18841350.6633035,222
"12",12,18841328.9858506,7.81223761816422,5.45761743841456,0.193937564438119,0.0105273088697954,8.20187352355756,0.00125948747637001,20.6774529409206,0.283024642067608,0.0126362647304664,"Malawi","All","All",1,18841350.6633035,222
"13",13,18841323.6464598,9.67752519937132,6.76068526598065,0.241378317052087,0.0134307430054729,10.3221264831303,0.00169770420189021,26.0168437127417,0.35610812143894,0.0162734733171559,"Malawi","All","All",1,18841350.6633035,222
"14",14,18841317.032255,11.9881541018149,8.37487619744392,0.300019185462785,0.0170215459528544,12.9487226491038,0.00225477108248175,32.6310484508607,0.446640781345791,0.0207970600235274,"Malawi","All","All",1,18841350.6633035,222
"15",15,18841308.8388225,14.850472046066,10.3744787998489,0.372548813290928,0.0214622597551624,16.2025602576697,0.00295882307267123,40.8244809997034,0.558789340890823,0.0264166776250273,"Malawi","All","All",1,18841350.6633035,222
"16",16,18841298.6891113,18.396199026729,12.8515112268365,0.462295799813104,0.0269545252735616,20.2333869648144,0.00384465609822568,50.9741921995648,0.697714759290774,0.0333922312156536,"Malawi","All","All",1,18841350.6633035,222
"17",17,18841286.1160393,22.7885062581726,15.9199636866117,0.573382144215108,0.0337484003837929,25.2267083471291,0.00495533272949293,63.5472641692418,0.869810329589537,0.0420458850333099,"Malawi","All","All",1,18841350.6633035,222
"18",18,18841270.5409872,28.2295278091894,19.7210479506245,0.710912921116253,0.0421538889607729,31.4123295543214,0.00634416616228032,79.1223162903746,1.0829960559022,0.0527769135323021,"Malawi","All","All",1,18841350.6633035,222
"19",19,18841251.2472983,34.969619190841,24.4296631334385,0.881210000191468,0.0525551500574436,39.0748805657228,0.00807716353912066,98.4160052037903,1.34708139298444,0.0660800017951695,"Malawi","All","All",1,18841350.6633035,222
"20",20,18841227.3470232,43.3189740813045,30.2625116616596,1.09210532251449,0.0654283352140957,48.567024757875,0.010236091092715,122.31628024966,1.6742204619204,0.0825682152886173,"Malawi","All","All",1,18841350.6633035,222
"21",21,18841197.7403215,53.6618037820048,37.4880094087469,1.35329891594663,0.0813633693589496,60.3255843007102,0.0129222154468628,151.922981992214,2.07946778972107,0.1030010454064,"Malawi","All","All",1,18841350.6633035,222
"22",22,18841161.0647913,66.4740404282801,46.4386477058476,1.67680575100072,0.101091135128801,74.8916662156645,0.0162609718617526,188.598512207783,2.58147192678269,0.128319410559446,"Malawi","All","All",1,18841350.6633035,222
"23",23,18841115.6327157,82.3452562449435,57.5263087527521,2.07750913621204,0.12551714726319,92.9355887628815,0.0204077455934426,234.030587789646,3.20333450001853,0.159689011199795,"Malawi","All","All",1,18841350.6633035,222
"24",24,18841059.3534778,102.005755072823,71.2612077806407,2.57384487040774,0.155763194035041,115.287699800352,0.0255550197549465,290.309825738013,3.9736723230729,0.198553940027283,"Malawi","All","All",1,18841350.6633035,222
"25",25,18840989.6373519,126.360188422151,88.2753592020853,3.18864974653409,0.193218965077084,142.976594038453,0.0319412375558893,360.025951611857,4.92793450170722,0.246703149242794,"Malawi","All","All",1,18841350.6633035,222
"26",26,18840903.2763741,156.529164982173,109.351646854407,3.95021216848457,0.239605993472206,177.276437628294,0.0398617771259738,446.386929403957,6.11003340838409,0.306352769493255,"Malawi","All","All",1,18841350.6633035,222
"27",27,18840796.296797,193.900746581207,135.45986316178,4.89357323203017,0.297056878673874,219.765584088232,0.0496825470875248,553.366506489011,7.5743647907145,0.380248097974667,"Malawi","All","All",1,18841350.6633035,222
"28",28,18840663.7763028,240.194315820797,167.801279978257,6.06213903524851,0.368213396502876,272.399195677847,0.061856826595459,685.887000735247,9.38831056666046,0.471789906328116,"Malawi","All","All",1,18841350.6633035,222
"29",29,18840499.6176141,297.539659325623,207.863862834944,7.50967764552295,0.456348034979339,337.599195432642,0.076946125897601,850.045689399608,11.6353388937035,0.585190906553874,"Malawi","All","All",1,18841350.6633035,222
"30",30,18840296.2682386,368.574694024873,257.490784955567,9.30279059241064,0.565514570790927,418.365634745016,0.0956460247623919,1053.39506491342,14.4188422678279,0.725669592779629,"Malawi","All","All",1,18841350.6633035,222
"31",31,18840044.3733183,456.566740842488,318.965055842646,11.5239757638182,0.700734475699921,518.414660136392,0.118818171046398,1305.28998523209,17.8668923519424,0.899690227848185,"Malawi","All","All",1,18841350.6633035,222
"32",32,18839732.3453934,565.562871670779,395.114328420616,14.2754241886569,0.868227943671403,642.349527923381,0.147529944366454,1617.31791009147,22.1381337591682,1.11526028550368,"Malawi","All","All",1,18841350.6633035,222
"33",33,18839345.83244,700.57504716796,489.441201710795,17.6837116189581,1.07570006125778,795.872099352576,0.183103558276675,2003.83086346982,27.4290728241871,1.38229884019147,"Malawi","All","All",1,18841350.6633035,222
"34",34,18838867.0583822,867.810859623782,606.283472210142,21.905622305786,1.33269491515379,986.045095387115,0.227176882486914,2482.60492132447,33.983115889276,1.71309251871757,"Malawi","All","All",1,18841350.6633035,222
"35",35,18838274.0075114,1074.95736433583,751.013738888664,27.1353456274775,1.65103457404693,1221.61652987131,0.281778787875046,3075.6557920852,42.1017502589504,2.12286064397704,"Malawi","All","All",1,18841350.6633035,222
"36",36,18837539.4144421,1331.53353286001,930.285500382125,33.6133966116158,2.04536235653562,1513.42164667375,0.349422453047394,3810.24886133709,52.1583963146185,2.6304547405649,"Malawi","All","All",1,18841350.6633035,222
"37",37,18836629.5141226,1649.32607882525,1152.33783241249,41.6376587366639,2.53381567326339,1874.88057428507,0.433220940457695,4720.1491808732,64.615558315935,3.25922490399024,"Malawi","All","All",1,18841350.6633035,222
"38",38,18835502.4957295,2042.92714241838,1427.37325950837,51.5770433820275,3.13885957458828,2322.61423877633,0.537030363057368,5847.16757402275,80.0460505515088,4.03809307454521,"Malawi","All","All",1,18841350.6633035,222
"39",39,18834106.5881421,2530.40116536442,1768.02404508599,63.888421088299,3.88831897448261,2877.20758358663,0.665627295802838,7243.07516139562,99.1593002533325,5.0028823288971,"Malawi","All","All",1,18841350.6633035,222
"40",40,18832377.6983853,3134.10565201391,2189.92832218221,79.1375148228538,4.81665409483827,3564.15184710448,0.824928020593413,8971.9649182389,122.833821095378,6.19795944030813,"Malawi","All","All",1,18841350.6633035,222
"41",41,18830236.4897474,3881.70579675984,2712.44247097119,98.0247736617259,5.96654073133503,4415.01171362389,1.02226030329802,11113.1735560513,152.157436281043,7.67827022306866,"Malawi","All","All",1,18841350.6633035,222
"42",42,18827584.7830543,4807.42235301878,3359.51829595727,121.417272645255,7.39082022276158,5468.86480838517,1.26669893429734,13764.8802491635,188.476886989615,9.51185134955885,"Malawi","All","All",1,18841350.6633035,222
"43",43,18824301.063646,5953.5866643366,4160.79798991705,150.388590013459,9.15493971638834,6774.10198761776,1.56948591915439,17048.5996575204,233.45987414753,11.7829742062437,"Malawi","All","All",1,18841350.6633035,222
"44",44,18820235.0369759,7372.52092539029,5152.94015082478,186.267207645328,11.3399177880823,8390.61358435481,1.94454156745225,21114.6263275708,289.17040027502,14.5959663093556,"Malawi","All","All",1,18841350.6633035,222
"45",45,18815200.8300219,9128.87906500318,6381.27536957538,230.697066428287,14.0460611227657,10392.5266138342,2.40910567583577,26148.8332816396,358.163097097202,18.080001617889,"Malawi","All","All",1,18841350.6633035,222
"46",46,18808968.6901409,11302.4957218418,7901.82575550512,285.71168900761,17.3975226430119,12871.5579487156,2.98452488936165,32380.9731626026,443.598778487851,22.39497706382,"Malawi","All","All",1,18841350.6633035,222
"47",47,18801254.7759483,13991.8731549297,9783.78810996573,353.825617849755,21.5479391429892,15941.1553052548,3.6972280880502,40094.887355231,549.387139016492,27.7387834275261,"Malawi","All","All",1,18841350.6633035,222
"48",48,18791708.5681908,17318.4569877139,12112.593075637,438.147600536598,26.6874325032496,19741.630076147,4.57994013401093,49641.0951126718,680.363626993815,34.3563389182486,"Malawi","All","All",1,18841350.6633035,222
"49",49,18779897.6506368,21431.7727839112,14993.5946509886,542.518104766042,33.0511457551311,24446.402815927,5.67316536389864,61452.0126667119,842.504652454986,42.5506092807494,"Malawi","All","All",1,18841350.6633035,222
"50",50,18765289.0504184,26515.6609680522,18556.5935291135,671.67891171839,40.9298261141166,30269.7226175401,7.02703251354286,76060.6128850518,1043.19357161108,52.696280073051,"Malawi","All","All",1,18841350.6633035,222
"51",51,18747226.6304029,32795.7398684422,22961.3107299575,831.480138110861,50.6828279651061,37476.115766251,8.70356987045244,94123.0329005971,1291.54623980256,65.2565692935654,"Malawi","All","All",1,18841350.6633035,222
"52",52,18724903.8510096,40548.2830813045,28403.9451931006,1029.13219496572,62.7540420376841,46391.9182758324,10.7795066302295,116445.812293871,1598.80834302194,80.8038473033032,"Malawi","All","All",1,18841350.6633035,222
"53",53,18697331.1305604,50110.632877892,35125.022913172,1273.51136118771,77.6914180135877,57419.3244467147,13.3497261395495,144018.53274312,1978.83937392948,100.044941735395,"Malawi","All","All",1,18841350.6633035,222
"54",54,18663297.1327534,61893.2009881198,43418.6932662608,1575.5278683483,96.1707999817665,71053.4061152225,16.5315121172093,178052.53055005,2448.6988863176,123.852083058773,"Malawi","All","All",1,18841350.6633035,222
"55",55,18621323.303678,76393.1374744418,53643.5087446905,1948.56747907138,119.024901535576,87902.6512632626,20.4697625115719,220026.359625513,3029.35390127111,153.300610048172,"Malawi","All","All",1,18841350.6633035,222
"56",56,18569611.3760325,94209.3082905474,66234.7943306663,2409.01523786545,147.278400210498,108713.547633943,25.3433777737955,271738.287271007,3746.52549190296,189.714761101746,"Malawi","All","All",1,18841350.6633035,222
"57",57,18505984.104377,116057.836975401,81718.579988278,2976.86810291755,182.190216760877,134399.710577709,31.3730653759565,335365.558926443,4631.69162188006,234.723021836901,"Malawi","All","All",1,18841350.6633035,222
"58",58,18427819.9956987,142787.531891557,100726.441470687,3676.44515415104,225.303987411988,166076.114256167,38.8308447999508,413529.667604773,5723.26539583033,290.32451302427,"Malawi","All","All",1,18841350.6633035,222
"59",59,18331984.7421318,175392.892954211,124010.652814077,4537.19017607999,278.507850233624,205098.625794609,48.0515825007634,509364.921171712,7067.95531419145,358.968091745173,"Malawi","All","All",1,18841350.6633035,222
"60",60,18214764.0563123,215021.379957949,152458.483852441,5594.54891702496,344.104456370377,253108.642910908,59.4468964540813,626585.606991147,8722.3002639806,443.645645169549,"Malawi","All","All",1,18841350.6633035,222
"61",61,18071805.1731706,262971.016114888,187102.861847947,6890.89611115564,424.891408943449,312082.302817285,73.5218326424072,769544.490132862,10754.3605116483,548.000453493351,"Malawi","All","All",1,18841350.6633035,222
"62",62,17898079.2735477,320671.031886505,229126.324639875,8476.44417825773,524.252115699384,384382.442229614,90.8947058448781,943270.389755796,13245.5011466538,676.451265108957,"Malawi","All","All",1,18841350.6633035,222
"63",63,17687882.1350019,389636.952035278,279853.00640272,10410.0294449989,646.254894346678,472809.965142002,112.320382197122,1153467.52830154,16292.1518593471,834.330387554554,"Malawi","All","All",1,18841350.6633035,222
"64",64,17434896.3096479,471388.812886711,340721.801218368,12759.6213880621,795.757149452959,580649.643656487,138.71735653314,1406453.35365561,20007.3702935642,1028.03320421812,"Malawi","All","All",1,18841350.6633035,222
"65",65,17132344.4538375,567320.112343705,413231.893523304,15602.3207531134,978.507677162951,711702.176562965,171.198605769452,1709005.20946602,24521.9256525366,1265.17214167735,"Malawi","All","All",1,18841350.6633035,222
"66",66,16773269.8195983,678504.445719073,498849.253447491,19023.5260408539,1201.23725749675,870291.274962096,211.106278150536,2068079.84370516,29984.5133807412,1554.72534759922,"Malawi","All","All",1,18841350.6633035,222
"67",67,16350973.174319,805435.57163736,598865.448806445,23114.8657180869,1471.7190671722,1061229.83505957,260.048695840955,2490376.48898448,36560.5501113757,1907.15906276016,"Malawi","All","All",1,18841350.6633035,222
"68",68,15859632.4466549,947701.979727329,714199.173271603,27970.4364531429,1798.78002589353,1289727.90794935,319.939221225249,2981717.21664855,44428.9507149039,2334.50404722813,"Malawi","All","All",1,18841350.6633035,222
"69",69,15295098.2399512,1103624.08358636,845140.497997854,33680.8812346901,2192.23265819361,1561221.69389454,393.033980607769,3546251.42335225,53776.171368256,2850.35060886557,"Malawi","All","All",1,18841350.6633035,222
"70",70,14655817.7889077,1269907.03253136,991050.854371317,40324.954657919,2662.69431276718,1881105.37336969,481.965152709335,4185531.87439576,64786.89329112,3469.72356277216,"Malawi","All","All",1,18841350.6633035,222
"71",71,13943776.4405529,1441397.3442091,1150052.26750549,47958.5179160906,3221.2583934678,2254355.0697328,589.764993613307,4897573.22275056,77630.9834961678,4208.79369098751,"Malawi","All","All",1,18841350.6633035,222
"72",72,13165279.5473148,1611056.44194517,1318763.28011898,56601.4599251662,3878.98862530735,2685051.0707347,719.874639391318,5676070.11598871,92446.9543483662,5084.38674809643,"Malawi","All","All",1,18841350.6633035,222
"73",73,12331352.7401962,1770264.2860321,1492161.3189609,66223.7193828187,4646.22027373179,3175826.24772995,876.130727826776,6509996.92310732,109322.901209961,6113.26227917483,"Malawi","All","All",1,18841350.6633035,222
"74",74,11457549.5147045,1909516.8770684,1663657.06755078,76732.4634857352,5531.6827919104,3727300.33463203,1062.72307010735,7383800.14859897,128276.99603332,7311.16539020722,"Malawi","All","All",1,18841350.6633035,222
"75",75,10563039.8991875,2019488.1523207,1825448.65398371,87963.1075021668,6541.49292688276,4337585.24001381,1284.11736876274,8278309.76411602,149240.495896969,8691.69044885165,"Malawi","All","All",1,18841350.6633035,222
"76",76,9669029.40475148,2092291.78164689,1969166.70827434,99677.043726004,7678.1139548512,5001962.67084748,1544.9401024352,9172320.258552,172046.775505561,10265.0475643913,"Malawi","All","All",1,18841350.6633035,222
"77",77,8796744.70599411,2122674.85692952,2086746.61609832,111568.359011561,8939.41116362696,5712826.88775151,1849.82635484562,10044604.9573094,196429.589376291,12036.8632665404,"Malawi","All","All",1,18841350.6633035,222
"78",78,7965380.52895569,2108840.35135625,2171381.46205028,123280.271260227,10317.9523306963,6459946.86019005,2203.23716029664,10875969.1343478,222032.420363377,14007.1751366646,"Malawi","All","All",1,18841350.6633035,222
"79",79,7190423.71676624,2052677.22790616,2218359.80704031,134430.186454989,11800.6950353723,7231049.77252967,2609.25757074968,11650925.9465372,248428.948370173,16169.7809922192,"Malawi","All","All",1,18841350.6633035,222
"80",80,6482655.27728489,1959350.6064772,2225619.94773757,144639.749719203,13369.1421469754,8012644.54785972,3071.39207793812,12358694.3860186,275151.782554773,18512.0518183402,"Malawi","All","All",1,18841350.6633035,222
"81",81,5847931.41789363,1836384.76744826,2193900.00462849,153565.681895226,14999.9932427705,8790976.42347626,3592.37471885773,12993418.2454099,301725.648754374,21015.2652158566,"Malawi","All","All",1,18841350.6633035,222
"82",82,5287634.00434636,1692498.3548247,2126487.52361779,160926.479171044,16666.2282454073,9552964.06187856,4174.0112196257,13553715.6589571,327699.865369496,23655.424715631,"Malawi","All","All",1,18841350.6633035,222
"83",83,4799561.15407622,1536470.16833421,2028646.76030578,166521.373004245,18338.5031142014,10286995.6372562,4817.06721264432,14041788.5092273,352675.823459931,26404.4682944443,"Malawi","All","All",1,18841350.6633035,222
"84",84,4378987.89852895,1376244.44864839,1906878.95210348,170239.444704568,19986.692108396,10983492.0159456,5521.21126412229,14462361.7647745,376326.301889771,29231.715240371,"Malawi","All","All",1,18841350.6633035,222
"85",85,4019681.00084436,1218370.40988775,1768161.63101747,172059.255025976,21581.4045483882,11635211.9480133,6285.01396628136,14821668.6624591,398405.779538942,32105.3813939463,"Malawi","All","All",1,18841350.6633035,222
"86",86,3714739.08590792,1067774.92607864,1619290.45596243,172040.229299935,23095.3346021764,12237304.6305399,7106.00091247381,15126610.5773956,418751.961958191,34994.0176390951,"Malawi","All","All",1,18841350.6633035,222
"87",87,3457211.30907683,927791.081170559,1466387.88221259,170308.634967447,24504.3434482255,12787166.6627013,7980.74972649423,15384138.3542267,437280.533710811,37867.7545372725,"Malawi","All","All",1,18841350.6633035,222
"88",88,3240500.47650313,800355.937050438,1314602.22115067,167040.567861255,25788.2202113081,13284158.2190044,8905.02152224045,15600849.1868004,453975.061231832,40699.2833866703,"Malawi","All","All",1,18841350.6633035,222
"89",89,3058590.83267059,686285.663580967,1167979.48386053,162444.487175868,26931.1132839652,13729245.1686233,9873.91410825886,15782758.8306329,468874.37725733,43464.5440778871,"Malawi","All","All",1,18841350.6633035,222
"90",90,2906148.89168418,585564.632977706,1029469.43146903,156745.015280885,27921.6638027277,14124619.00266,10882.0254289284,15935200.7716193,482059.251099389,46143.1322451559,"Malawi","All","All",1,18841350.6633035,222
"91",91,2778536.72220537,497608.547508624,901024.542858754,150169.252792756,28752.8805487902,14473335.1002955,11923.6170936575,16062812.9410981,493639.752231993,48718.4479893979,"Malawi","All","All",1,18841350.6633035,222
"92",92,2671777.17262183,421481.991756176,783747.392995412,142936.026499795,29421.8287464072,14778993.4811147,12992.7695691873,16169572.4906817,503744.13627049,51177.6445392401,"Malawi","All","All",1,18841350.6633035,222
"93",93,2582492.34062534,356064.950954957,678059.471230496,135248.134633106,29929.1861170708,15045473.0563131,14083.5234294522,16258857.3226781,512509.627843463,53511.420821813,"Malawi","All","All",1,18841350.6633035,222
"94",94,2507831.81318627,300172.42362252,583865.606878322,127287.424323924,30278.7214022774,15276724.6714435,15190.002446725,16333517.8501172,520075.274680503,55713.7060961758,"Malawi","All","All",1,18841350.6633035,222
"95",95,2445400.86737438,252635.583662112,500702.773600176,119212.110845715,30476.7456756573,15476616.0648115,16306.5173339667,16395948.7959291,526576.623232251,57781.2849774042,"Malawi","All","All",1,18841350.6633035,222
"96",96,2393193.12767032,212351.32054501,427865.549678336,111156.016440717,30531.5669543638,15648825.4330733,17427.6489414869,16448156.5356332,532142.094591127,59713.391357093,"Malawi","All","All",1,18841350.6633035,222
"97",97,2349530.32904934,178310.317157422,364506.248256064,103229.142145997,30452.977603466,15796773.3369704,18548.3121208159,16491819.3342541,536890.696380446,61511.3027449685,"Malawi","All","All",1,18841350.6633035,222
"98",98,2313009.9094381,149609.151265508,309711.735601848,95519.1748535471,30251.7894044862,15923585.1011326,19663.8016074487,16528339.7538654,540930.793646111,63177.9521660431,"Malawi","All","All",1,18841350.6633035,222
"99",99,2282460.18106524,125452.206402364,262558.967223224,88093.5830414907,29939.4262900014,16032076.4775474,20769.8217337908,16558889.4822382,544359.684085541,64717.5706482248,"Malawi","All","All",1,18841350.6633035,222
"100",100,2256902.42476149,105147.346502002,222153.590443655,81001.989562748,29527.5783578193,16124755.2312708,21862.5024049428,16584447.238542,547263.720193353,66135.3679872363,"Malawi","All","All",1,18841350.6633035,222
"101",101,2235519.03940876,88097.9873980316,187654.618779856,74278.6447446552,29027.9159850215,16203834.0535771,22938.4034100908,16605830.6238947,549718.817729455,67437.2540798892,"Malawi","All","All",1,18841350.6633035,222
"102",102,2217626.85200332,73793.5275353997,158288.921462645,67944.8354288926,28451.8604819328,16271250.1569914,23994.5093999241,16623722.8113002,551791.188551749,68629.6011679624,"Malawi","All","All",1,18841350.6633035,222
"103",103,2202654.92176896,61799.3166372036,133357.705266457,62011.1464338169,27810.4074886165,16328688.9485046,25028.2172038257,16638694.7415345,553538.207282221,69719.0459978963,"Malawi","All","All",1,18841350.6633035,222
"104",104,2190126.02246755,51746.8250579537,112238.142704339,56479.5023960255,27113.9952607781,16377608.8576947,26037.3177221551,16651223.6408359,555009.310786016,70712.3277861275,"Malawi","All","All",1,18841350.6633035,222
"105",105,2179641.09745345,43324.607012906,94381.148107259,51344.9879619294,26372.4116929117,16419266.4373712,27019.9737038805,16661708.56585,556246.900528558,71616.1580318673,"Malawi","All","All",1,18841350.6633035,222
"106",106,2170866.39423706,36270.1455780268,79306.6742909331,46597.4261330187,25594.7353953551,16454740.5930806,27974.6945884959,16670483.2690664,557287.208513811,72437.1194680638,"Malawi","All","All",1,18841350.6633035,222
"107",107,2163522.7868689,30362.4349958897,66598.3614157912,42222.7063863705,24789.3039846166,16484954.7598536,28900.3097983386,16677826.8764346,558161.086561221,73181.5896309004,"Malawi","All","All",1,18841350.6633035,222
"108",108,2157376.74866767,25415.8096492632,55896.9702477232,38203.9161540452,23963.7034944445,16510697.5738103,29795.9412800623,16683972.9146358,558894.738981333,73855.6842927807,"Malawi","All","All",1,18841350.6633035,222
"109",109,2152232.91387601,21274.3512590939,46894.2708647391,34522.2591721486,23124.7756289536,16532641.1165363,30660.9759662649,16689116.7494275,559510.366966995,74465.2186036732,"Malawi","All","All",1,18841350.6633035,222
"110",110,2147927.80688918,17807.288549003,39326.7655695717,31157.8099813407,22278.6378418716,16551357.3157025,31495.0387700014,16693421.8564143,560026.745852355,75015.6819508697,"Malawi","All","All",1,18841350.6633035,222
"111",111,2144324.63996674,14904.9694012359,32970.0313894832,28090.1113681131,21430.7133654963,16567332.231317,32297.9664954669,16697025.0233367,560459.72627466,75512.2243025378,"Malawi","All","All",1,18841350.6633035,222
"112",112,2141308.94340788,12475.5142858723,27633.4304175851,25298.6462415645,20585.7679740675,16580978.5779787,33069.782997852,16700040.7198956,560822.671996554,75959.6513773753,"Malawi","All","All",1,18841350.6633035,222
"113",113,2138784.92392172,10441.945275686,23155.4365487613,22763.1988803191,19747.9513467017,16592646.531553,33810.6757773206,16702564.7393818,561126.836455887,76362.4268151982,"Malawi","All","All",1,18841350.6633035,222
"114",114,2136672.41121667,8739.79289312081,19399.4464240366,20464.1268781637,18920.841067087,16602633.0706821,34520.9741422658,16704677.2520868,561381.68712919,76724.6796119782,"Malawi","All","All",1,18841350.6633035,222
"115",115,2134904.31301643,7315.07163657809,16250.1382722006,18382.557264502,18107.4877924484,16611189.9662875,35201.1290338708,16706445.3502871,561595.181925334,77050.2155059312,"Malawi","All","All",1,18841350.6633035,222
"116",116,2133424.47229531,6122.57691683651,13610.2801008237,16500.5241977891,17310.4604081862,16618530.6549208,35851.6944637098,16707925.1910082,561774.006093233,77342.5310502412,"Malawi","All","All",1,18841350.6633035,222
"117",117,2132185.8922957,5124.46548423056,11397.9997758159,14801.0550435234,16531.8903234254,16624836.0497183,36473.310662456,16709163.7710078,561923.771657248,77604.8296918708,"Malawi","All","All",1,18841350.6633035,222
"118",118,2131149.23888366,4289.05870963173,9544.4201575845,13268.2201878285,15773.5141675247,16630259.5224091,37066.6887881704,16710200.4244198,562049.187725755,77840.0388627778,"Malawi","All","All",1,18841350.6633035,222
"119",119,2130281.59127106,3589.8367511616,7991.64831700296,11887.1519428017,15036.7144996555,16634931.1233446,37632.5971771783,16711068.0720324,562154.204093814,78050.8276671981,"Malawi","All","All",1,18841350.6633035,222
"120",120,2129555.3955758,3004.6012529704,6691.05408891298,10644.0403061921,14322.558221034,16638961.164815,38171.8490435445,16711794.2677277,562242.132604451,78239.6246971943,"Malawi","All","All",1,18841350.6633035,222
"121",121,2128947.58933335,2514.7705763477,5601.81181829611,9526.11131778678,13631.8324590163,16642443.256252,38685.2915466801,16712402.0739701,562315.749433945,78408.6356109441,"Malawi","All","All",1,18841350.6633035,222
"122",122,2128438.87341,2104.79400011826,4689.67100184044,8521.59202755565,12965.0778071097,16645456.858897,39173.7961598442,16712910.7898935,562377.380704979,78559.8602452363,"Malawi","All","All",1,18841350.6633035,222
"123",123,2128013.09394063,1761.65509517641,3925.90195113133,7619.66778106435,12322.6189877908,16648069.4753862,39638.2501614561,16713336.5693629,562428.975502427,78695.1090308668,"Malawi","All","All",1,18841350.6633035,222
"124",124,2127656.72904954,1474.45609994052,3286.4157092717,6810.43257036912,11704.5929568951,16650338.4877024,40079.54921507,16713692.9342539,562472.166769217,78816.0186725273,"Malawi","All","All",1,18841350.6633035,222
"125",125,2127358.46213643,1234.07808757762,2751.02025868801,6084.83541228085,11110.9744488807,16652312.7019971,40498.5909625896,16713991.2011671,562508.322148814,78924.0669661903,"Malawi","All","All",1,18841350.6633035,222
"126",126,2127108.82119962,1032.88874135026,2302.79347114621,5434.62573378219,10541.5990888647,16654033.665571,40896.2694977662,16714240.8421039,562538.587072172,79020.5866572636,"Malawi","All","All",1,18841350.6633035,222
"127",127,2126899.87921214,864.498053467046,1927.56118318774,4852.29776098117,9996.1842794169,16655536.7721718,41273.4706425174,16714449.7840913,562563.920637395,79106.7784177896,"Malawi","All","All",1,18841350.6633035,222
"128",128,2126725.00076207,723.56011172994,1613.44544940912,4331.03613385082,9474.34791361321,16656852.2049787,41631.0679541238,16714624.6625414,562585.12601815,79183.7228737262,"Malawi","All","All",1,18841350.6633035,222
"129",129,2126578.63240503,605.599521755142,1350.499055031,3864.66261719915,8975.62510496873,16658005.7252165,41969.9193830304,16714771.0308985,562602.875667553,79252.3917385178,"Malawi","All","All",1,18841350.6633035,222
"130",130,2126456.12665608,506.869027242244,1130.39438078221,3447.58495022638,8499.48307500191,16659019.3407043,42290.8645098937,16714893.5366474,562617.732509779,79313.6580742164,"Malawi","All","All",1,18841350.6633035,222
"131",131,2126353.59277292,424.23501042525,946.152736234216,3074.74849414593,8045.33432532164,16659911.8776656,42594.722298807,16714996.0705306,562630.167928974,79368.305701445,"Malawi","All","All",1,18841350.6633035,222
"132",132,2126267.7750128,355.072402293748,791.934788260411,2741.59000591077,7612.54828239521,16660699.4535087,42882.2893031627,16715081.8882907,562640.576459922,79417.0378399613,"Malawi","All","All",1,18841350.6633035,222
"133",133,2126195.94793823,297.185465179781,662.848829837045,2443.9947894471,7200.46149600454,16661395.8865089,43154.3382758938,16715153.7153652,562649.288433296,79460.484980025,"Malawi","All","All",1,18841350.6633035,222
"134",134,2126135.83076623,248.735660800392,554.801038961052,2178.2564091554,6808.38656100675,16662013.0357365,43411.6171308763,16715213.8325373,562656.580327819,79499.2120650726,"Malawi","All","All",1,18841350.6633035,222
"135",135,2126085.51440585,208.184579476632,464.363383384502,1941.03945164675,6435.61988266495,16662561.0933932,43654.8482073008,16715264.1488976,562662.68359429,79533.7250252716,"Malawi","All","All",1,18841350.6633035,222
"136",136,2126043.40107919,174.244465265998,388.66644519683,1729.34503404955,6081.44838804342,16663048.8300896,43884.7278022013,16715306.2622243,562667.791961425,79564.4767061559,"Malawi","All","All",1,18841350.6633035,222
"137",137,2126008.1534341,145.837592405713,325.30794278203,1540.47904327731,5745.15530783182,16663483.8040534,44101.9259297269,16715341.5098694,562672.067595812,79591.8722473604,"Malawi","All","All",1,18841350.6633035,222
"138",138,2125978.65218028,122.061846497871,272.277119629063,1372.0229853939,5426.02510893272,16663872.5377835,44307.0862792417,16715371.0111232,562675.646231937,79616.2739450495,"Malawi","All","All",1,18841350.6633035,222
"139",139,2125953.96048345,102.162238921794,227.890714619054,1221.8072996618,5123.34768331892,16664220.6685439,44500.8263395915,16715395.70282,562678.641485125,79638.0056488533,"Malawi","All","All",1,18841350.6633035,222
"140",140,2125933.29424695,85.5068396383676,190.739785231313,1087.88698273821,4836.42187086077,16664533.075913,44683.7376651031,16715416.3690565,562681.148452203,79657.3567300985,"Malawi","All","All",1,18841350.6633035,222
"141",141,2125915.99720618,71.566751928486,159.644979325289,968.519386479744,4564.55839287378,16664813.9903267,44856.3862600407,16715433.6660973,562683.246729697,79674.5856591115,"Malawi","All","All",1,18841350.6633035,222
"142",142,2125901.52009313,59.8993098522247,133.619153584594,862.144027963771,4307.08226631889,16665067.0853916,45019.3130610224,16715448.1432103,562685.002939208,79689.9232272041,"Malawi","All","All",1,18841350.6633035,222
"143",143,2125889.40313324,50.1339697524263,111.835954699577,767.364225221785,4063.33477005443,16665295.5567524,45173.034498114,16715460.2601702,562686.472849206,79703.5754524513,"Malawi","All","All",1,18841350.6633035,222
"144",144,2125879.26160635,41.9606759386578,93.6038895585566,682.93057444493,3832.67498063462,16665502.188451,45318.0431255582,16715470.4016971,562687.703125609,79715.7261716185,"Malawi","All","All",1,18841350.6633035,222
"145",145,2125870.77344604,35.1198714943209,78.3440495956673,607.725840511833,3614.48100139198,16665689.4107994,45454.8082950327,16715478.8898574,562688.732835358,79726.5393965842,"Malawi","All","All",1,18841350.6633035,222
"146",146,2125863.66910195,29.3943112995541,65.5719172952955,540.751408883586,3408.15085597801,16665859.3488343,45583.7768738019,16715485.9942015,562689.594675724,79736.1614103943,"Malawi","All","All",1,18841350.6633035,222
"147",147,2125857.72297212,24.6021863591845,54.881944637281,481.115035569357,3213.10312692389,16666013.8640488,45705.373989066,16715491.9403314,562690.316013315,79744.7226522018,"Malawi","All","All",1,18841350.6633035,222
"148",148,2125852.74623344,20.5913161340555,45.9347009066818,428.019797320376,3028.77736815712,16666154.5900963,45820.003791276,16715496.91707,562690.919753565,79752.3394079213,"Malawi","All","All",1,18841350.6633035,222
"149",149,2125848.58084896,17.2343318315196,38.4460911714096,380.754144052832,2854.63432122938,16666282.963337,45928.0502292196,16715501.0824545,562691.425067553,79759.1153243027,"Malawi","All","All",1,18841350.6633035,222
"150",150,2125845.09454133,14.4246383016921,32.1783101932343,338.682950423392,2690.15596535958,16666400.2490681,46029.8778297919,16715504.5687621,562691.848001665,79765.1427646668,"Malawi","All","All",1,18841350.6633035,222
"151",151,2125842.1766045,12.0730020383186,26.9323517170374,301.239469167156,2534.84542644952,16666507.5639726,46125.8324769917,16715507.486699,562692.201985597,79770.5040223147,"Malawi","All","All",1,18841350.6633035,222
"152",152,2125839.73437563,10.1047519094124,22.5416233790466,267.91810767265,2388.22676733814,16666605.8954922,46216.2421853232,16715509.9289278,562692.498260299,79775.2724058097,"Malawi","All","All",1,18841350.6633035,222
"153",153,2125837.69030014,8.45738616561418,18.8666988009533,238.267941718098,2249.84467933977,16666696.1184337,46301.4178636169,16715511.9730033,562692.746233986,79779.5132094988,"Malawi","All","All",1,18841350.6633035,222
"154",154,2125835.97946982,7.07858389883068,15.7908970984311,211.886898792837,2119.26409223747,16666779.0092957,46381.6540659659,16715513.6838337,562692.953780762,79783.2845809166,"Malawi","All","All",1,18841350.6633035,222
"155",155,2125834.5475528,5.92457179977383,13.2165267594879,188.416545890624,1996.06971789204,16666855.2586613,46457.22972708,16715515.1157507,562693.127491722,79786.6382957115,"Malawi","All","All",1,18841350.6633035,222
"156",156,2125833.34908088,4.9586941053252,11.0618566335822,167.537417319584,1879.86554089765,16666925.4818338,46528.408879847,16715516.3142226,562693.272882717,79789.6204498255,"Malawi","All","All",1,18841350.6633035,222
"157",157,2125832.34599513,4.15028319099261,9.25845894509577,148.964835370733,1770.27426759558,16666990.2281099,46595.4413533585,16715517.3173084,562693.394570766,79792.2720773221,"Malawi","All","All",1,18841350.6633035,222
"158",158,2125831.50644156,3.47366757359021,7.74906549171578,132.445165175393,1666.93674389258,16667049.9887696,46658.5634502183,16715518.1568619,562693.496420164,79794.6297023267,"Malawi","All","All",1,18841350.6633035,222
"159",159,2125830.80375976,2.90735905408416,6.48574740354817,117.752468934572,1569.51134989354,16667105.2040166,46717.9986018829,16715518.8595437,562693.581665163,79796.7258309983,"Malawi","All","All",1,18841350.6633035,222
"160",160,2125830.21563496,2.43337610038498,5.42838393668919,104.68551384888,1477.67337923118,16667156.2690139,46773.958001501,16715519.4476685,562693.653012841,79798.5893905206,"Malawi","All","All",1,18841350.6633035,222
"161",161,2125829.72339138,2.03666505889294,4.543401551632,93.0650969083875,1391.11440952429,16667203.5391253,46826.6412137573,16715519.9399121,562693.712728814,79800.2461207165,"Malawi","All","All",1,18841350.6633035,222
"162",162,2125829.31139776,1.70462974669853,3.8026962503433,82.7316575298112,1309.54166922317,16667247.3344916,46876.2367613392,16715520.3519057,562693.762709365,79801.7189229066,"Malawi","All","All",1,18841350.6633035,222
"163",163,2125828.96657106,1.42672575739437,3.1827472771985,73.5431401893466,1232.67740553892,16667287.9440251,46922.9226885691,16715520.6967324,562693.804541642,79803.028171615,"Malawi","All","All",1,18841350.6633035,222
"164",164,2125828.6779611,1.19412815314569,2.66386778588514,65.3730907054366,1160.2582571646,16667325.628897,46966.8671015523,16715520.9853424,562693.839554052,79804.1919917445,"Malawi","All","All",1,18841350.6633035,222
"165",165,2125828.43640301,0.999450823682308,2.22958069879792,58.1089562130528,1092.03463525435,16667360.6255921,47008.2286854404,16715521.2269005,562693.868858418,79805.2265056903,"Malawi","All","All",1,18841350.6633035,222
"166",166,2125828.23422582,0.836511455823754,1.86609480101497,51.6505662818407,1027.77011503437,16667393.1485907,47047.1571994253,16715521.4290777,562693.893385334,79806.1460537964,"Malawi","All","All",1,18841350.6633035,222
"167",167,2125828.06500937,0.700135919881519,1.56186758363834,45.9087815671323,967.240840647229,16667423.3927193,47083.7939491404,16715521.5982941,562693.913913654,79806.963390215,"Malawi","All","All",1,18841350.6633035,222
"168",168,2125827.9233801,0.585993558408511,1.3072381641268,40.8042855736824,910.234944515388,16667451.5352237,47118.2722378697,16715521.7399234,562693.931095265,79807.6898577992,"Malawi","All","All",1,18841350.6633035,222
"169",169,2125827.80484079,0.490459921993292,1.09412123737683,36.2665099540848,856.551983082188,16667477.7375922,47150.7177963151,16715521.8584627,562693.945475741,79808.3355434705,"Malawi","All","All",1,18841350.6633035,222
"170",170,2125827.70562667,0.410500960518478,0.915748187718495,32.2326708810174,806.002388875278,16667502.147175,47181.2491929357,16715521.9576768,562693.957511803,79808.9094173771,"Malawi","All","All",1,18841350.6633035,222
"171",171,2125827.62258728,0.343577552442206,0.766455066098916,28.6469193077129,758.406941721697,16667524.8985996,47209.9782229377,16715522.0407162,562693.967585643,79809.4194554551,"Malawi","All","All",1,18841350.6633035,222
"172",172,2125827.5530857,0.2875645723198,0.641501028779505,25.4595766771795,713.596257567702,16667546.1150386,47237.0102793335,16715522.1102178,562693.976017158,79809.8727495713,"Malawi","All","All",1,18841350.6633035,222
"173",173,2125827.49491486,0.240683342766338,0.53691800628494,22.6264565306168,671.410296403036,16667565.9093292,47262.4447051405,16715522.1683886,562693.983074096,79810.2756051872,"Malawi","All","All",1,18841350.6633035,222
"174",174,2125827.44622752,0.201445057910613,0.449385015138759,20.1082596654842,631.697888904308,16667584.3849693,47286.3751280284,16715522.217076,562693.988980552,79810.6336283554,"Malawi","All","All",1,18841350.6633035,222
"175",175,2125827.40547747,0.168603619618201,0.376122155770425,17.8700353529824,594.316282089555,16667601.6370049,47308.8897779029,16715522.257826,562693.993924105,79810.9518031539,"Malawi","All","All",1,18841350.6633035,222
"176",176,2125827.37137077,0.14111624635145,0.314803074683958,15.8807035718495,559.130704356069,16667617.7528178,47330.0717876411,16715522.2919327,562693.998061725,79811.2345602918,"Malawi","All","All",1,18841350.6633035,222
"177",177,2125827.34282457,0.118110178166721,0.263481023753823,14.1126275716948,526.013948603518,16667632.8128329,47349.9994786853,16715522.3204789,562694.001524779,79811.4858384465,"Malawi","All","All",1,18841350.6633035,222
"178",178,2125827.31893225,0.098854794176857,0.220525981178079,12.541231704429,494.845973202065,16667646.8911535,47368.7466320795,16715522.3443712,562694.004423253,79811.7091390708,"Malawi","All","All",1,18841350.6633035,222
"179",179,2125827.29893506,0.0827386110556614,0.184573806052933,11.14466469169,465.513521698324,16667660.0561252,47386.3827444008,16715522.3643684,562694.006849193,79811.9075746439,"Malawi","All","All",1,18841350.6633035,222
"180",180,2125827.282198,0.0692497931176386,0.154482954593309,9.9034986079224,437.909759873043,16667672.370844,47402.9732702578,16715522.3811055,562694.008879632,79812.0839117828,"Malawi","All","All",1,18841350.6633035,222
"181",181,2125827.26818956,0.0579600664732936,0.129297746033652,8.80046078301034,411.933929771488,16667683.8936137,47418.5798518259,16715522.3951139,562694.010579052,79812.2406096188,"Malawi","All","All",1,18841350.6633035,222
"182",182,2125827.25646491,0.0485109092878648,0.108218432004855,7.82019513626392,387.491020085957,16667694.6783579,47433.2605360879,16715522.4068386,562694.012001418,79812.3798539395,"Malawi","All","All",1,18841350.6633035,222
"183",183,2125827.24665173,0.0406022162807117,0.0905757411899368,6.94905029171658,364.491452883013,16667704.7749906,47447.0699800166,16715522.4166517,562694.013191893,79812.5035874857,"Malawi","All","All",1,18841350.6633035,222
"184",184,2125827.23843838,0.0339828983162167,0.0758092792444074,6.17489040324879,342.850785317371,16667714.2297524,47460.0596448614,16715522.4248651,562694.014188288,79812.6135369897,"Malawi","All","All",1,18841350.6633035,222
"185",185,2125827.23156405,0.0284427073754396,0.06345019395696,5.48692747694297,322.489426651789,16667723.085513,47472.277979451,16715522.4317394,562694.015022241,79812.711237127,"Malawi","All","All",1,18841350.6633035,222
"186",186,2125827.22581043,0.0238057252773587,0.0531059973488938,4.87557202290356,303.33236945761,16667731.3820464,47483.77059346,16715522.437493,562694.015720235,79812.7980518437,"Malawi","All","All",1,18841350.6633035,222
"187",187,2125827.22099481,0.0199247156410397,0.0444481793158688,4.33230009375747,285.308934505106,16667739.1562801,47494.5804210963,16715522.4423087,562694.016304437,79812.8751933352,"Malawi","All","All",1,18841350.6633035,222
"188",188,2125827.21696428,0.0166764070903284,0.0372018589565758,3.84953510608976,268.352528872472,16667746.4425214,47504.7478756313,16715522.4463392,562694.016793397,79812.9437389086,"Malawi","All","All",1,18841350.6633035,222
"189",189,2125827.21359084,0.0139576756533911,0.0311368823750631,3.42054275026167,252.400416695211,16667753.2726634,47514.3109952627,16715522.4497126,562694.017202643,79813.0046459723,"Malawi","All","All",1,18841350.6633035,222
"190",190,2125827.21076738,0.0116821811569038,0.026060682375667,3.03933755205029,237.393502020351,16667759.6763729,47523.3055807522,16715522.4525361,562694.017545169,79813.0587653595,"Malawi","All","All",1,18841350.6633035,222
"191",191,2125827.20840421,0.00977764575272143,0.0218120574405329,2.70059941107955,223.276122750206,16667765.6812618,47531.7653255897,16715522.4548993,562694.017831853,79813.1068532254,"Malawi","All","All",1,18841350.6633035,222
"192",192,2125827.20642631,0.00818361284682093,0.0182560652009783,2.39960016475022,209.995856447811,16667771.3130427,47539.7219382176,16715522.4568772,562694.0180718,79813.1495815121,"Malawi","All","All",1,18841350.6633035,222
"193",193,2125827.20477087,0.0068494535179534,0.0152798005061577,2.13213757858867,197.50333587398,16667776.5956721,47547.2052578099,16715522.4585326,562694.018272629,79813.1875473525,"Malawi","All","All",1,18841350.6633035,222
"194",194,2125827.20338531,0.00573279263324519,0.0127887650590888,1.89447697401484,185.752074829161,16667781.5514816,47554.2433632464,16715522.4599182,562694.018440717,79813.2212813844,"Malawi","All","All",1,18841350.6633035,222
"195",195,2125827.20222563,0.0047981854036865,0.0107038273536494,1.68329925015019,174.698303390381,16667786.2012973,47560.8626759304,16715522.4610778,562694.018581402,79813.251255152,"Malawi","All","All",1,18841350.6633035,222
"196",196,2125827.20125501,0.00401594266687182,0.00895878516709225,1.49565461950712,164.300812116425,16667790.5645503,47567.0880567648,16715522.4620485,562694.018699152,79813.2778876918,"Malawi","All","All",1,18841350.6633035,222
"197",197,2125827.20044263,0.00336122133813333,0.00749824567112091,1.3289217994435,154.520805334857,16667794.659377,47572.9428972387,16715522.4628608,562694.018797705,79813.3015513415,"Malawi","All","All",1,18841350.6633035,222
"198",198,2125827.19976269,0.00281324698470234,0.00627580852329913,1.18077129320646,145.321761884022,16667798.5027129,47578.4492057142,16715522.4635408,562694.018880191,79813.3225769648,"Malawi","All","All",1,18841350.6633035,222
"199",199,2125827.19919361,0.00235460638281056,0.00525266910872685,1.04913287340597,136.669303783395,16667802.1103774,47583.6276886207,16715522.4641099,562694.018949229,79813.3412585778,"Malawi","All","All",1,18841350.6633035,222
"200",200,2125827.1987173,0.00197073195812934,0.00439634101378047,0.932166826993553,128.531072432179,16667805.497153,47588.4978268331,16715522.4645862,562694.019007012,79813.3578574396,"Malawi","All","All",1,18841350.6633035,222
"201",201,2125827.19831864,0.0016494511055963,0.00367959946145997,0.828238322395039,120.8766117051,16667808.6768581,47593.0779476648,16715522.4649848,562694.019055375,79813.3726056978,"Malawi","All","All",1,18841350.6633035,222
"202",202,2125827.19798497,0.00138054244038344,0.00307971828292749,0.735894598214975,113.677257568034,16667811.6624134,47597.385292728,16715522.4653185,562694.019095853,79813.3857096323,"Malawi","All","All",1,18841350.6633035,222
"203",203,2125827.19770571,0.00115547385324123,0.00257763527172019,0.653844697715559,106.906033926924,16667814.4659042,47601.4360818545,16715522.4655978,562694.019129732,79813.3973525372,"Malawi","All","All",1,18841350.6633035,222
"204",204,2125827.19747197,0.000967097167121924,0.0021574078737527,0.580941456781878,100.537554406857,16667817.0986379,47605.2455732828,16715522.4658315,562694.019158088,79813.4076972807,"Malawi","All","All",1,18841350.6633035,222
"205",205,2125827.19727634,0.000809432605737454,0.00180568737996667,0.516165501982636,94.5479297051072,16667819.5711965,47608.8281203467,16715522.4660271,562694.019181821,79813.4168885801,"Malawi","All","All",1,18841350.6633035,222
"206",206,2125827.1971126,0.000677470979171089,0.00151130845643801,0.458611004643366,88.9146800801784,16667821.8934861,47612.1972249466,16715522.4661909,562694.019201685,79813.4250550268,"Malawi","All","All",1,18841350.6633035,222
"207",207,2125827.19697555,0.000567023346112725,0.00126491791247959,0.407473026986475,83.6166529572244,16667824.0747822,47615.3655878302,16715522.4663279,562694.019218311,79813.4323108839,"Malawi","All","All",1,18841350.6633035,222
"208",208,2125827.19686085,0.000474581005977545,0.00105869792111018,0.362036430122481,78.6339462229196,16667826.1237714,47618.3451553426,16715522.4664426,562694.019232226,79813.4387576629,"Malawi","All","All",1,18841350.6633035,222
"209",209,2125827.19676485,0.000397209804197744,0.000886097926421738,0.321665717966221,73.9478340244553,16667828.048591,47621.1471646021,16715522.4665386,562694.019243872,79813.4444855663,"Malawi","All","All",1,18841350.6633035,222
"210",210,2125827.19668449,0.000332452508415036,0.000741636995836225,0.285796183886194,69.5406978171,16667829.8568655,47623.7821854297,16715522.466619,562694.01925362,79813.4495747455,"Malawi","All","All",1,18841350.6633035,222
"211",211,2125827.19661724,0.000278252510289645,0.000620727605354588,0.253926047771964,65.3959615524794,16667831.55574,47626.2601597227,16715522.4666862,562694.019261779,79813.4540964178,"Malawi","All","All",1,18841350.6633035,222
"212",212,2125827.19656096,0.000232888795586134,0.000519529859657174,0.225609459970991,61.4980305815063,16667833.1519116,47628.5904385358,16715522.4667425,562694.019268607,79813.45811386,"Malawi","All","All",1,18841350.6633035,222
"213",213,2125827.19651384,0.000194920745685362,0.00043483055792459,0.200450270134716,57.832233947809,16667834.6516586,47630.7818170725,16715522.4667896,562694.019274323,79813.4616832936,"Malawi","All","All",1,18841350.6633035,222
"214",214,2125827.19647441,0.00016314301659518,0.000363940578527847,0.178096509796304,54.3847702290768,16667836.0608678,47632.8425674971,16715522.4668291,562694.019279106,79813.464854668,"Malawi","All","All",1,18841350.6633035,222
"215",215,2125827.19644141,0.000136546689709026,0.000304609283285659,0.158235446777575,51.1426561893492,16667837.3850593,47634.7804700194,16715522.4668621,562694.019283109,79813.4676723633,"Malawi","All","All",1,18841350.6633035,222
"216",216,2125827.19641379,0.000114285623929141,0.000254949180084541,0.140589003181827,48.0936763977332,16667838.6294117,47636.6028433717,16715522.4668897,562694.01928646,79813.4701758406,"Malawi","All","All",1,18841350.6633035,222
"217",217,2125827.19639067,9.5653761600097e-05,0.000213385060374045,0.124910328604921,45.2263421214411,16667839.7987817,47638.3165696482,16715522.4669128,562694.019289265,79813.4724001286,"Malawi","All","All",1,18841350.6633035,222
"218",218,2125827.19637132,8.00594954565787e-05,0.000178597253964684,0.110980028096314,42.529845782875,16667840.8977259,47639.9281218242,16715522.4669322,562694.019291612,79813.4743763594,"Malawi","All","All",1,18841350.6633035,222
"219",219,2125827.19635513,6.70074863942538e-05,0.000149480787720414,0.0986031527329489,39.9940212072058,16667841.9305198,47641.4435877514,16715522.4669484,562694.019293577,79813.4761321955,"Malawi","All","All",1,18841350.6633035,222
"220",220,2125827.19634157,5.60833184016297e-05,0.000125111050656674,0.0876064889960307,37.6093057617086,16667842.9011755,47642.8686929984,16715522.4669619,562694.019295221,79813.4776922145,"Malawi","All","All",1,18841350.6633035,222
"221",221,2125827.19633023,4.69400685092701e-05,0.000104714233309978,0.0778361395135337,35.3667047702538,16667843.8134584,47644.2088223079,16715522.4669733,562694.019296598,79813.4790782529,"Malawi","All","All",1,18841350.6633035,222
"222",222,2125827.19632073,3.92874538449691e-05,8.76427668172659e-05,0.0691553673910078,33.2577578660678,16667844.6709027,47645.4690398739,16715522.4669827,562694.01929775,79813.480309712,"Malawi","All","All",1,18841350.6633035,222
"223",223,2125827.19631279,3.28824772913085e-05,7.33544353173171e-05,0.0614426744826254,31.2745073370048,16667845.4768261,47646.6541084089,16715522.4669907,562694.019298714,79813.4814038304,"Malawi","All","All",1,18841350.6633035,222
"224",224,2125827.19630613,2.75216737040326e-05,6.13955385094656e-05,0.0545901085124633,29.4094683955255,16667846.2343429,47647.7685070429,16715522.4669973,562694.019299521,79813.4823759246,"Malawi","All","All",1,18841350.6633035,222
"225",225,2125827.19630057,2.30348307998869e-05,5.13863057846602e-05,0.0485017549983734,27.6556011834965,16667846.9463774,47648.8164481696,16715522.4670029,562694.019300196,79813.483239603,"Malawi","All","All",1,18841350.6633035,222
"226",226,2125827.19629591,1.92795040925337e-05,4.30088085603545e-05,0.0430923936970352,26.006284402723,16667847.6156752,47649.8018933089,16715522.4670076,562694.019300761,79813.4840069563,"Malawi","All","All",1,18841350.6633035,222
"227",227,2125827.19629201,1.61363731831522e-05,3.59971425662295e-05,0.0382863066518494,24.455290505386,16667848.2448145,47650.728568024,16715522.4670115,562694.019301234,79813.4846887271,"Malawi","All","All",1,18841350.6633035,222
"228",228,2125827.19628874,1.35056644977112e-05,3.01285834473218e-05,0.034016218714745,22.9967623466666,16667848.8362166,47651.5999759548,16715522.4670147,562694.01930163,79813.4852944599,"Malawi","All","All",1,18841350.6633035,222
"229",229,2125827.19628601,1.13038768260359e-05,2.52166979563585e-05,0.0302223562852614,21.6251912142717,16667849.3921554,47652.4194120185,16715522.4670175,562694.019301962,79813.4858326349,"Malawi","All","All",1,18841350.6633035,222
"230",230,2125827.19628372,9.46099503524325e-06,2.11056823346431e-05,0.0268516110047222,20.3353961544348,16667849.9147666,47653.189974827,16715522.4670198,562694.019302239,79813.4863107866,"Malawi","All","All",1,18841350.6633035,222
"231",231,2125827.19628181,7.91856991284484e-06,1.76648575731867e-05,0.0238567966136331,19.1225045185267,16667850.4060564,47653.9145783679,16715522.4670217,562694.019302471,79813.4867356092,"Malawi","All","All",1,18841350.6633035,222
"232",232,2125827.19628021,6.6276499530183e-06,1.47849056147354e-05,0.0211959886635301,17.9819336589708,16667850.8679093,47654.5959629918,16715522.4670233,562694.019302666,79813.4871130503,"Malawi","All","All",1,18841350.6633035,222
"233",233,2125827.19627887,5.5471137639696e-06,1.2374602756806e-05,0.0188319378271501,16.9093737071354,16667851.3020953,47655.236705747,16715522.4670246,562694.019302828,79813.4874483944,"Malawi","All","All",1,18841350.6633035,222
"234",234,2125827.19627775,4.64276028447987e-06,1.03572044979345e-05,0.0167315485975587,15.9007713701726,16667851.7102777,47655.8392301004,16715522.4670257,562694.019302964,79813.4877463366,"Malawi","All","All",1,18841350.6633035,222
"235",235,2125827.19627681,3.88591480821992e-06,8.66857953913871e-06,0.0148654168422334,14.9523146953965,16667852.094019,47656.4058150759,16715522.4670267,562694.019303078,79813.4880110481,"Malawi","All","All",1,18841350.6633035,222
"236",236,2125827.19627602,3.25238499167681e-06,7.25538240351421e-06,0.0132074164570612,14.0604187021913,16667852.454787,47656.9386038696,16715522.4670275,562694.019303174,79813.4882462352,"Malawi","All","All",1,18841350.6633035,222
"237",237,2125827.19627536,2.72213378578461e-06,6.07258359564758e-06,0.0117343349408827,13.2217119060508,16667852.7939612,47657.439611929,16715522.4670281,562694.019303254,79813.488455191,"Malawi","All","All",1,18841350.6633035,222
"238",238,2125827.19627481,2.27838045824344e-06,5.08252118156252e-06,0.0104255488478297,12.433023630135,16667853.1128376,47657.9107345583,16715522.4670287,562694.01930332,79813.4886408409,"Malawi","All","All",1,18841350.6633035,222
"239",239,2125827.19627435,1.90692105956932e-06,4.25395839024555e-06,0.00926273463968405,11.6913720586373,16667853.4126341,47658.353754077,16715522.4670291,562694.019303376,79813.4888057844,"Malawi","All","All",1,18841350.6633035,222
"240",240,2125827.19627396,1.59602183688986e-06,3.56047181385817e-06,0.00822961227056775,10.9939530036408,16667853.6944952,47658.7703465508,16715522.4670295,562694.019303423,79813.4889523309,"Malawi","All","All",1,18841350.6633035,222
"241",241,2125827.19627364,1.33585187877167e-06,2.9799642719284e-06,0.00731171730286756,10.3381293383445,16667853.9594964,47659.1620881209,16715522.4670298,562694.019303462,79813.4890825323,"Malawi","All","All",1,18841350.6633035,222
"242",242,2125827.19627337,1.11805729382457e-06,2.49416781172135e-06,0.00649619842556416,9.72142105725252,16667854.2086483,47659.5304609577,16715522.4670301,562694.019303495,79813.4891982115,"Malawi","All","All",1,18841350.6633035,222
"243",243,2125827.19627314,9.35769404923125e-07,2.08757010201445e-06,0.00577163758059384,9.14149592634469,16667854.4429009,47659.8768588598,16715522.4670303,562694.019303523,79813.4893009884,"Malawi","All","All",1,18841350.6633035,222
"244",244,2125827.19627296,7.83234199556757e-07,1.74719702380966e-06,0.00512789012114554,8.59616068832662,16667854.6631469,47660.2025925197,16715522.4670305,562694.019303546,79813.4893923019,"Malawi","All","All",1,18841350.6633035,222
"245",245,2125827.1962728,6.55535135666839e-07,1.4623712659345e-06,0.0045559427967549,8.08335279016618,16667854.8702254,47660.5088944761,16715522.4670307,562694.019303565,79813.4894734306,"Malawi","All","All",1,18841350.6633035,222
"246",246,2125827.19627266,5.48655480044458e-07,1.22397672050477e-06,0.00404778730817916,7.60113259290466,16667855.0649249,47660.7969237774,16715522.4670308,562694.019303581,79813.4895455105,"Malawi","All","All",1,18841350.6633035,222
"247",247,2125827.19627255,4.59222955053187e-07,1.02440595193436e-06,0.0035963089960278,7.14767607774731,16667855.2479867,47661.0677703468,16715522.4670309,562694.019303594,79813.4896095509,"Malawi","All","All",1,18841350.6633035,222
"248",248,2125827.19627246,3.84341168142807e-07,8.57425082834533e-07,0.00319518667625241,6.72126794597817,16667855.4201076,47661.3224591118,16715522.467031,562694.019303606,79813.4896664484,"Malawi","All","All",1,18841350.6633035,222
"249",249,2125827.19627238,3.21688137071675e-07,7.17629591854405e-07,0.00283880392691489,6.32029513813463,16667855.5819423,47661.5619538817,16715522.4670311,562694.019303615,79813.4897169997,"Malawi","All","All",1,18841350.6633035,222
"250",250,2125827.19627232,2.69264725448007e-07,6.00597054322631e-07,0.00252217071936231,5.94324074998721,16667855.7341064,47661.7871609881,16715522.4670312,562694.019303623,79813.4897619126,"Malawi","All","All",1,18841350.6633035,222
"251",251,2125827.19627226,2.25338090653635e-07,5.02734076683098e-07,0.00224085361512414,5.58867830789574,16667855.8771786,47661.9989327097,16715522.4670312,562694.01930363,79813.489801816,"Malawi","All","All",1,18841350.6633035,222
"252",252,2125827.19627222,1.8861095628058e-07,4.2075660839691e-07,0.0019909136516982,5.25526638031888,16667856.0117029,47662.198070495,16715522.4670313,562694.019303635,79813.4898372687,"Malawi","All","All",1,18841350.6633035,222
"253",253,2125827.19627218,1.57887499778542e-07,3.5211474368475e-07,0.00176885117934918,4.94174351143205,16667856.1381905,47662.3853279934,16715522.4670313,562694.01930364,79813.4898687671,"Malawi","All","All",1,18841350.6633035,222
"254",254,2125827.19627215,1.32108066784207e-07,2.94780826113076e-07,0.0015715569425816,4.64692345901966,16667856.257122,47662.5614139029,16715522.4670313,562694.019303644,79813.4898967522,"Malawi","All","All",1,18841350.6633035,222
"255",255,2125827.19627212,1.10568805701418e-07,2.46726594181014e-07,0.00139626836790938,4.36969070491945,16667856.3689494,47662.7269946549,16715522.4670314,562694.019303647,79813.4899216159,"Malawi","All","All",1,18841350.6633035,222
"256",256,2125827.1962721,9.25683569235539e-08,2.06457212401975e-07,0.00124053099956033,4.10899624565366,16667856.4740974,47662.8826969317,16715522.4670314,562694.01930365,79813.4899437063,"Malawi","All","All",1,18841350.6633035,222
"257",257,2125827.19627208,7.74540755685686e-08,1.72840330065781e-07,0.00110216417517272,3.86385363016824,16667856.5729653,47663.0291100356,16715522.4670314,562694.019303652,79813.4899633328,"Malawi","All","All",1,18841350.6633035,222
"258",258,2125827.19627206,6.48291026599832e-08,1.44658358569018e-07,0.000979230453782196,3.63333523021432,16667856.6659286,47663.1667881185,16715522.4670314,562694.019303654,79813.4899807702,"Malawi","All","All",1,18841350.6633035,222
"259",259,2125827.19627205,5.42810445141287e-08,1.21037107440449e-07,0.000870008481845094,3.41656873441198,16667856.7533403,47663.2962522787,16715522.4670314,562694.019303655,79813.4899962627,"Malawi","All","All",1,18841350.6633035,222
"260",260,2125827.19627204,4.54127433104262e-08,1.01338812376544e-07,0.000772968894435346,3.21273385110075,16667856.835532,47663.4179925312,16715522.4670314,562694.019303657,79813.4900100271,"Malawi","All","All",1,18841350.6633035,222
"261",261,2125827.19627203,3.80097213243329e-08,8.48166983356249e-08,0.000686752909670207,3.02105920754152,16667856.9128157,47663.5324696618,16715522.4670314,562694.019303658,79813.4900222563,"Malawi","All","All",1,18841350.6633035,222
"262",262,2125827.19627202,3.18292990880676e-08,7.09598147234963e-08,0.0006101532948371,2.84081943380916,16667856.9854848,47663.6401169704,16715522.4670315,562694.019303659,79813.4900331215,"Malawi","All","All",1,18841350.6633035,222
"263",263,2125827.19627202,2.66251096048028e-08,5.94186189114854e-08,0.000542097464629498,2.67133242037597,16667857.053815,47663.7413419097,16715522.4670315,562694.019303659,79813.4900427747,"Malawi","All","All",1,18841350.6633035,222
"264",264,2125827.19627201,2.22845367130967e-08,4.97315440433499e-08,0.000481632470004556,2.5119567390618,16667857.1180654,47663.8365276272,16715522.4670315,562694.01930366,79813.4900513513,"Malawi","All","All",1,18841350.6633035,222
"265",265,2125827.19627201,1.866453722532e-08,4.16003077733024e-08,0.000427911618042816,2.36208921478127,16667857.1784799,47663.9260344161,16715522.4670315,562694.019303661,79813.4900589712,"Malawi","All","All",1,18841350.6633035,222
"266",266,2125827.196272,1.56082783888779e-08,3.48424003451419e-08,0.000380182702692931,2.22116265241436,16667857.2352875,47664.0102010744,16715522.4670315,562694.019303661,79813.4900657412,"Malawi","All","All",1,18841350.6633035,222
"267",267,2125827.196272,1.30678236425476e-08,2.91545784384658e-08,0.0003377774190848,2.08864368672236,16667857.2887038,47664.089346189,16715522.4670315,562694.019303662,79813.4900717561,"Malawi","All","All",1,18841350.6633035,222
"268",268,2125827.196272,1.09454288792472e-08,2.43870180988876e-08,0.000300101974389656,1.96403076323137,16667857.3389313,47664.1637693432,16715522.4670315,562694.019303662,79813.4900771001,"Malawi","All","All",1,18841350.6633035,222
"269",269,2125827.19627199,9.13953544716415e-09,2.04500011755383e-08,0.000266628804176315,1.84685224303975,16667857.3861604,47664.2337522487,16715522.4670315,562694.019303662,79813.4900818481,"Malawi","All","All",1,18841350.6633035,222
"270",270,2125827.19627199,7.66344356401632e-09,1.70909231843414e-08,0.000236889197121926,1.73666461981067,16667857.4305702,47664.2995598111,16715522.4670315,562694.019303662,79813.4900860664,"Malawi","All","All",1,18841350.6633035,222
"271",271,2125827.19627199,6.42377439513808e-09,1.42870976795685e-08,0.000210466715691295,1.63305084168109,16667857.472329,47664.3614411329,16715522.4670315,562694.019303663,79813.4900898142,"Malawi","All","All",1,18841350.6633035,222
"272",272,2125827.19627199,5.35077915465261e-09,1.20043559806858e-08,0.00018699137104997,1.53561873367928,16667857.5115953,47664.4196304559,16715522.4670315,562694.019303663,79813.490093144,"Malawi","All","All",1,18841350.6633035,222
"273",273,2125827.19627199,4.49369019703884e-09,1.00197772111303e-08,0.000166134454872671,1.44399951506477,16667857.5485178,47664.474348047,16715522.4670315,562694.019303663,79813.4900961024,"Malawi","All","All",1,18841350.6633035,222
"274",274,2125827.19627199,3.77285828579231e-09,8.36501805792417e-09,0.000147603904586066,1.3578464016723,16667857.5832365,47664.5258010337,16715522.4670315,562694.019303663,79813.4900987309,"Malawi","All","All",1,18841350.6633035,222
"275",275,2125827.19627199,3.13705624855218e-09,7.03869750634535e-09,0.00013114023498921,1.27683329562872,16667857.6158829,47664.5741841865,16715522.4670315,562694.019303663,79813.4901010661,"Malawi","All","All",1,18841350.6633035,222
"276",276,2125827.19627199,2.63557062744171e-09,5.87323082651661e-09,0.000116512912214097,1.20065355210834,16667857.6465808,47664.6196806561,16715522.4670315,562694.019303663,79813.4901031409,"Malawi","All","All",1,18841350.6633035,222
"277",277,2125827.19627199,2.21423654458513e-09,4.90066678337762e-09,0.000103517110625976,1.12901881860286,16667857.6754465,47664.6624626664,16715522.4670315,562694.019303663,79813.4901049843,"Malawi","All","All",1,18841350.6633035,222
"278",278,2125827.19627198,1.83647246148841e-09,4.1320221730644e-09,9.19708510036301e-05,1.06165794390348,16667857.7025894,47664.7026921669,16715522.4670315,562694.019303663,79813.490106622,"Malawi","All","All",1,18841350.6633035,222
"279",279,2125827.19627198,1.5448535732162e-09,3.44433720560463e-09,8.17124553417492e-05,0.998315952141191,16667857.7281124,47664.7405214451,16715522.4670315,562694.019303663,79813.4901080771,"Malawi","All","All",1,18841350.6633035,222
"280",280,2125827.19627198,1.30000181939676e-09,2.87016421420987e-09,7.25982752328407e-05,0.938753078001102,16667857.7521121,47664.7760937032,16715522.4670315,562694.019303663,79813.4901093699,"Malawi","All","All",1,18841350.6633035,222
"281",281,2125827.19627198,1.0748723951964e-09,2.42606932160077e-09,6.45006849728288e-05,0.882743859468606,16667857.7746796,47664.8095436,16715522.4670315,562694.019303663,79813.4901105184,"Malawi","All","All",1,18841350.6633035,222
"282",282,2125827.19627198,9.05681372135934e-10,2.01963604760091e-09,5.73062968824439e-05,0.830076284673984,16667857.7959002,47664.8409977605,16715522.4670315,562694.019303663,79813.4901115389,"Malawi","All","All",1,18841350.6633035,222
"283",283,2125827.19627198,7.63763524277393e-10,1.68002245141257e-09,5.09143675116854e-05,0.780550989613297,16667857.8158544,47664.8705752552,16715522.4670315,562694.019303663,79813.4901124456,"Malawi","All","All",1,18841350.6633035,222
"284",284,2125827.19627198,6.2748702076858e-10,1.42736840637675e-09,4.52353872458916e-05,0.733980502824662,16667857.8346177,47664.8983880514,16715522.4670315,562694.019303663,79813.4901132511,"Malawi","All","All",1,18841350.6633035,222
"285",285,2125827.19627198,5.33513819566264e-10,1.17962937722392e-09,4.01898383543776e-05,0.690188538362046,16667857.8522614,47664.9245414353,16715522.4670315,562694.019303663,79813.4901139667,"Malawi","All","All",1,18841350.6633035,222
"286",286,2125827.19627198,4.50402563314585e-10,9.80331771194606e-10,3.57070692590238e-05,0.649009327073845,16667857.8688521,47664.9491344117,16715522.4670315,562694.019303663,79813.4901146026,"Malawi","All","All",1,18841350.6633035,222
"287",287,2125827.19627198,3.6311381017764e-10,8.45539498827758e-10,3.17243066754174e-05,0.610286988648891,16667857.8844527,47664.9722600791,16715522.4670315,562694.019303663,79813.4901151675,"Malawi","All","All",1,18841350.6633035,222
"288",288,2125827.19627198,3.18663499707403e-10,6.81058661505161e-10,2.81857817797874e-05,0.57387494223501,16667857.8991224,47664.9940059816,16715522.4670315,562694.019303663,79813.4901156694,"Malawi","All","All",1,18841350.6633035,222
"289",289,2125827.19627198,2.66332918106706e-10,5.70711105866177e-10,2.50419423491028e-05,0.539635351971228,16667857.9129167,47665.0144544403,16715522.4670315,562694.019303663,79813.4901161153,"Malawi","All","All",1,18841350.6633035,222
"290",290,2125827.19627198,2.04594527822277e-10,5.10750205564391e-10,2.22487652364738e-05,0.507438605168478,16667857.9258878,47665.0336828647,16715522.4670315,562694.019303663,79813.4901165115,"Malawi","All","All",1,18841350.6633035,222
"291",291,2125827.19627198,1.887016326325e-10,3.95948048485395e-10,1.9767140252252e-05,0.477162821765647,16667857.9380849,47665.0517640461,16715522.4670315,562694.019303663,79813.4901168635,"Malawi","All","All",1,18841350.6633035,222
"292",292,2125827.19627198,1.62327850156771e-10,3.23469182449972e-10,1.7562315361195e-05,0.448693393320375,16667857.9495541,47665.0687664325,16715522.4670315,562694.019303663,79813.4901171763,"Malawi","All","All",1,18841350.6633035,222
"293",293,2125827.19627198,1.21864481920766e-10,2.96016210758568e-10,1.5603415696751e-05,0.421922548445113,16667857.960339,47665.0847543886,16715522.4670315,562694.019303663,79813.4901174541,"Malawi","All","All",1,18841350.6633035,222
"294",294,2125827.19627198,1.13125002600142e-10,2.27660972676475e-10,1.38630125183377e-05,0.396748945425598,16667857.9704803,47665.099788439,16715522.4670315,562694.019303663,79813.490117701,"Malawi","All","All",1,18841350.6633035,222
"295",295,2125827.19627198,9.59506023463323e-11,1.88255462566145e-10,1.23167331214923e-05,0.373077288804094,16667857.9800164,47665.113925497,16715522.4670315,562694.019303663,79813.4901179203,"Malawi","All","All",1,18841350.6633035,222
"296",296,2125827.19627198,6.81878296928255e-11,1.79452400533824e-10,1.09429248578595e-05,0.350817968518029,16667857.9889835,47665.1272190804,16715522.4670315,562694.019303663,79813.4901181152,"Malawi","All","All",1,18841350.6633035,222
"297",297,2125827.19627198,6.2728816630946e-11,1.3997923075093e-10,9.72235057214642e-06,0.329886718844648,16667857.9974156,47665.139719515,16715522.4670315,562694.019303663,79813.4901182883,"Malawi","All","All",1,18841350.6633035,222
"298",298,2125827.19627198,5.87271206487751e-11,1.05915798714421e-10,8.63791463677479e-06,0.310204299889143,16667858.0053445,47665.1514741251,16715522.4670315,562694.019303663,79813.4901184421,"Malawi","All","All",1,18841350.6633035,222
"299",299,2125827.19627198,4.46481269190949e-11,9.67828907893947e-11,7.67443644983504e-06,0.291696207950363,16667858.0128002,47665.1625274063,16715522.4670315,562694.019303663,79813.4901185788,"Malawi","All","All",1,18841350.6633035,222
"300",300,2125827.19627198,3.68387968550359e-11,8.19617064634374e-11,6.81842546458329e-06,0.274292379706057,16667858.0198111,47665.1729212021,16715522.4670315,562694.019303663,79813.4901187002,"Malawi","All","All",1,18841350.6633035,222
"301",301,2125827.19627198,3.30451045259782e-11,6.46041597475227e-11,6.05789447561474e-06,0.257926931275592,16667858.0264037,47665.1826948601,16715522.4670315,562694.019303663,79813.4901188081,"Malawi","All","All",1,18841350.6633035,222
"302",302,2125827.19627198,2.56087473385081e-11,5.77726089445419e-11,5.38219820313178e-06,0.242537917152289,16667858.0326028,47665.1918853755,16715522.4670315,562694.019303663,79813.4901189039,"Malawi","All","All",1,18841350.6633035,222
"303",303,2125827.19627198,2.15901718484955e-11,4.80719848435693e-11,4.78186983295527e-06,0.228067073456778,16667858.0384321,47665.2005275448,16715522.4670315,562694.019303663,79813.4901189891,"Malawi","All","All",1,18841350.6633035,222
"304",304,2125827.19627198,1.9612521859636e-11,3.74497896031897e-11,4.2485001023318e-06,0.214459615115299,16667858.0439136,47665.2086540869,16715522.4670315,562694.019303663,79813.4901190648,"Malawi","All","All",1,18841350.6633035,222
"305",305,2125827.19627198,1.45586477529127e-11,3.46970428200731e-11,3.77462224288989e-06,0.201664031990158,16667858.0490679,47665.2162957648,16715522.4670315,562694.019303663,79813.490119132,"Malawi","All","All",1,18841350.6633035,222
"306",306,2125827.19627198,1.22715880735988e-11,2.8884378944141e-11,3.35360083005244e-06,0.189631885014122,16667858.0539148,47665.2234815073,16715522.4670315,562694.019303663,79813.4901191917,"Malawi","All","All",1,18841350.6633035,222
"307",307,2125827.19627198,1.16062632727091e-11,2.17639525792018e-11,2.97954016983096e-06,0.178317624874677,16667858.0584724,47665.2302385172,16715522.4670315,562694.019303663,79813.4901192447,"Malawi","All","All",1,18841350.6633035,222
"308",308,2125827.19627198,8.33779237478889e-12,2.07013363764478e-11,2.64720211762127e-06,0.167678419870234,16667858.0627581,47665.2365923746,16715522.4670315,562694.019303663,79813.4901192919,"Malawi","All","All",1,18841350.6633035,222
"309",309,2125827.19627198,7.06724157160495e-12,1.71661570923645e-11,2.35193311703393e-06,0.157673993735308,16667858.066788,47665.2425671332,16715522.4670315,562694.019303663,79813.4901193338,"Malawi","All","All",1,18841350.6633035,222
"310",310,2125827.19627198,7.00131291782631e-12,1.24059285329256e-11,2.08959846546728e-06,0.14826647320839,16667858.0705775,47665.2481854116,16715522.4670315,562694.019303663,79813.490119371,"Malawi","All","All",1,18841350.6633035,222
"311",311,2125827.19627198,4.78129543542749e-12,1.23312842078149e-11,1.8565245170273e-06,0.1394202446572,16667858.0741409,47665.2534684789,16715522.4670315,562694.019303663,79813.490119404,"Malawi","All","All",1,18841350.6633035,222
"312",312,2125827.19627198,4.05497648908592e-12,1.02249143142283e-11,1.64944769474413e-06,0.13110181926623,16667858.0774917,47665.2584363352,16715522.4670315,562694.019303663,79813.4901194334,"Malawi","All","All",1,18841350.6633035,222
"313",313,2125827.19627198,4.26587428674137e-12,6.98324181614264e-12,1.4654682625256e-06,0.123279706266969,16667858.0806426,47665.2631077873,16715522.4670315,562694.019303663,79813.4901194595,"Malawi","All","All",1,18841350.6633035,222
"314",314,2125827.19627198,2.52915007772002e-12,7.72520770493289e-12,1.30200971680788e-06,0.115924293590368,16667858.0836054,47665.26750052,16715522.4670315,562694.019303663,79813.4901194827,"Malawi","All","All",1,18841350.6633035,222
"315",315,2125827.19627198,2.61601878492067e-12,5.5642618913639e-12,1.15678339308007e-06,0.109007736153881,16667858.0863915,47665.2716311628,16715522.4670315,562694.019303663,79813.4901195033,"Malawi","All","All",1,18841350.6633035,222
"316",316,2125827.19627198,3.01172699105806e-12,3.1723025810601e-12,1.02775567042252e-06,0.102503850202937,16667858.0890113,47665.2755153531,16715522.4670315,562694.019303663,79813.4901195216,"Malawi","All","All",1,18841350.6633035,222
"317",317,2125827.19627198,8.7771653729935e-13,5.62227864098919e-12,9.13119609148689e-07,0.0963880140960151,16667858.0914748,47665.2791677954,16715522.4670315,562694.019303663,79813.4901195378,"Malawi","All","All",1,18841350.6633035,222
"318",318,2125827.19627198,1.74718156452385e-12,2.87708118187136e-12,8.1127019416239e-07,0.0906370751861503,16667858.0937913,47665.2826023166,16715522.4670315,562694.019303663,79813.4901195523,"Malawi","All","All",1,18841350.6633035,222
"319",319,2125827.19627198,2.19730212171502e-12,1.08074850363341e-12,7.20781056173247e-07,0.0852292622202289,16667858.0959696,47665.285831919,16715522.4670315,562694.019303663,79813.4901195651,"Malawi","All","All",1,18841350.6633035,222
"320",320,2125827.19627198,-3.85303274983726e-13,4.92161762710182e-12,6.40384943506064e-07,0.0801441028980037,16667858.0980179,47665.2888688289,16715522.4670315,562694.019303663,79813.4901195765,"Malawi","All","All",1,18841350.6633035,222
"321",321,2125827.19627198,8.5882343068666e-13,1.98589310471745e-12,5.68956386591606e-07,0.0753623463735787,16667858.0999441,47665.2917245431,16715522.4670315,562694.019303663,79813.4901195867,"Malawi","All","All",1,18841350.6633035,222
"322",322,2125827.19627198,2.25202222437977e-12,-1.10672735995095e-12,5.05495012639475e-07,0.0708658904241815,16667858.1017552,47665.2944098725,16715522.4670315,562694.019303663,79813.4901195956,"Malawi","All","All",1,18841350.6633035,222
"323",323,2125827.19627198,4.33139884798209e-13,1.69542981396034e-12,4.4911199026975e-07,0.0666377127978667,16667858.1034584,47665.2969349831,16715522.4670315,562694.019303663,79813.4901196037,"Malawi","All","All",1,18841350.6633035,222
"324",324,2125827.19627198,8.6936447696686e-13,5.0371434965141e-13,3.99018028915155e-07,0.0626618068564975,16667858.1050599,47665.2993094343,16715522.4670315,562694.019303663,79813.4901196108,"Malawi","All","All",1,18841350.6633035,222
"325",325,2125827.19627198,1.48606885133467e-12,-9.4808214792955e-13,3.54511561673693e-07,0.0589231210054542,16667858.1065658,47665.301542215,16715522.4670315,562694.019303663,79813.4901196171,"Malawi","All","All",1,18841350.6633035,222
"326",326,2125827.19627198,-1.18318420037653e-13,1.66635902153822e-12,3.14969246776265e-07,0.0554075016872966,16667858.1079819,47665.3036417779,16715522.4670315,562694.019303663,79813.4901196227,"Malawi","All","All",1,18841350.6633035,222
"327",327,2125827.19627198,-5.58134751865004e-14,1.31664976841795e-12,2.79837517628187e-07,0.0521016395049233,16667858.1093135,47665.3056160717,16715522.4670315,562694.019303663,79813.4901196277,"Malawi","All","All",1,18841350.6633035,222
"328",328,2125827.19627198,1.01047075914328e-12,-8.07202588071894e-13,2.4862430592225e-07,0.0489930189065071,16667858.1105657,47665.3074725706,16715522.4670315,562694.019303663,79813.4901196321,"Malawi","All","All",1,18841350.6633035,222
"329",329,2125827.19627198,5.30425892085362e-13,-1.06185506507212e-13,2.20892562231126e-07,0.0460698724328177,16667858.1117431,47665.3092183024,16715522.4670315,562694.019303663,79813.490119636,"Malawi","All","All",1,18841350.6633035,222
"330",330,2125827.19627198,1.10354270594617e-13,5.1357322818968e-13,1.96254040704939e-07,0.0433211339885448,16667858.1128503,47665.3108598759,16715522.4670315,562694.019303663,79813.4901196395,"Malawi","All","All",1,18841350.6633035,222
"331",331,2125827.19627198,3.87116972488107e-13,-1.02459194192135e-13,1.74363745958385e-07,0.0407363976236371,16667858.1138914,47665.3124035056,16715522.4670315,562694.019303663,79813.4901196426,"Malawi","All","All",1,18841350.6633035,222
"332",332,2125827.19627198,2.05137117426595e-13,1.28913980479827e-13,1.5491523018953e-07,0.0383058794536539,16667858.1148704,47665.3138550347,16715522.4670315,562694.019303663,79813.4901196454,"Malawi","All","All",1,18841350.6633035,222
"333",333,2125827.19627198,8.10500055803411e-14,2.71595077437096e-13,1.37636024502226e-07,0.0360203771037326,16667858.115791,47665.3152199587,16715522.4670315,562694.019303663,79813.4901196478,"Malawi","All","All",1,18841350.6633035,222
"334",334,2125827.19627198,2.30441054177628e-13,-6.63342744418534e-14,1.22284096896212e-07,0.0338712376709902,16667858.1166567,47665.3165034455,16715522.4670315,562694.019303663,79813.49011965,"Malawi","All","All",1,18841350.6633035,222
"335",335,2125827.19627198,3.23676210966972e-14,2.3433974783771e-13,1.08644508881924e-07,0.0318503255216125,16667858.1174707,47665.3177103537,16715522.4670315,562694.019303663,79813.4901196519,"Malawi","All","All",1,18841350.6633035,222
"336",336,2125827.19627198,-3.34341464441746e-14,3.05439081345054e-13,9.65262876960177e-08,0.0299499900886928,16667858.1182362,47665.3188452521,16715522.4670315,562694.019303663,79813.4901196537,"Malawi","All","All",1,18841350.6633035,222
"337",337,2125827.19627198,1.3963173659735e-13,-4.70564192634199e-14,8.57597441818329e-08,0.0281630372323272,16667858.118956,47665.3199124374,16715522.4670315,562694.019303663,79813.4901196552,"Malawi","All","All",1,18841350.6633035,222
"338",338,2125827.19627198,1.53450070882546e-14,1.43957497403136e-13,7.61940893063108e-08,0.0264827020486249,16667858.1196328,47665.3209159496,16715522.4670315,562694.019303663,79813.4901196565,"Malawi","All","All",1,18841350.6633035,222
"339",339,2125827.19627198,-3.05807386263658e-14,1.98908871581053e-13,6.76953913367927e-08,0.0249026232535199,16667858.1202692,47665.3218595876,16715522.4670315,562694.019303663,79813.4901196578,"Malawi","All","All",1,18841350.6633035,222
"340",340,2125827.19627198,1.0664541090165e-13,-7.23353976008966e-14,6.01446472712684e-08,0.0234168191056369,16667858.1208677,47665.3227469239,16715522.4670315,562694.019303663,79813.4901196588,"Malawi","All","All",1,18841350.6633035,222
"341",341,2125827.19627198,7.85706392043927e-15,8.64633103992236e-14,5.34361034643694e-08,0.0220196647599241,16667858.1214305,47665.3235813177,16715522.4670315,562694.019303663,79813.4901196598,"Malawi","All","All",1,18841350.6633035,222
"342",342,2125827.19627198,-3.11305211067302e-14,1.40462667014608e-13,4.74758335310077e-08,0.0207058709738361,16667858.1219597,47665.3243659277,16715522.4670315,562694.019303663,79813.4901196606,"Malawi","All","All",1,18841350.6633035,222
"343",343,2125827.19627198,7.86186102414546e-14,-7.14699406880627e-14,4.21803794675617e-08,0.0194704640839686,16667858.1224573,47665.3251037243,16715522.4670315,562694.019303663,79813.4901196614,"Malawi","All","All",1,18841350.6633035,222
"344",344,2125827.19627198,2.37205545483588e-15,5.47304870325122e-14,3.74755726329286e-08,0.0183087671772966,16667858.1229252,47665.3257975006,16715522.4670315,562694.019303663,79813.490119662,"Malawi","All","All",1,18841350.6633035,222
"345",345,2125827.19627198,-2.93739078694748e-14,1.02440264852657e-13,3.32955420888619e-08,0.0172163823858275,16667858.1233652,47665.326449883,16715522.4670315,562694.019303663,79813.4901196626,"Malawi","All","All",1,18841350.6633035,222
"346",346,2125827.19627198,5.86291603017598e-14,-6.45390553224739e-14,2.95817580308598e-08,0.0161891742376164,16667858.123779,47665.3270633413,16715522.4670315,562694.019303663,79813.4901196632,"Malawi","All","All",1,18841350.6633035,222
"347",347,2125827.19627198,-2.68942851216237e-16,3.50866982059157e-14,2.62822033250902e-08,0.0152232540011223,16667858.124168,47665.3276401978,16715522.4670315,562694.019303663,79813.4901196636,"Malawi","All","All",1,18841350.6633035,222
"348",348,2125827.19627198,-2.62475972191786e-14,7.63612102124494e-14,2.33506825101605e-08,0.0143149649636381,16667858.1245339,47665.3281826365,16715522.4670315,562694.019303663,79813.490119664,"Malawi","All","All",1,18841350.6633035,222
"349",349,2125827.19627198,4.41779996102855e-14,-5.55433495279381e-14,2.07461482239833e-08,0.013460868588069,16667858.1248779,47665.3286927108,16715522.4670315,562694.019303663,79813.4901196644,"Malawi","All","All",1,18841350.6633035,222
"350",350,2125827.19627198,-1.35605672418486e-15,2.27360688237096e-14,1.84321188398634e-08,0.0126577314956491,16667858.1252014,47665.3291723517,16715522.4670315,562694.019303663,79813.4901196647,"Malawi","All","All",1,18841350.6633035,222
"351",351,2125827.19627198,-2.26608124562876e-14,5.79034471652384e-14,1.63761974231489e-08,0.0119025132253205,16667858.1255056,47665.329623375,16715522.4670315,562694.019303663,79813.490119665,"Malawi","All","All",1,18841350.6633035,222
"352",352,2125827.19627198,3.3610012847013e-14,-4.64855458263079e-14,1.4549597233786e-08,0.0111923547234373,16667858.1257917,47665.3300474883,16715522.4670315,562694.019303663,79813.4901196653,"Malawi","All","All",1,18841350.6633035,222
"353",353,2125827.19627198,-1.62227410955156e-15,1.48243798534809e-14,1.29267321856549e-08,0.0105245675202196,16667858.1260606,47665.3304462969,16715522.4670315,562694.019303663,79813.4901196655,"Malawi","All","All",1,18841350.6633035,222
"354",354,2125827.19627198,-1.91264742401665e-14,4.44964553617278e-14,1.14848823176495e-08,0.00989662355198296,16667858.1263136,47665.3308213109,16715522.4670315,562694.019303663,79813.4901196657,"Malawi","All","All",1,18841350.6633035,222
"355",355,2125827.19627198,2.57713695602816e-14,-3.82086497030778e-14,1.02038593821444e-08,0.00930614559061633,16667858.1265514,47665.3311739497,16715522.4670315,562694.019303663,79813.4901196659,"Malawi","All","All",1,18841350.6633035,222
"356",356,2125827.19627198,-1.50612162640859e-15,9.69398310955543e-15,9.06571870184493e-09,0.00875089824407614,16667858.1267751,47665.3315055486,16715522.4670315,562694.019303663,79813.4901196661,"Malawi","All","All",1,18841350.6633035,222
"357",357,2125827.19627198,-1.59008820884207e-14,3.45528520958773e-14,8.054526812349e-09,0.00822877949382725,16667858.1269854,47665.3318173627,16715522.4670315,562694.019303663,79813.4901196662,"Malawi","All","All",1,18841350.6633035,222
"358",358,2125827.19627198,1.98824428294047e-14,-3.1020706943029e-14,7.15612566204237e-09,0.0077378127371963,16667858.1271831,47665.3321105725,16715522.4670315,562694.019303663,79813.4901196663,"Malawi","All","All",1,18841350.6633035,222
"359",359,2125827.19627198,-1.24223933624996e-15,6.33238393738495e-15,6.35792976871191e-09,0.00727613930451125,16667858.1273691,47665.3323862881,16715522.4670315,562694.019303663,79813.4901196665,"Malawi","All","All",1,18841350.6633035,222
"360",360,2125827.19627198,-1.30821285906852e-14,2.70476959843291e-14,5.64876505389659e-09,0.00684201142269914,16667858.1275439,47665.3326455533,16715522.4670315,562694.019303663,79813.4901196666,"Malawi","All","All",1,18841350.6633035,222
"361",361,2125827.19627198,1.54112536632177e-14,-2.49671184270829e-14,5.01870248607011e-09,0.00643378559870611,16667858.1277084,47665.3328893495,16715522.4670315,562694.019303663,79813.4901196667,"Malawi","All","All",1,18841350.6633035,222
"362",362,2125827.19627198,-9.48819136339821e-16,4.11093893735282e-15,4.4589151939522e-09,0.00604991639769048,16667858.127863,47665.3331185997,16715522.4670315,562694.019303663,79813.4901196667,"Malawi","All","All",1,18841350.6633035,222
"363",363,2125827.19627198,-1.06842041504462e-14,2.1301448224099e-14,3.9615668607193e-09,0.00568895059243483,16667858.1280084,47665.3333341718,16715522.4670315,562694.019303663,79813.4901196668,"Malawi","All","All",1,18841350.6633035,222
"364",364,2125827.19627198,1.19876547709977e-14,-1.99693276145032e-14,3.51969429090693e-09,0.00534952166182983,16667858.1281451,47665.3335368818,16715522.4670315,562694.019303663,79813.4901196669,"Malawi","All","All",1,18841350.6633035,222
"365",365,2125827.19627198,-6.8004497796668e-16,2.63376973969083e-15,3.12710668406728e-09,0.00503034461760202,16667858.1282737,47665.3337274973,16715522.4670315,562694.019303663,79813.4901196669,"Malawi","All","All",1,18841350.6633035,222
