"","time","S","E","I","H","C","R","D","inci","hosp","crits","lvl2","lvl3","lvl4","ID","POP"
"1",1,46072.41951,0,1,0,0,0,0,0,0,0,"Malawi","Salima","TA Kambwiri","62",46073.41951
"2",2,46071.6820597024,0.607723525403817,0.794512133096896,0.00914986343945421,0.00011094564063823,0.325952413052511,1.41693251793962e-06,0.737450297565834,0.00975699461659387,0.000113345040179862,"Malawi","Salima","TA Kambwiri","62",46073.41951
"3",3,46071.017320409,0.965676662026345,0.799130490842873,0.0163430669027474,0.00039497331814968,0.620634104393457,1.02935774148427e-05,1.40218959106099,0.0185521045127759,0.000412404215258912,"Malawi","Salima","TA Kambwiri","62",46073.41951
"4",4,46070.3027505569,1.25287250035323,0.901680571667832,0.0233215410404951,0.000819973029694592,0.938032560812327,3.22962240561418e-05,2.11675944312764,0.0280066598795386,0.000874662680906381,"Malawi","Salima","TA Kambwiri","62",46073.41951
"5",5,46069.4753160208,1.54336027877629,1.0624918997903,0.0308902911100411,0.00138275621270465,1.30599624193192,7.25113925878566e-05,2.94419397921384,0.0389547239956339,0.0015055452657722,"Malawi","Salima","TA Kambwiri","62",46073.41951
"6",6,46068.4916349304,1.87186175034847,1.27050069575636,0.0395184426539099,0.0020940271685054,1.74376396305075,0.000136190664977285,3.92787506964298,0.0519703945636388,0.0023246491741294,"Malawi","Salima","TA Kambwiri","62",46073.41951
"7",7,46067.3119847181,2.25923635130584,1.52650744209428,0.0495758255114782,0.0029730495023386,2.2690034662206,0.000229147270420359,5.10752528190495,0.0675794158257156,0.00336108199411343,"Malawi","Salima","TA Kambwiri","62",46073.41951
"8",8,46065.893353694,2.72253733051612,1.83690978226733,0.0614304092867449,0.00404614787702501,2.90087459895554,0.000358037161552484,6.52615630606432,0.0863511382097418,0.00465243941909897,"Malawi","Salima","TA Kambwiri","62",46073.41951
"9",9,46064.1858088152,3.27919391109194,2.21150012113189,0.075493495172404,0.00534681112708034,3.66163622780234,0.000530618508225721,8.23370118483388,0.108946616232932,0.00624534778235431,"Malawi","Salima","TA Kambwiri","62",46073.41951
"10",10,46062.1299510132,3.94899131427614,2.66287152043594,0.0922462736654218,0.0069165594008357,4.57777728893435,0.000756030066477017,10.2895589867792,0.13615233601094,0.00819680258249615,"Malawi","Salima","TA Kambwiri","62",46073.41951
"11",11,46059.6545485167,4.75528486896015,3.20649148466359,0.112261132605247,0.00880628599850929,5.68107259972514,0.00104511135839923,12.764961483311,0.16891161503975,0.0105760525064755,"Malawi","Salima","TA Kambwiri","62",46073.41951
"12",12,46056.6739660065,5.72600325683983,3.86109662800736,0.136223081748266,0.0110779935639309,7.00973225415117,0.00141077924803997,15.7455439935586,0.208358742406583,0.0134669733058974,"Malawi","Salima","TA Kambwiri","62",46073.41951
"13",13,46053.0851724778,6.89468449615822,4.64928242472723,0.164953961179614,0.0138069398812072,8.60974122370664,0.00186847655519174,19.3343375222081,0.255858750304483,0.0169709732655188,"Malawi","Salima","TA Kambwiri","62",46073.41951
"14",14,46048.7641980261,8.30164759828709,5.59825504794621,0.199440803983376,0.0170842392826513,10.5364475779422,0.00243670648991844,23.6553119739315,0.313054558721787,0.0212104996097869,"Malawi","Salima","TA Kambwiri","62",46073.41951
"15",15,46043.5618682823,9.9953812850157,6.74075598913418,0.240869871812583,0.0210200262831693,12.8564768687858,0.00313767664704509,28.8576417176785,0.38192379835849,0.0263332926620493,"Malawi","Salima","TA Kambwiri","62",46073.41951
"16",16,46037.2987113345,12.0341716381312,8.11618113261271,0.290667459934539,0.0257472780134398,15.6500330844963,0.00399807236720909,35.1207986655554,0.464847105290076,0.0325175178687883,"Malawi","Salima","TA Kambwiri","62",46073.41951
"17",17,46030.9315017947,13.5058239117105,9.60391030888506,0.349917494696487,0.0314225737734696,18.9918839802738,0.00504993600551183,41.4880082053448,0.564037762418094,0.0399740142856237,"Malawi","Salima","TA Kambwiri","62",46073.41951
"18",18,46023.4789100793,15.4100211289615,11.1629600929342,0.418124390045999,0.0381972953379853,22.9049658874778,0.00633112592325987,48.9405999206807,0.680154454120875,0.0489182721283092,"Malawi","Salima","TA Kambwiri","62",46073.41951
"19",19,46014.8496987749,17.6863191042059,12.8958814918943,0.49559105437193,0.0462088503410586,27.437925964702,0.00788475962228147,57.5698112251374,0.814627210197083,0.0595607131743661,"Malawi","Salima","TA Kambwiri","62",46073.41951
"20",20,46004.895704896,20.3400938637399,14.8657573290857,0.583417084261588,0.0556032822570748,32.6691744140668,0.00975913061543736,67.5238051040264,0.969775955650783,0.072129159974568,"Malawi","Salima","TA Kambwiri","62",46073.41951
"21",21,45993.4292292976,23.4075907958787,17.1230321665007,0.683154447612814,0.0665481970784367,38.6979468026211,0.0120082927621543,78.9902807024539,1.14854073562029,0.0868827520304227,"Malawi","Salima","TA Kambwiri","62",46073.41951
"22",22,45980.2276088373,26.9424763051191,19.7167838140121,0.796689965110915,0.079240092370603,45.6420179842827,0.0146930018308773,92.1919011627263,1.35441199532474,0.104120869268484,"Malawi","Salima","TA Kambwiri","62",46073.41951
"23",23,45965.0322892091,31.0111531599049,22.6997720598093,0.926222024790207,0.0939097896036652,53.6382818752748,0.0178818815675252,107.38722079095,1.59144696971366,0.124190538964286,"Malawi","Salima","TA Kambwiri","62",46073.41951
"24",24,45947.5453020092,35.6916498187045,26.1310980395059,1.07427814197189,0.110827571645654,62.8447016298816,0.0216527890746414,124.874207990784,1.86432714705247,0.14749388533595,"Malawi","Salima","TA Kambwiri","62",46073.41951
"25",25,45927.424281347,41.0740915625325,30.0779324549614,1.24375277330437,0.130308624512214,73.4430488715656,0.0260943661501674,144.995228653026,2.17843930311069,0.174496198293738,"Malawi","Salima","TA Kambwiri","62",46073.41951
"26",26,45904.2763951333,47.2618852233447,34.6169957203809,1.43795731185211,0.15271919373085,85.6422496027885,0.0313078145837407,168.143114866681,2.53997457563915,0.205735096048462,"Malawi","Salima","TA Kambwiri","62",46073.41951
"27",27,45877.6513243877,54.3733191428087,39.8360150728024,1.66067954401096,0.178483606542474,99.6822793327894,0.0374089133236408,194.768185612278,2.95604383241816,0.241830963135169,"Malawi","Salima","TA Kambwiri","62",46073.41951
"28",28,45847.0334747231,62.5433978440074,45.8352440218984,1.91625031120293,0.208092126815464,115.838520712744,0.0445302602561585,225.386035276925,3.43480674185565,0.283498601502599,"Malawi","Salima","TA Kambwiri","62",46073.41951
"29",29,45811.8328621209,71.9259899780743,52.729188395147,2.20962199062053,0.242110289720472,134.426913302577,0.0528239229974088,260.586647879137,3.98562429891958,0.331561053975289,"Malawi","Salima","TA Kambwiri","62",46073.41951
"30",30,45771.3750952562,82.6961572177189,60.6484613125761,2.5464553085735,0.281189371744793,155.809687127916,0.062464405315946,301.044414743845,4.61922862804731,0.386965097536838,"Malawi","Salima","TA Kambwiri","62",46073.41951
"31",31,45724.890460919,95.0526139249954,69.7417892400136,2.93321444804561,0.326078070157731,180.401701439251,0.0736519585719069,347.529049081035,5.34791068816117,0.450798530306902,"Malawi","Salima","TA Kambwiri","62",46073.41951
"32",32,45671.5013461346,109.22046540607,80.1782966045629,3.3772774687651,0.377636292771332,208.677871584936,0.0866165083514025,400.918163865456,6.18574017412301,0.524310610570424,"Malawi","Salima","TA Kambwiri","62",46073.41951
"33",33,45610.2085938634,125.454077375121,92.1499079924783,3.8870573480277,0.436850576266651,241.181400772582,0.101622072178356,462.210916136654,7.14880921667109,0.608934955951174,"Malawi","Salima","TA Kambwiri","62",46073.41951
"34",34,45539.8773558528,144.039864469031,105.873776117412,4.47212927220751,0.504850701037293,278.532562015343,0.118971572187603,532.542154147217,8.25549232468752,0.70631430792049,"Malawi","Salima","TA Kambwiri","62",46073.41951
"35",35,45459.2209754882,165.299175672131,121.595063289597,5.14337706254661,0.582929376588891,321.438976509645,0.139012601278132,613.198534511787,9.52675055772127,0.81832998146235,"Malawi","Salima","TA Kambwiri","62",46073.41951
"36",36,45366.7843568541,189.591012480166,139.589614366042,5.91314776393312,0.672563655861097,370.706671077915,0.162143802000614,705.635153145918,10.986458680284,0.94713408125052,"Malawi","Salima","TA Kambwiri","62",46073.41951
"37",37,45260.9266003491,217.314502695335,160.166524930249,6.79541757219046,0.775438680213577,427.252203679894,0.188822093002928,811.492909650885,12.6617638266409,1.09518548372407,"Malawi","Salima","TA Kambwiri","62",46073.41951
"38",38,45139.803489465,248.910569539382,183.670709080153,7.8059635518475,0.893473934068162,492.115733593524,0.219570836077116,932.616020535052,14.5834719307903,1.26528992161098,"Malawi","Salima","TA Kambwiri","62",46073.41951
"39",39,45001.3503971789,284.862751179736,210.485042342646,8.96253932211623,1.02885175253659,566.474939245741,0.254988978392105,1071.06911282117,16.7864590382045,1.46064397279346,"Malawi","Salima","TA Kambwiri","62",46073.41951
"40",40,44843.2660610003,325.696978554011,241.031701049556,10.2850544727031,1.18404836736297,651.65990513777,0.295761418349497,1229.15344899975,19.3101110427821,1.68488365954203,"Malawi","Salima","TA Kambwiri","62",46073.41951
"41",41,44662.9995095845,371.979039928054,275.772830356502,11.7957343600259,1.36186622339434,749.167859299128,0.342670248438023,1409.42000041554,22.1987585646286,1.94213580336615,"Malawi","Salima","TA Kambwiri","62",46073.41951
"42",42,44457.740166894,424.309658631453,315.209827980679,13.5192685793639,1.56546887707757,860.678511410995,0.396607626427595,1614.679343106,25.5021291042888,2.23707471928239,"Malawi","Salima","TA Kambwiri","62",46073.41951
"43",43,44224.4140151512,483.316500212168,359.880597830954,15.4829220764991,1.79841594765258,988.068469121696,0.45858965984684,1848.00549484882,29.2757713097715,2.57498067864897,"Malawi","Salima","TA Kambwiri","62",46073.41951
"44",44,43959.6879164128,549.641703143654,410.354597776502,17.716591308444,2.06469806798687,1133.4242316792,0.529771611463495,2112.73159358725,33.5814362729555,2.96180060859598,"Malawi","Salima","TA Kambwiri","62",46073.41951
"45",45,43659.9850268493,623.924074114549,467.224451538944,20.2527857113997,2.3687706005397,1299.05293656587,0.611464619415712,2412.43448315072,38.487391257372,3.40421012145903,"Malawi","Salima","TA Kambwiri","62",46073.41951
"46",46,43321.5151701735,706.774224101841,531.093825490659,23.1265045339519,2.71558300195068,1487.48904954017,0.705153157994343,2750.90433982656,44.0686122012461,3.90967244703763,"Malawi","Salima","TA Kambwiri","62",46073.41951
"47",47,43100.0964250044,665.390748442423,579.270983538589,26.286655968016,3.1100754089011,1698.45211172597,0.812509911684287,2972.32308499558,50.31564123308,4.48596020580152,"Malawi","Salima","TA Kambwiri","62",46073.41951
"48",48,42866.1882659462,647.332984118013,603.304522245281,29.4369655142164,3.55254374628976,1922.66890604669,0.935322383331886,3206.23124405383,56.9500025975869,5.13639623709735,"Malawi","Salima","TA Kambwiri","62",46073.41951
"49",49,42626.65555515,639.589055661642,615.875292220873,32.4011906579745,4.03753874437045,2153.78560539986,1.07527216526251,3445.76395484999,63.781517800517,5.85837883929072,"Malawi","Salima","TA Kambwiri","62",46073.41951
"50",50,42384.7904239882,636.194574964777,622.801574046998,35.1157488793398,4.55741136319246,2388.72598604245,1.23379071508316,3687.62908601184,70.7186164444432,6.64668296841003,"Malawi","Salima","TA Kambwiri","62",46073.41951
"51",51,42142.2490644305,634.414132782462,626.754025922552,37.566722382017,5.1041826124448,2625.91936437507,1.41201749497773,3930.17044556952,77.7149769230976,7.49525917207719,"Malawi","Salima","TA Kambwiri","62",46073.41951
"52",52,41899.9368354715,632.993822551744,628.958862898659,39.7612023227251,5.67031712521137,2864.48766536577,1.61080426441864,4172.48267452853,84.7450532253401,8.39801443243775,"Malawi","Salima","TA Kambwiri","62",46073.41951
"53",53,41658.4126335294,631.360747214333,629.979915088907,41.7143448112057,6.24900437931849,3103.87212736978,1.83073760711535,4414.00687647066,91.7928416252364,9.34913153410281,"Malawi","Salima","TA Kambwiri","62",46073.41951
"54",54,41418.0733070687,629.256257672303,630.077824459853,43.4436233214285,6.83422269955046,3343.66210748676,2.07216729141335,4654.34620293131,98.8467331645616,10.3431810911839,"Malawi","Salima","TA Kambwiri","62",46073.41951
"55",55,41179.2375398316,626.567688617977,629.375229311886,44.9663635504228,7.42071162043217,3583.51674199488,2.33523507280059,4893.1819701684,105.897161727704,11.3751426835494,"Malawi","Salima","TA Kambwiri","62",46073.41951
"56",56,40942.1835767847,623.251418854645,627.932415355028,46.2987721306495,8.00390966371604,3823.12951561595,2.61990159532723,5130.23593321532,112.935543470544,12.4403881885301,"Malawi","Salima","TA Kambwiri","62",46073.41951
"57",57,40707.1664582675,619.296566501266,625.78300473778,47.4556163467484,8.57988223067263,4062.21201095916,2.92597095692312,5365.25305173255,119.953793114068,13.5346512715296,"Malawi","Salima","TA Kambwiri","62",46073.41951
"58",58,40474.4249941703,614.709166187084,622.949394807806,48.4502160696905,9.1452503749322,4300.48737587657,3.25311251360643,5597.99451582969,126.944132127278,14.6539930815895,"Malawi","Salima","TA Kambwiri","62",46073.41951
"59",59,40244.1847780347,609.504186982004,619.450454984779,49.2945297968178,9.6971283471922,4537.68755233546,3.60087951910091,5828.23473196536,133.899009297802,15.7947713599782,"Malawi","Salima","TA Kambwiri","62",46073.41951
"60",60,40016.6593455041,603.701866975363,615.304773673351,49.9993184791749,10.2330572840943,4773.55242023585,3.96872784807492,6055.76016449591,140.811079194591,16.9536058345511,"Malawi","Salima","TA Kambwiri","62",46073.41951
"61",61,39792.0502797497,597.32598210614,610.532051977792,50.5742858144389,10.7509562249213,5007.8299239268,4.35603020025964,6280.36923025036,147.673208921547,18.1273532893613,"Malawi","Salima","TA Kambwiri","62",46073.41951
"62",62,39570.5469517157,590.40285140925,605.153755352606,51.0282088268614,11.2490799152388,5240.27657422292,4.7620885574133,6501.87255828429,154.478495664706,19.3130864626251,"Malawi","Salima","TA Kambwiri","62",46073.41951
"63",63,39352.3259869985,582.960847901724,599.193272815274,51.3690466068836,11.7259861499604,5470.65822527812,5.1861442495914,6720.09352300155,161.220291811991,20.5080784357687,"Malawi","Salima","TA Kambwiri","62",46073.41951
"64",64,39137.5512866507,575.029858634126,592.675887310412,51.6040896181418,12.1804885185178,5698.75050810694,5.62739116119008,6934.86822334933,167.892220926378,21.7097777413941,"Malawi","Salima","TA Kambwiri","62",46073.41951
"65",65,38926.3738791572,566.641004201563,585.628581679105,51.7400579481291,12.611626453758,5924.33937597622,6.08498458402212,7146.0456308428,174.488195866108,22.9157934037639,"Malawi","Salima","TA Kambwiri","62",46073.41951
"66",66,38718.9314925777,557.826510852503,578.079779971081,51.7831675686555,13.0186465242374,6147.22186493249,6.55804757334764,7353.48801742232,181.002442490245,24.1238869942451,"Malawi","Salima","TA Kambwiri","62",46073.41951
"67",67,38515.3486055315,548.619315076307,570.059260659388,51.7392098309776,13.4009767847928,6367.20646340264,7.04567871442794,7557.07090446854,187.429512209867,25.3319601335757,"Malawi","Salima","TA Kambwiri","62",46073.41951
"68",68,38315.7364649298,539.052767351172,561.597952290957,51.6136180879174,13.7582054567789,6584.11354296615,7.54695891722523,7756.6830450702,193.764296042796,26.5380446780844,"Malawi","Salima","TA Kambwiri","62",46073.41951
"69",69,38120.1931023114,529.160582792109,552.727548533533,51.4115166401685,14.0900655683836,6797.77573772255,8.06095643190654,7952.22640768865,200.002036779321,27.7402958531391,"Malawi","Salima","TA Kambwiri","62",46073.41951
"70",70,37928.8035448585,518.976512903813,543.480392576653,51.1377637506227,14.3964195497876,7008.03814440971,8.58673195089626,8143.61596514149,206.138335759108,28.9369854880009,"Malawi","Salima","TA Kambwiri","62",46073.41951
"71",71,37741.6400896745,508.534036485673,533.889346241692,50.7969888941857,14.6772451646249,7214.75846019747,9.12334334192529,8330.77942032557,212.169157694408,30.1264959621158,"Malawi","Salima","TA Kambwiri","62",46073.41951
"72",72,37558.7624926729,497.866387671426,523.987344811898,50.3936255145085,14.9326239711894,7417.80718577492,9.66984958318443,8513.65701732712,218.090837313389,31.3073153300156,"Malawi","Salima","TA Kambwiri","62",46073.41951
"73",73,37380.2183808147,487.006262335399,513.807302577629,49.9319335377944,15.1627307522869,7617.06758553651,10.2253144456843,8692.20112918531,223.900078656104,32.4780329867905,"Malawi","Salima","TA Kambwiri","62",46073.41951
"74",74,37206.0436975,475.985566954434,503.382013773478,49.4160164357048,15.3678243888379,7812.43558125141,10.7888096961294,8866.3758125,229.593952303786,33.6373359653616,"Malawi","Salima","TA Kambwiri","62",46073.41951
"75",75,37036.2630652638,464.83541084136,492.7438129532,48.8498390655815,15.5482393492198,8003.81972441999,11.3594181068311,9036.15644473619,235.169894933399,34.7840055227371,"Malawi","Salima","TA Kambwiri","62",46073.41951
"76",76,36870.8902223372,453.585883363576,481.924480169256,48.2372363805146,15.7043786329782,8191.14107283582,11.9362362807117,9201.52928766286,240.625705855127,35.9169148675193,"Malawi","Salima","TA Kambwiri","62",46073.41951
"77",77,36709.9288081915,442.265996164504,470.955072730822,47.5819254465954,15.8367051831218,8374.33262568119,12.5183766023209,9362.49070180856,245.959530726472,37.0350238760018,"Malawi","Salima","TA Kambwiri","62",46073.41951
"78",78,36553.3730489542,430.903590079247,459.865836943016,46.8875123944676,15.9457351334716,8553.33881765399,13.1049688416084,9519.04646104581,251.169846880429,38.1373750553103,"Malawi","Salima","TA Kambwiri","62",46073.41951
"79",79,36401.2074921051,419.525159317962,448.685977458457,46.1574868668226,16.0320362891588,8728.11619414351,13.6951638190484,9671.21201789496,256.25548287846,39.2230982303344,"Malawi","Salima","TA Kambwiri","62",46073.41951
"80",80,36253.4081456182,408.15584613762,437.443622463895,45.3952304628707,16.0962196767211,8898.63231170269,14.2881339380259,9819.01136438183,261.215586522204,40.2914029953531,"Malawi","Salima","TA Kambwiri","62",46073.41951
"81",81,36109.9430836383,396.819404328294,426.165706606759,44.6040179798043,16.1389340478858,9064.86528855605,14.883074842965,9962.47642636176,266.049611694661,41.3415760256535,"Malawi","Salima","TA Kambwiri","62",46073.41951
"82",82,35970.7730611239,385.538173231364,414.877900611043,43.7870176920203,16.1608611427495,9226.80328967627,15.4792065226956,10101.6464488761,270.757303274837,42.3729782091247,"Malawi","Salima","TA Kambwiri","62",46073.41951
"83",83,35835.8519455416,374.332991721934,403.604574833051,42.9472876333454,16.1627122169004,9384.44422327431,16.0757747788841,10236.5675644584,275.338688137016,43.385043659986,"Malawi","Salima","TA Kambwiri","62",46073.41951
"84",84,35705.1273440737,363.223225246892,392.368726618772,42.0877755411499,16.145223330479,9537.79516304116,16.6720521478537,10367.2921659263,279.794058222201,44.3772765688353,"Malawi","Salima","TA Kambwiri","62",46073.41951
"85",85,35578.5411601969,352.226786035898,381.191926068561,41.2113175686588,16.1091513426722,9686.87183005621,17.2673387311069,10493.8783498031,284.12395532828,45.3492486035303,"Malawi","Salima","TA Kambwiri","62",46073.41951
"86",86,35456.0301636131,341.360110751651,370.094331987509,40.3206358819041,16.0552701243838,9831.69803475296,17.8609628884787,10616.3893463869,288.329154707482,46.3005962956285,"Malawi","Salima","TA Kambwiri","62",46073.41951
"87",87,35337.5265697499,330.638200453683,359.094695097711,39.4183383200536,15.9843668297663,9972.30505806961,18.452281479258,10734.8929402501,292.410646942312,47.2310177202274,"Malawi","Salima","TA Kambwiri","62",46073.41951
"88",88,35222.9583199656,320.074593755213,348.210250560446,38.5069105595231,15.8972389559812,10108.731514209,19.0406819942569,10849.4611900344,296.369633699343,48.1402731661203,"Malawi","Salima","TA Kambwiri","62",46073.41951
"89",89,35112.249986342,309.681522423323,337.456887270513,37.5887257210349,15.7946901060242,10241.0221180842,19.6255800528918,10960.169523658,300.207491937069,49.0281766602389,"Malawi","Salima","TA Kambwiri","62",46073.41951
"90",90,35005.3229906848,299.469863084615,326.84909239272,36.6660365289623,15.6775276397925,10369.2275783842,20.2064212849184,11067.0965193152,303.92577055158,49.8945968052048,"Malawi","Salima","TA Kambwiri","62",46073.41951
"91",91,34902.0961077762,289.449215149516,316.399984561499,35.7409764911523,15.5465596056438,10493.4039853752,20.7826810408955,11170.3234022239,307.526172494075,50.7394532205953,"Malawi","Salima","TA Kambwiri","62",46073.41951
"92",92,34802.4859213877,279.627977781032,306.121376291022,34.8155622684084,15.4025921710232,10613.6122163631,21.3538637376972,11269.9335886123,311.010537440967,51.5627128652764,"Malawi","Salima","TA Kambwiri","62",46073.41951
"93",93,34706.4071045808,270.013326262999,296.023739497164,33.8916864304528,15.2464268616447,10729.9177217924,21.9195045745167,11366.0124054192,314.380835326656,52.3643901824237,"Malawi","Salima","TA Kambwiri","62",46073.41951
"94",94,34613.7728687161,260.61128908986,286.116270221164,32.9711195488053,15.0788579083156,10842.3899355428,22.4791689730225,11458.6466412839,317.639149146614,53.1445434983212,"Malawi","Salima","TA Kambwiri","62",46073.41951
"95",95,34524.4954455576,251.426887010951,276.407021425957,32.0555188831822,14.9006702063595,10951.1015165106,23.0324504053907,11547.9240644425,320.787653012528,53.9032693038259,"Malawi","Salima","TA Kambwiri","62",46073.41951
"96",96,34438.486314506,242.464142512387,266.902904544481,31.1464253839591,14.7126372999069,11056.1281146028,23.5789711505549,11633.9331954941,323.828605217246,54.6407015192736,"Malawi","Salima","TA Kambwiri","62",46073.41951
"97",97,34355.656510994,233.7261392581,257.609743622252,30.2452653304314,14.5155194307655,11157.5479494528,24.1183819117065,11716.7629990061,326.764335952353,55.357008895634,"Malawi","Salima","TA Kambwiri","62",46073.41951
"98",98,34275.9169263958,225.215091972497,248.532337891561,29.3533531316338,14.3100617393992,11255.4413776867,24.6503611824683,11796.5025836042,329.59723472341,56.0523921421832,"Malawi","Salima","TA Kambwiri","62",46073.41951
"99",99,34199.1785758949,216.932408423831,239.674523677235,28.4718941053427,14.0969926474077,11349.8905006127,25.1746146386039,11873.2409341051,332.329738947203,56.7270812789182,"Malawi","Salima","TA Kambwiri","62",46073.41951
"100",100,34125.3528228807,208.878744529849,231.039233728498,27.6019873544023,13.8770225287925,11440.9788244595,25.6908745182841,11947.0666871194,334.964324089395,57.3813332583808,"Malawi","Salima","TA Kambwiri","62",46073.41951
"101",101,34054.3515985142,201.054067410156,222.628554006656,26.7446290836431,13.6508424169309,11528.7909196376,26.198898930856,12018.0679114858,337.503493785534,58.0154295021183,"Malawi","Salima","TA Kambwiri","62",46073.41951
"102",102,33986.0876030386,193.457713893138,214.44378374963,25.9007161530811,13.4191228604119,11613.4120991909,26.6984711143084,12086.3319069614,339.949770530359,58.6296734991289,"Malawi","Salima","TA Kambwiri","62",46073.41951
"103",103,33920.4744830686,186.088441549611,206.485498252372,25.071049730381,13.1825129691359,11694.9281257682,27.1893986617813,12151.9450269315,342.30568720472,59.2243885421511,"Malawi","Salima","TA Kambwiri","62",46073.41951
"104",104,33857.4269881476,178.944485921778,198.753602043579,24.2563392696999,12.9416395908797,11773.424942314,27.6715127125149,12214.9925218525,344.573779305178,59.7999155342009,"Malawi","Salima","TA Kambwiri","62",46073.41951
"105",105,33796.8611091796,172.023611036681,191.247383829208,23.4572065006401,12.697106640152,11848.988425688,28.1446671257934,12275.5584008204,346.756577845196,60.3566109186043,"Malawi","Salima","TA Kambwiri","62",46073.41951
"106",106,33738.6942049176,165.323156275735,183.965573427538,22.6741895461804,12.449494540974,11921.704153675,28.6087376170222,12333.7253050824,348.856602652081,60.8948446588306,"Malawi","Salima","TA Kambwiri","62",46073.41951
"107",107,33682.8451258225,158.840080981617,176.906386235332,21.9077463716027,12.1993595444477,11991.6571899473,29.0636210972099,12389.5743841775,350.876356169219,61.4149984375564,"Malawi","Salima","TA Kambwiri","62",46073.41951
"108",108,33629.2342720041,152.571014991085,170.067585898478,21.1582608349597,11.9472339985781,12058.9319079754,29.5092342973953,12443.1852379959,352.818318474637,61.9174635971248,"Malawi","Salima","TA Kambwiri","62",46073.41951
"109",109,33577.7836787422,146.512298537574,163.446524454224,20.4260462505644,11.6936259999922,12123.6118229654,29.9455130501653,12494.6358312579,354.684942461914,62.4026395746046,"Malawi","Salima","TA Kambwiri","62",46073.41951
"110",110,33528.4170559326,140.660022264983,157.040193009128,19.7113505161054,11.439019685926,12185.7794574569,30.3724111343757,12544.0024540674,356.478650052302,62.8709322374547,"Malawi","Salima","TA Kambwiri","62",46073.41951
"111",111,33481.0599637399,135.010044857513,150.845238868953,19.0143555534635,11.1838735209204,12245.5161327859,30.7899006733708,12591.3595462601,358.201826070323,63.3227528445561,"Malawi","Salima","TA Kambwiri","62",46073.41951
"112",112,33435.6397578504,129.558046780264,144.858027698656,18.3351859282434,10.9286219122631,12302.9018997957,31.1979700344893,12636.7797521496,359.856816463766,63.7585161047267,"Malawi","Salima","TA Kambwiri","62",46073.41951
"113",113,33392.0856125817,124.299553680287,139.074691558885,17.6739131169061,10.6736755385371,12358.0154406625,31.5966228612149,12680.3338974183,361.445925551761,64.1786388663372,"Malawi","Salima","TA Kambwiri","62",46073.41951
"114",114,33350.3285765899,119.229969573001,133.491143445468,17.0305578878705,10.4194211239198,12410.9339637678,31.9858776120391,12722.0909334101,362.971413014152,64.5835391107321,"Malawi","Salima","TA Kambwiri","62",46073.41951
"115",115,33310.301583445,114.344604681928,128.103111858584,16.4050945987818,10.1662218652658,12461.7331269501,32.365766600294,12762.117926555,364.43549176719,64.9736347533874,"Malawi","Salima","TA Kambwiri","62",46073.41951
"116",116,33271.9394628028,109.638690459416,122.906182216221,15.7974547962222,9.91441787767939,12510.4869667305,32.7363351172244,12800.4800471972,365.84032599573,65.3493426045152,"Malawi","Salima","TA Kambwiri","62",46073.41951
"117",117,33235.1789393527,105.107407095462,117.895819048495,15.2075309074845,9.66432666964091,12557.267846338,33.0976405882841,12837.2405706474,367.188029737156,65.7110774154819,"Malawi","Salima","TA Kambwiri","62",46073.41951
"118",118,33199.958626145,100.74590821263,113.067386950922,14.6351797983972,9.41624366325196,12602.1464134812,33.449751748604,12872.460883855,368.480665746946,66.0592510028111,"Malawi","Salima","TA Kambwiri","62",46073.41951
"119",119,33166.2190174019,96.5493329160849,108.416181488283,14.0802259566291,9.17044276864809,12645.1915616304,33.7927478380644,12906.2004925981,369.720244457672,66.3942714595511,"Malawi","Salima","TA Kambwiri","62",46073.41951
"120",120,33133.9024732602,92.5128226624868,103.937450691242,13.5424646617657,8.92717699239753,12686.4704039136,34.1267178183684,12938.5170367398,370.908723306385,66.7165424378848,"Malawi","Salima","TA Kambwiri","62",46073.41951
"121",121,33102.953198019,88.6315409132666,99.6264096181255,13.021665095524,8.68667907549992,12726.0482576652,34.4517596133979,12969.466311981,372.048006371873,67.0264625007645,"Malawi","Salima","TA Kambwiri","62",46073.41951
"122",122,33073.317218037,84.9006837322449,95.478261490654,12.5175731406519,8.44916216440192,12763.9886320616,34.7679793734799,12999.102291963,373.139944094348,67.3244245470548,"Malawi","Salima","TA Kambwiri","62",46073.41951
"123",123,33044.9423558663,81.3154896969059,91.4882162290238,12.0299140404024,8.21482050376853,12800.3532228989,35.0754907648016,13027.4771541338,374.186333200339,67.6108153010157,"Malawi","Salima","TA Kambwiri","62",46073.41951
"124",124,33017.7781989794,77.8712536667044,87.6515014817048,11.5583950123871,7.98383014286935,12835.2019164321,35.3744142848711,13054.6413110207,375.188916891156,67.8860148595072,"Malawi","Salima","TA Kambwiri","62",46073.41951
"125",125,32991.7760676095,74.5633357793068,83.9633760551033,11.1027076360329,7.7563496574381,12868.5927966584,35.6648766042594,13080.6434423905,376.149385126211,68.1503962991697,"Malawi","Salima","TA Kambwiri","62",46073.41951
"126",126,32966.8889813795,71.387167258664,80.4191441723128,10.6625300470235,7.53252088169793,12900.5821563258,35.9470099350745,13105.5305286206,377.069375010267,68.4043253390391,"Malawi","Salima","TA Kambwiri","62",46073.41951
"127",127,32943.0716223534,68.3382588917958,77.0141641638914,10.2375290627656,7.31246964240045,12931.2245144591,36.2209514266326,13129.3478876466,377.950471369172,68.6481600512295,"Malawi","Salima","TA Kambwiri","62",46073.41951
"128",128,32920.2802968705,65.4122079253023,73.7438565584284,9.82736215197782,7.09630649447414,12960.5726374111,36.4868425882718,13152.1392131296,378.794207424555,68.8822506191886,"Malawi","Salima","TA Kambwiri","62",46073.41951
"129",129,32898.4728973627,62.604701515552,70.6037138603286,9.43167921173836,6.88412745644456,12988.677561854,36.7448287392199,13173.9466126373,379.602065520135,69.1069391415369,"Malawi","Salima","TA Kambwiri","62",46073.41951
"130",130,32877.6088623742,59.9115211673653,67.5893071928407,9.05012424812644,6.67601473943473,13015.5886217925,36.9950584855443,13194.8106476258,380.375477962897,69.3225594753477,"Malawi","Salima","TA Kambwiri","62",46073.41951
"131",131,32857.6491354663,57.3285472816877,64.696290959458,8.68233694562744,6.47203746775656,13041.3534786553,37.2376832239128,13214.7703745337,381.115827951171,69.5294371164191,"Malawi","Salima","TA Kambwiri","62",46073.41951
"132",132,32838.5561245226,54.8517611210174,61.920408716046,8.32795407259683,6.27225239072771,13066.0181525054,37.4728566717289,13233.8633854775,381.824450531011,69.7278891154329,"Malawi","Salima","TA Kambwiri","62",46073.41951
"133",133,32820.2936605872,52.4772465117577,59.2574977879193,7.98661077562193,6.07670458191171,13089.6270553323,37.7007344233115,13252.1258494128,382.502633610326,69.9182240256404,"Malawi","Salima","TA Kambwiri","62",46073.41951
"134",134,32802.8269560217,50.2011921734553,56.7034917656559,7.65794178590381,5.88542812328201,13112.2230265984,37.9214735316606,13269.5925539783,383.151619036374,70.1007418787987,"Malawi","Salima","TA Kambwiri","62",46073.41951
"135",135,32786.1225631502,48.019892569482,54.2544233868313,7.34158249786538,5.69844677427036,13133.8473695062,38.1352321151737,13286.2969468499,383.77260369081,70.2757341882411,"Malawi","Salima","TA Kambwiri","62",46073.41951
"136",136,32770.1483332603,45.9297479091945,51.9064272166265,7.03716993780357,5.51577462386201,13154.5398880635,38.3421689887225,13302.2711767397,384.366740604955,70.4434839762479,"Malawi","Salima","TA Kambwiri","62",46073.41951
"137",137,32754.873375467,43.9272646604973,49.6557407069104,6.74434365587103,5.33741672356829,13174.3389254677,38.5424433184825,13317.546134533,384.935140111389,70.6042658225143,"Malawi","Salima","TA Kambwiri","62",46073.41951
"138",138,32740.2680160923,42.0090554546376,47.4987050031653,6.46274652250386,5.16336970114188,13193.2814029265,38.7362142997701,13332.1514939077,385.478871005556,70.7583459323237,"Malawi","Salima","TA Kambwiri","62",46073.41951
"139",139,32726.3037588156,40.1718380852714,45.4317659359967,6.19202542762376,4.9936223544779,13211.402858524,38.9236408571438,13346.1157511845,385.998961705932,70.9059822226067,"Malawi","Salima","TA Kambwiri","62",46073.41951
"140",140,32712.9532451744,38.4124347071851,43.451474040057,5.93183191049996,4.82815622427067,13228.7374865776,39.1048813660485,13359.4662648257,386.496401426487,71.0474244232376,"Malawi","Salima","TA Kambwiri","62",46073.41951
"141",141,32700.1902156452,36.7277709335997,41.554484025347,5.68182271842972,4.666946145197,13245.3181771371,39.2800933952122,13372.2292943548,386.972141351161,71.182914191998,"Malawi","Salima","TA Kambwiri","62",46073.41951
"142",142,32687.9894716526,35.1148742487194,39.7375544392802,5.44166028630958,4.50996077575148,13261.1765551284,39.4494334689756,13384.4300383474,387.427095795696,71.3126852419469,"Malawi","Salima","TA Kambwiri","62",46073.41951
"143",143,32676.3268382778,33.570872362332,37.997546883097,5.21101315459163,4.35716310609065,13276.3430193674,39.6130568487731,13396.0926717223,387.862143363762,71.4369634792301,"Malawi","Salima","TA Kambwiri","62",46073.41951
"144",144,32665.1791276466,32.0929916663631,36.3314246677996,4.98955633314288,4.20851094370819,13290.8467814095,39.7711173329607,13407.2403823534,388.278128096661,71.5559671497882,"Malawi","Salima","TA Kambwiri","62",46073.41951
"145",145,32654.5241032769,30.678555295485,34.7362515337368,4.77697160447305,4.06395737736083,13304.7159038379,39.9237670741595,13417.8954067231,388.675860604777,71.6699069939777,"Malawi","Salima","TA Kambwiri","62",46073.41951
"146",146,32644.3404453228,29.3249810059752,33.2091902471763,4.57294777467743,3.92345121923117,13317.9773380169,40.0711564133162,13428.0790646772,389.056119181786,71.7789864077343,"Malawi","Salima","TA Kambwiri","62",46073.41951
"147",147,32634.6077166021,28.0297791810369,31.7475007755178,4.37718088227618,3.78693742532846,13330.6569614041,40.2134337296883,13437.811793398,389.419650904662,71.8834016089429,"Malawi","Salima","TA Kambwiri","62",46073.41951
"148",148,32625.3063295654,26.7905506774158,30.3485384099396,4.18937436241777,3.65435749464705,13342.7796141843,40.3507453059516,13447.1131804346,389.76717271241,71.9833418081729,"Malawi","Salima","TA Kambwiri","62",46073.41951
"149",149,32616.4175142396,25.6049844829882,29.0097519116973,4.00923916912605,3.52564984747852,13354.3691351415,40.4832352076489,13456.0019957604,390.099372461278,72.0789893828505,"Malawi","Salima","TA Kambwiri","62",46073.41951
"150",150,32607.9232870313,24.4708554557401,27.7286814136,3.83649386446545,3.40075018310737,13365.4483968756,40.6110451762235,13464.4962229687,390.416909959662,72.1705200538209,"Malawi","Salima","TA Kambwiri","62",46073.41951
"151",151,32599.8064204429,23.3860220515207,26.5029562155817,3.67086467564951,3.27959181744018,13376.039340262,40.7343145348849,13472.6130895571,390.720417979878,72.2581030635719,"Malawi","Salima","TA Kambwiri","62",46073.41951
"152",152,32592.050413762,22.3484239199843,25.3302926416819,3.51208552035329,3.16210600118164,13386.1630080482,40.8531801065711,13480.369096238,391.010503243649,72.3419013554899,"Malawi","Salima","TA Kambwiri","62",46073.41951
"153",153,32584.6394646467,21.3560795336169,24.2084917991442,3.3598980063678,3.04822221899272,13395.8395776519,40.9677761433026,13487.7800453534,391.287747383399,72.4220717533873,"Malawi","Salima","TA Kambwiri","62",46073.41951
"154",154,32577.5584415929,20.4070838739037,23.135437236913,3.21405140859377,2.93786847020016,13405.0883931513,41.078234266238,13494.8610684071,391.552707879138,72.498765140704,"Malawi","Salima","TA Kambwiri","62",46073.41951
"155",155,32570.7928573324,19.4996060594405,22.1090926559872,3.07430262326323,2.8309715317533,13413.9279963815,41.1846834157586,13501.6266526677,391.805918968445,72.5721266389385,"Malawi","Salima","TA Kambwiri","62",46073.41951
"156",156,32564.3288431212,18.6318869816726,21.1274996166475,2.94041610295544,2.72745720400671,13422.3761571627,41.287249810939,13508.0906668789,392.047892530393,72.6422957847991,"Malawi","Salima","TA Kambwiri","62",46073.41951
"157",157,32558.1531238773,17.8022370157164,20.1887751832382,2.81216377586567,2.62725053991821,13430.4499026902,41.3860569177826,13514.2663861227,392.27911894439,72.7094067056125,"Malawi","Salima","TA Kambwiri","62",46073.41951
"158",158,32552.2529941883,17.0090337345115,19.2911096029389,2.68932494969426,2.53027605836403,13438.1655460406,41.4812254256215,13520.1665158117,392.500067922627,72.7735882926751,"Malawi","Salima","TA Kambwiri","62",46073.41951
"159",159,32546.6162951734,16.2507196287185,18.4327640290206,2.5716862019583,2.43645794222118,13445.5387137937,41.5728732311044,13525.8032148267,392.711189316173,72.8349643722213,"Malawi","Salima","TA Kambwiri","62",46073.41951
"160",160,32541.2313927554,15.5257999557428,17.6120682904609,2.45904126323575,2.34572021703939,13452.5843720888,41.6611154293384,13531.1881172446,392.912913874924,72.8936538690947,"Malawi","Salima","TA Kambwiri","62",46073.41951
"161",161,32536.0871545021,14.832840406352,16.8274184550822,2.35119087842409,2.25798693400942,13459.3168545133,41.7460643107598,13536.332355498,393.105654060547,72.9497709844176,"Malawi","Salima","TA Kambwiri","62",46073.41951
"162",162,32531.1729299658,14.1704650631169,16.0772747314879,2.24794267275182,2.17318231688702,13465.7498858845,41.8278293655115,13541.2465800342,393.289804739194,73.0034253499276,"Malawi","Salima","TA Kambwiri","62",46073.41951
"163",163,32526.478531228,13.5373543799273,15.3601593115422,2.14911100906244,2.09123090138619,13471.8966058774,41.9065172927002,13545.940978772,393.465743869409,73.0547221830469,"Malawi","Salima","TA Kambwiri","62",46073.41951
"164",164,32521.9942130461,12.9322430533934,14.6746541793285,2.05451683481519,2.01205767231948,13477.7695932003,41.9822320138457,13550.425296954,393.633833205714,73.1037624467975,"Malawi","Salima","TA Kambwiri","62",46073.41951
"165",165,32517.7106544139,12.3539180253926,14.0193990223106,1.96398752533268,1.93558818306157,13483.3808881381,42.0550746918987,13554.7088555861,393.79441895426,73.1506430014681,"Malawi","Salima","TA Kambwiri","62",46073.41951
"166",166,32513.6189407319,11.8012165799028,13.3930891194351,1.87735672461108,1.86174866469426,13488.742014425,42.1251437544355,13558.8005692681,393.947832408667,73.1954567530376,"Malawi","Salima","TA Kambwiri","62",46073.41951
"167",167,32509.7105467316,11.2730244332351,12.7944733551696,1.79446418317687,1.79046612490725,13493.8640002515,42.1925349204245,13562.7089632684,394.094390560418,73.2382927974011,"Malawi","Salima","TA Kambwiri","62",46073.41951
"168",168,32505.977320421,10.7682739169982,12.2223523212372,1.71515559695175,1.72166843498973,13498.7573980788,42.2573412300594,13566.4421895791,394.234396674305,73.2792365578803,"Malawi","Salima","TA Kambwiri","62",46073.41951
"169",169,32502.4114620826,10.2859415850229,11.6755756432466,1.63928236123025,1.65528439854456,13503.4323108144,42.3196531149549,13570.0080479174,394.368141047182,73.3183699728053,"Malawi","Salima","TA Kambwiri","62",46073.41951
"170",170,32499.0055335144,9.82504954474175,11.1530435546235,1.56670180631924,1.59124389762527,13507.8983794355,42.3795582468948,13573.4139764857,394.495900654447,73.3557713855256,"Malawi","Salima","TA Kambwiri","62",46073.41951
"171",171,32495.7524024454,9.38465859061879,10.6536993516162,1.49727635794626,1.52947783353871,13512.164853531,42.4371418899613,13576.6671075546,394.617941187373,73.3915160814999,"Malawi","Salima","TA Kambwiri","62",46073.41951
"172",172,32492.6452559884,8.96387004432165,10.1765314519646,1.43087381902822,1.46991825803815,13516.240573702,42.4924867363197,13579.7742540116,394.734516548079,73.4256761414109,"Malawi","Salima","TA Kambwiri","62",46073.41951
"173",173,32489.6775818846,8.56182356141748,9.72057093038224,1.36736712283639,1.41249841285608,13520.1339951027,42.5456729852149,13582.7419281154,394.845869530999,73.4583206144688,"Malawi","Salima","TA Kambwiri","62",46073.41951
"174",174,32486.8431414781,8.17769376247735,9.28488784603301,1.30663392046459,1.35715270166576,13523.8532217769,42.5967785143284,13585.5763685219,394.952232814462,73.489515780545,"Malawi","Salima","TA Kambwiri","62",46073.41951
"175",175,32484.1359835047,7.81069208421821,8.86859340846974,1.24855687438774,1.30381684118575,13527.405988586,42.6458787010443,13588.2835264953,395.053828442426,73.5193249986121,"Malawi","Salima","TA Kambwiri","62",46073.41951
"176",176,32481.5504363158,7.46006590624451,8.47083899222527,1.19302357692261,1.25242791922009,13530.7996708615,42.69304642808,13590.8690736842,395.150868104902,73.54780877432,"Malawi","Salima","TA Kambwiri","62",46073.41951
"177",177,32479.0810615456,7.1250926701124,8.09080966410746,1.13992579047206,1.20292426806748,13534.0413436313,42.7383524303249,13593.3384484544,395.243554846136,73.5750252207327,"Malawi","Salima","TA Kambwiri","62",46073.41951
"178",178,32476.7226621223,6.8050810178111,7.72772540346399,1.08915961667452,1.15524555860911,13537.1377710938,42.7818651873537,13595.6968478777,395.332082762772,73.6010299704004,"Malawi","Salima","TA Kambwiri","62",46073.41951
"179",179,32474.4702729543,6.49936972371434,7.38083979838321,1.0406253668158,1.10933282112368,13540.0954183728,42.8236509629184,13597.9492370457,395.416637343975,73.6258762630504,"Malawi","Salima","TA Kambwiri","62",46073.41951
"180",180,32472.3191494501,6.20732617491809,7.04943857794813,0.994227389815719,1.06512845017965,13542.9204660896,42.8637738674488,13600.1003605499,395.497395892535,73.6496150563151,"Malawi","Salima","TA Kambwiri","62",46073.41951
"181",181,32470.2647569925,5.92834506668627,6.73283818997027,0.949873913726159,1.02257621207276,13545.6188237114,42.9022959136621,13602.1547530075,395.574527910615,73.6722951273384,"Malawi","Salima","TA Kambwiri","62",46073.41951
"182",182,32468.3027625173,5.66184746797008,6.43038453411488,0.907476919405962,0.981621246865405,13548.1961402511,42.9392770633722,13604.1167474828,395.648195408938,73.6939631540803,"Malawi","Salima","TA Kambwiri","62",46073.41951
"183",183,32466.4290257953,5.40727965217025,6.14145184408354,0.866952003095683,0.942210068490991,13550.657815359,42.9747752778924,13605.9904842047,395.718553227094,73.7146638007717,"Malawi","Salima","TA Kambwiri","62",46073.41951
"184",184,32464.6395906942,5.16411195300319,5.86544152935649,0.828218237749466,0.904290562299216,13553.0090104533,43.008846570203,13607.7799193059,395.785749354918,73.7344398037999,"Malawi","Salima","TA Kambwiri","62",46073.41951
"185",185,32462.9306772036,4.93183790650285,5.60178091790489,0.791198048584747,0.867811978919396,13555.2546588899,43.0415450546723,13609.4888327965,395.849925226162,73.7533320497675,"Malawi","Salima","TA Kambwiri","62",46073.41951
"186",186,32461.2986735489,4.70997317519419,5.34992223302356,0.755817082430818,0.832724925774698,13557.3994760362,43.0729229985141,13611.1208364511,395.911216009141,73.7713796541441,"Malawi","Salima","TA Kambwiri","62",46073.41951
"187",187,32459.740129079,4.49805459421301,5.10934164494565,0.72200408862891,0.79898135663354,13559.4479683666,43.1030308700159,13612.679380921,395.969750869115,73.7886200324855,"Malawi","Salima","TA Kambwiri","62",46073.41951
"188",188,32458.2517468477,4.29563933985921,4.87953810797627,0.68969079757199,0.76653455756645,13561.4044429589,43.1319173904269,13614.1677631523,396.025653242266,73.8050889742572,"Malawi","Salima","TA Kambwiri","62",46073.41951
"189",189,32456.8303787388,4.10230423306406,4.66003276541924,0.658811840532937,0.735339149680547,13563.2730137116,43.15962956097,13615.5891312612,396.079041015181,73.8208206913097,"Malawi","Salima","TA Kambwiri","62",46073.41951
"190",190,32455.4730151535,3.91764444535092,4.45036740969447,0.629304564463011,0.705351037652866,13565.0576146336,43.1862127558394,13616.9464948465,396.130026907517,73.8358479238925,"Malawi","Salima","TA Kambwiri","62",46073.41951
"191",191,32454.1767807923,3.74127295139758,4.25010390575302,0.601108962455838,0.676527409905158,13566.7620052313,43.2117107469049,13618.2427292077,396.178718627473,73.8502019826616,"Malawi","Salima","TA Kambwiri","62",46073.41951
"192",192,32452.9389268523,3.57281951776479,4.05882305459881,0.5741675318626,0.648826699360209,13568.3897805697,43.236165774461,13619.4805831477,396.225219161437,73.8639128292415,"Malawi","Salima","TA Kambwiri","62",46073.41951
"193",193,32451.7568299707,3.41193058489024,3.87612446635754,0.548425265447714,0.622208609682159,13569.9443725661,43.2596185368804,13620.6626800293,396.269626811846,73.8770090849445,"Malawi","Salima","TA Kambwiri","62",46073.41951
"194",194,32450.6279869199,3.25826858383994,3.70162578889214,0.523829556743751,0.596634096588215,13571.4290568203,43.2821082337767,13621.7915230801,396.31203539395,73.8895180851734,"Malawi","Salima","TA Kambwiri","62",46073.41951
"195",195,32449.550003627,3.11151048227902,3.53496109837557,0.500329991781531,0.57206528968576,13572.8469668307,43.3036726801893,13622.869506373,396.352534644576,73.9014659946161,"Malawi","Salima","TA Kambwiri","62",46073.41951
"196",196,32448.5205926886,2.97134747867371,3.37578053717831,0.477878306621749,0.548465491829604,13574.2010971754,43.3243483217621,13623.8989173114,396.391210313904,73.9128778323069,"Malawi","Salima","TA Kambwiri","62",46073.41951
"197",197,32447.5375697917,2.83748454748426,3.22374978560854,0.456428323264721,0.525799167360512,13575.4943081213,43.3441702633959,13624.8819402084,396.428144298265,73.9237775083835,"Malawi","Salima","TA Kambwiri","62",46073.41951
"198",198,32446.5988484831,2.70963973703878,3.07854931012887,0.435935851562986,0.5040319120072,13576.7293323869,43.3631723192852,13625.8206615169,396.463414834695,73.9341878787206,"Malawi","Salima","TA Kambwiri","62",46073.41951
"199",199,32445.7024356429,2.58754357932302,2.93987369602985,0.41635860436952,0.483130427298383,13577.9087809942,43.381387055945,13626.7170743571,396.4970966693,73.9441307922024,"Malawi","Salima","TA Kambwiri","62",46073.41951
"200",200,32444.8464275903,2.47093859530885,2.80743105717455,0.39765612433084,0.463062497028,13579.0351483057,43.3988458301561,13627.5730824097,396.529261202169,73.9536271314432,"Malawi","Salima","TA Kambwiri","62",46073.41951
"201",201,32444.0290060785,2.35957875161068,2.68094246126147,0.379789707383722,0.443796962140712,13580.1108172104,43.4155788286717,13628.3905039215,396.559976636505,73.9626968549117,"Malawi","Salima","TA Kambwiri","62",46073.41951
"202",202,32443.2484344002,2.25322894577229,2.56014135563958,0.362722328248319,0.42530369505849,13581.1380641675,43.4316151075831,13629.1710755998,396.58930812367,73.9713590379178,"Malawi","Salima","TA Kambwiri","62",46073.41951
"203",203,32442.5030537702,2.15166455088377,2.44477300869568,0.346418571307545,0.407553574435962,13582.1190638949,43.4469826297102,13629.9164562299,396.617317897991,73.9796319106849,"Malawi","Salima","TA Kambwiri","62",46073.41951
"204",204,32441.7912798259,2.05467093725348,2.33459400582434,0.330844562359139,0.39051845963451,13583.0558939075,43.4617083015804,13630.6282301741,396.644065407203,73.9875328954423,"Malawi","Salima","TA Kambwiri","62",46073.41951
"205",205,32441.1115993812,1.96204303359942,2.22937177506643,0.315967905064162,0.374171165963763,13583.9505387307,43.4758180084045,13631.3079106188,396.669607433529,73.995078640895,"Malawi","Salima","TA Kambwiri","62",46073.41951
"206",206,32440.4625672359,1.87358492530224,2.12888408987945,0.301757619028587,0.358485439446026,13584.8048940416,43.4893366489276,13631.9569427641,396.693998212705,74.0022850560027,"Malawi","Salima","TA Kambwiri","62",46073.41951
"207",207,32439.8428028581,1.78910941048484,2.03291857596311,0.28818407411131,0.343435928250436,13585.6207709799,43.5022881731928,13632.5767071419,396.717289557812,74.0091673453636,"Malawi","Salima","TA Kambwiri","62",46073.41951
"208",208,32439.250988909,1.70843779134659,1.94127250940347,0.275218962312006,0.328998177828512,13586.3998980556,43.5146955945661,13633.1685210911,396.739530914181,74.0157400247109,"Malawi","Salima","TA Kambwiri","62",46073.41951
"209",209,32438.6858660693,1.63139919313194,1.85375202316534,0.262835192722229,0.315148572397917,13587.1439278921,43.5265810572051,13633.7336439307,396.760769552878,74.0220169766477,"Malawi","Salima","TA Kambwiri","62",46073.41951
"210",210,32438.1462314603,1.55783035931939,1.77017186847781,0.251006860996167,0.301864325527094,13587.8544392739,43.5379658514764,13634.2732785397,396.78105062959,74.0280114673387,"Malawi","Salima","TA Kambwiri","62",46073.41951
"211",211,32437.6309357367,1.4875752546051,1.69035498493819,0.239709190227875,0.289123449656096,13588.5329409334,43.5488704504534,13634.7885742633,396.800417293292,74.0337361778353,"Malawi","Salima","TA Kambwiri","62",46073.41951
"212",212,32437.1388821856,1.42048495097152,1.6141323643713,0.228918514402794,0.276904755698729,13589.1808727133,43.5593145156705,13635.2806278144,396.818910719762,74.0392032134222,"Malawi","Salima","TA Kambwiri","62",46073.41951
"213",213,32436.6690244344,1.35641732233721,1.54134270400047,0.218612232041029,0.265187830174612,13589.7996085519,43.5693169251856,13635.7504855657,396.836570197278,74.0444241282694,"Malawi","Salima","TA Kambwiri","62",46073.41951
"214",214,32436.2203622159,1.29523647277742,1.47183176581501,0.208768718706176,0.253952982491123,13590.3904620126,43.5788958318379,13636.1991477842,396.853433285166,74.0494099713667,"Malawi","Salima","TA Kambwiri","62",46073.41951
"215",215,32435.7919399233,1.23681254548572,1.40545215749855,0.199367297840991,0.243181231544459,13590.954688164,43.5880686803285,13636.6275700767,396.869535867805,74.0541713020489,"Malawi","Salima","TA Kambwiri","62",46073.41951
"216",216,32435.3828452511,1.18102154363282,1.34206312520813,0.190388213395162,0.232854293402306,13591.4934853502,43.5968522231137,13637.036664749,396.884912205427,74.0587182045914,"Malawi","Salima","TA Kambwiri","62",46073.41951
"217",217,32434.9922069655,1.12774502794548,1.28153021833153,0.181812583882807,0.222954555255305,13592.007998099,43.6052625500516,13637.4273030345,396.899595017568,74.0630603123647,"Malawi","Salima","TA Kambwiri","62",46073.41951
"218",218,32434.619192963,1.07686985590922,1.22372499490677,0.173622362355011,0.213465052930379,13592.4993196568,43.6133151141092,13637.800317037,396.913615555756,74.0672068288791,"Malawi","Salima","TA Kambwiri","62",46073.41951
"219",219,32434.2630086345,1.02828796552322,1.16852476976656,0.16580030267823,0.204369451397503,13592.9684941228,43.6210247533396,13638.1565013655,396.927003664731,74.0711665455081,"Malawi","Salima","TA Kambwiri","62",46073.41951
"220",220,32433.9228951771,0.981896145431231,1.1158123605532,0.158329924476285,0.195652024321765,13593.4165186544,43.6284057137952,13638.4966148229,396.939787845687,74.0749478598401,"Malawi","Salima","TA Kambwiri","62",46073.41951
"221",221,32433.5981279428,0.937595811805188,1.06547583749319,0.151195478810866,0.187297633640192,13593.8443456233,43.6354716721879,13638.8213820572,396.951995318096,74.0785587936282,"Malawi","Salima","TA Kambwiri","62",46073.41951
"222",222,32433.2880149174,0.895292807897319,1.01740828727522,0.144381916599599,0.179291710243462,13594.2528846035,43.6422357570625,13639.1314950826,396.963652076704,74.0820070093257,"Malawi","Salima","TA Kambwiri","62",46073.41951
"223",223,32432.9918952048,0.854897197172217,0.971507584699871,0.137874856880135,0.171620234299841,13594.643004352,43.6487105701739,13639.4276147952,396.974782948306,74.0852998266106,"Malawi","Salima","TA Kambwiri","62",46073.41951
"224",224,32432.7091376697,0.816323078657794,0.927676187298425,0.131660558346628,0.164269717317343,13595.0155345828,43.6549082058256,13639.7103723303,396.985411642603,74.0884442371943,"Malawi","Salima","TA Kambwiri","62",46073.41951
"225",225,32432.4391396942,0.779488422643024,0.885820941933559,0.125725893346979,0.15722718536825,13595.3712675938,43.660840268782,13639.9803703058,396.995560798819,74.0914469183786,"Malawi","Salima","TA Kambwiri","62",46073.41951
"226",226,32432.1813258473,0.744314889875958,0.845852882914657,0.120058319879021,0.150480160818873,13595.7109600056,43.66651789364,13640.2381841527,397.00525203555,74.0943142475895,"Malawi","Salima","TA Kambwiri","62",46073.41951
"227",227,32431.9351466009,0.710727657932366,0.807687035794019,0.114645854523242,0.144016644397964,13596.0353344428,43.671951763712,13640.4843633992,397.014505998913,74.0970523164204,"Malawi","Salima","TA Kambwiri","62",46073.41951
"228",228,32431.7000772013,0.678655268897683,0.771242244743908,0.10947704862647,0.137825099113661,13596.3450810095,43.6771521278105,13640.7194327987,397.023342404838,74.0996669429731,"Malawi","Salima","TA Kambwiri","62",46073.41951
"229",229,32431.4756165916,0.648029483786381,0.736441007249123,0.104540965484002,0.131894434561489,13596.6408587009,43.6821288164893,13640.9438934084,397.031780079506,74.1021636836667,"Malawi","Salima","TA Kambwiri","62",46073.41951
"230",230,32431.2612861616,0.618785113738109,0.703209282641059,0.0998271538779351,0.126213988568074,13596.9232970387,43.6868912609647,13641.1582238384,397.039837006191,74.1045478469239,"Malawi","Salima","TA Kambwiri","62",46073.41951
"231",231,32431.0566287726,0.590859888021182,0.671476342501931,0.0953256273370883,0.120773512413994,13597.192997349,43.6914485081644,13641.3628812274,397.047530361865,74.1068245038749,"Malawi","Salima","TA Kambwiri","62",46073.41951
"232",232,32430.861207966,0.564194346883705,0.641174649283018,0.0910268472767181,0.115563158553921,13597.4505337989,43.6958092331095,13641.558302034,397.054876546877,74.1089984970475,"Malawi","Salima","TA Kambwiri","62",46073.41951
"233",233,32430.6746070698,0.538731720595608,0.612239719201776,0.0869217039728225,0.110573466785737,13597.6964545668,43.6999817528747,13641.7449029302,397.061891218465,74.1110744501745,"Malawi","Salima","TA Kambwiri","62",46073.41951
"234",234,32430.49642821,0.514417795586847,0.584609970433422,0.0830014954982661,0.105795348897721,13597.9312831376,43.7039740420669,13641.92308179,397.068589327854,74.113056779052,"Malawi","Salima","TA Kambwiri","62",46073.41951
"235",235,32430.3262913988,0.491200790981557,0.55822658305966,0.079257908256684,0.101220074204581,13598.1555194975,43.7077937472837,13642.0932186012,397.074985154463,74.1149497015598,"Malawi","Salima","TA Kambwiri","62",46073.41951
"236",236,32430.163833752,0.469031252548555,0.533033378781005,0.0756830002242773,0.0968392567681682,13598.36964116,43.7114481997453,13642.255676248,397.081092335273,74.116757246272,"Malawi","Salima","TA Kambwiri","62",46073.41951
"237",237,32430.0087087622,0.447861954144701,0.508976709140148,0.0722691853619775,0.0926448433358539,13598.5741041187,43.7149444271428,13642.4108012378,397.0869238921,74.1184832604598,"Malawi","Salima","TA Kambwiri","62",46073.41951
"238",238,32429.8605855679,0.427647798587627,0.486005343083886,0.0690092179376749,0.088629101165149,13598.7693438058,43.7182891655814,13642.5589244321,397.092492259031,74.1201314181395,"Malawi","Salima","TA Kambwiri","62",46073.41951
"239",239,32429.7191482297,0.408345719478497,0.464070355577244,0.0658961769894799,0.0847846058695344,13598.955776041,43.7214888714659,13642.7003617704,397.097809309593,74.1217052280457,"Malawi","Salima","TA Kambwiri","62",46073.41951
"240",240,32429.5840950467,0.389914588505975,0.443125022424412,0.0629234516371457,0.0811042297554253,13599.1337979282,43.7245497328349,13642.8354149534,397.102886382399,74.1232080411609,"Malawi","Salima","TA Kambwiri","62",46073.41951
"241",241,32429.4551379207,0.372315129104046,0.423124722300237,0.0600847273833176,0.0775811307681099,13599.3037886897,43.7274776800317,13642.9643720793,397.107734305029,74.1246430577318,"Malawi","Salima","TA Kambwiri","62",46073.41951
"242",242,32429.3320017513,0.355509834307464,0.40402684354236,0.0573739730718864,0.0742087418479765,13599.46611046,43.7302783959323,13643.0875082487,397.112363416745,74.1260133339442,"Malawi","Salima","TA Kambwiri","62",46073.41951
"243",243,32429.2144238502,0.339462887287213,0.385790693973483,0.0547854282661484,0.0709807605456057,13599.6211090538,43.7329573258907,13643.2050861498,397.116783590461,74.1273217883811,"Malawi","Salima","TA Kambwiri","62",46073.41951
"244",244,32429.1021533785,0.324140084865513,0.368377414094723,0.0523135910921485,0.0678911389245146,13599.7691147052,43.7355196873742,13643.3173566215,397.121004253887,74.1285712082395,"Malawi","Salima","TA Kambwiri","62",46073.41951
"245",245,32428.9949508106,0.30950876470694,0.351749894448844,0.0499532066567169,0.0649340738295394,13599.9104427706,43.7379704792049,13643.4245591894,397.125034409651,74.1297642552498,"Malawi","Salima","TA Kambwiri","62",46073.41951
"246",246,32428.8925874255,0.295537736196026,0.335872697163515,0.0476992560431958,0.0621039975312279,13600.0453943972,43.7403144904036,13643.5269225746,397.128882654405,74.1309034712958,"Malawi","Salima","TA Kambwiri","62",46073.41951
"247",247,32428.7948448213,0.28219721443719,0.320711981034522,0.0455469457981144,0.0593955686988254,13600.1742571601,43.7425563086907,13643.6246651788,397.132557197053,74.1319912837821,"Malawi","Salima","TA Kambwiri","62",46073.41951
"248",248,32428.70151445,0.269458757016426,0.306235429738758,0.0434916978526051,0.0568036636688468,13600.2973056731,43.7447003286789,13643.7179955501,397.13606587623,74.1330300107771,"Malawi","Salima","TA Kambwiri","62",46073.41951
"249",249,32428.6123971725,0.257295203498646,0.292412183148683,0.0415291398744022,0.054323368009086,13600.4148021732,43.7467507597612,13643.8071128275,397.139416177005,74.1340218659338,"Malawi","Salima","TA Kambwiri","62",46073.41951
"250",250,32428.5273028342,0.245680617697324,0.279212771791087,0.0396550960564047,0.0519499683855055,13600.5269970782,43.7487116336875,13643.8922071658,397.142615246832,74.1349689631867,"Malawi","Salima","TA Kambwiri","62",46073.41951
"251",251,32428.4460498599,0.234590232608984,0.266609054328541,0.0378655783255305,0.0496789447257815,13600.6341295183,43.7505868118374,13643.9734601401,397.145669910754,74.135873321231,"Malawi","Salima","TA Kambwiri","62",46073.41951
"252",252,32428.3684648674,0.224000397819822,0.254574157844635,0.0361567779421193,0.0475059626638481,13600.7364278441,43.7523799922095,13644.0510451326,397.148586685921,74.1367368678029,"Malawi","Salima","TA Kambwiri","62",46073.41951
"253",253,32428.2943822981,0.2138885292351,0.243082420763771,0.0345250574666724,0.0454268662528792,13600.834110112,43.7540947161401,13644.1251277019,397.151371795476,74.1375614437694,"Malawi","Salima","TA Kambwiri","62",46073.41951
"254",254,32428.2236440639,0.20423306104897,0.232109338312547,0.0329669430811017,0.0434376709403507,13600.927384548,43.75573437476,13644.1958659361,397.154031181804,74.1383488070376,"Malawi","Salima","TA Kambwiri","62",46073.41951
"255",255,32428.1560992102,0.195013399883476,0.221631510442289,0.031479117253449,0.0415345568000066,13601.0164499903,43.7573022151956,13644.2634107898,397.156570519199,74.1391006362873,"Malawi","Salima","TA Kambwiri","62",46073.41951
"256",256,32428.0916035944,0.186209881001011,0.211626592104197,0.0300584117312446,0.0397138620130561,13601.1014963123,43.7588013465233,13644.3279064056,397.158995225946,74.1398185345349,"Malawi","Salima","TA Kambwiri","62",46073.41951
"257",257,32428.0300195786,0.177803726483394,0.202073245755968,0.0287018008468892,0.0379720765894481,13601.1827048263,43.7602347454875,13644.3894904214,397.161310475859,74.140504032538,"Malawi","Salima","TA Kambwiri","62",46073.41951
"258",258,32427.9712157362,0.169777005283136,0.192951095992894,0.0274063951203151,0.0363058363208716,13601.2602486691,43.7616052619923,13644.4482942638,397.163521209307,74.1411585920478,"Malawi","Salima","TA Kambwiri","62",46073.41951
"259",259,32427.9150665718,0.162112595067614,0.184240686213712,0.0261694351465203,0.0347119169583923,13601.3342931704,43.7629156243746,13644.5044434282,397.165632143744,74.1417836089152,"Malawi","Salima","TA Kambwiri","62",46073.41951
"260",260,32427.8614522535,0.154794145781125,0.17592343723616,0.024988285756233,0.0331872286079279,13601.4049962047,43.7641684444652,13644.5580577465,397.167647783755,74.1423804160581,"Malawi","Salima","TA Kambwiri","62",46073.41951
"261",261,32427.8102583575,0.147806044847781,0.167981607774912,0.0238604304376462,0.0317288103364306,13601.4725085267,43.765366222448,13644.6092516425,397.169572430663,74.1429502862946,"Malawi","Salima","TA Kambwiri","62",46073.41951
"262",262,32427.761375624,0.141133383939062,0.160398256695513,0.02278346600728,0.0303338249815351,13601.5369740929,43.7665113515226,13644.658134376,397.17141019169,74.1434944350495,"Malawi","Salima","TA Kambwiri","62",46073.41951
"263",263,32427.7146997246,0.134761927234874,0.153157206963644,0.021755097518789,0.0289995541577353,13601.5985303672,43.7676061223804,13644.7048102754,397.173164988715,74.1440140229389,"Malawi","Salima","TA Kambwiri","62",46073.41951
"264",264,32427.6701310394,0.128678081112069,0.14624301121489,0.0207731333993278,0.0277233934525215,13601.657308614,43.7686527274989,13644.7493789606,397.174840566632,74.1445101582392,"Malawi","Salima","TA Kambwiri","62",46073.41951
"265",265,32427.6275744446,0.122868865197453,0.13964091887349,0.0198354808035385,0.0265028478060916,13601.7134341774,43.7696532652625,13644.7919355554,397.176440501333,74.1449838992443,"Malawi","Salima","TA Kambwiri","62",46073.41951
"266",266,32427.5869391102,0.117321884723827,0.133336844750563,0.0189401411755054,0.0253355270683273,13601.7670267482,43.7706097439162,13644.8325708898,397.177968207334,74.1454362565182,"Malawi","Salima","TA Kambwiri","62",46073.41951
"267",267,32427.5481383053,0.112025304130229,0.127317339054933,0.0180852060093703,0.0242191417268453,13601.8182006184,43.771524085358,13644.8713716947,397.179426945051,74.1458681950444,"Malawi","Salima","TA Kambwiri","62",46073.41951
"268",268,32427.5110892141,0.106967821850355,0.12156955875302,0.0172688527997625,0.0231514988001336,13601.867064925,43.7723981287774,13644.908420786,397.180819827754,74.1462806362807,"Malawi","Salima","TA Kambwiri","62",46073.41951
"269",269,32427.4757127585,0.102138646236002,0.116081240217526,0.016489341173636,0.0221304978899816,13601.9137238819,43.7732336341446,13644.9437972415,397.182149828206,74.1466744601202,"Malawi","Salima","TA Kambwiri","62",46073.41951
"270",270,32427.44193343,0.0975274725647226,0.110840673107297,0.0157450091954757,0.0211541273875808,13601.9582770022,43.7740322855569,13644.97757657,397.183419784999,74.1470505067644,"Malawi","Salima","TA Kambwiri","62",46073.41951
"271",271,32427.4096791282,0.0931244610829675,0.105836675423053,0.0150342698381523,0.0202204608278183,13602.0008193102,43.7747956944489,13645.0098308718,397.184632408611,74.1474095785124,"Malawi","Salima","TA Kambwiri","62",46073.41951
"272",272,32427.3788810074,0.0889202160381224,0.101058569686127,0.0143556076120367,0.0193276533864371,13602.0414415432,43.7755254026689,13645.0406289926,397.185790287183,74.1477524414691,"Malawi","Salima","TA Kambwiri","62",46073.41951
"273",273,32427.3494733292,0.0849057656549754,0.0964961601897339,0.0137075753453198,0.0184739385149043,13602.0802303457,43.7762228854304,13645.0700366708,397.186895892041,74.1480798271772,"Malawi","Salima","TA Kambwiri","62",46073.41951
"274",274,32427.3213933228,0.0810725430142059,0.0921397112746685,0.0130887911088002,0.0176576247079892,13602.1172684529,43.7768895541408,13645.0981166772,397.187951582965,74.1483924341748,"Malawi","Salima","TA Kambwiri","62",46073.41951
"275",275,32427.2945810509,0.0774123677923746,0.0879799265834455,0.0124979352787024,0.0168770923992075,13602.152634868,43.7775267591133,13645.1249289491,397.188959613226,74.1486909294836,"Malawi","Salima","TA Kambwiri","62",46073.41951
"276",276,32427.2689792815,0.0739174288246735,0.0840079292489008,0.0119337477313632,0.0161307909794368,13602.1864050296,43.7781357921672,13645.1505307185,397.189922134387,74.14897595003,"Malawi","Salima","TA Kambwiri","62",46073.41951
"277",277,32427.2445333663,0.0705802674534235,0.0802152429752456,0.0113950251638953,0.0154172359341533,13602.2186509731,43.7787178891192,13645.1749766337,397.190841200895,74.1492481040019,"Malawi","Salima","TA Kambwiri","62",46073.41951
"278",278,32427.2211911239,0.0673937616269732,0.076593773971452,0.0108806185351998,0.014735006094888,13602.2494414837,43.779274232172,13645.1983188761,397.191718774464,74.1495079721447,"Malawi","Salima","TA Kambwiri","62",46073.41951
"279",279,32427.1989027283,0.0643511107152494,0.0731357936986598,0.0103894306219485,0.014082741000644,13602.2788422435,43.7798059522035,13645.2206072717,397.192556728259,74.1497561089989,"Malawi","Salima","TA Kambwiri","62",46073.41951
"280",280,32427.1776206029,0.0614458210097192,0.0698339223950041,0.00992041368439712,0.0134591383651532,13602.3069159707,43.7803141309603,13645.2418893971,397.193356850893,74.1499930440818,"Malawi","Salima","TA Kambwiri","62",46073.41951
"281",281,32427.1572993186,0.0586716918769648,0.0666811133428986,0.00947256723711467,0.0128629516459891,13602.3337225542,43.7807998031592,13645.2622106814,397.194120850241,74.1502192830158,"Malawi","Salima","TA Kambwiri","62",46073.41951
"282",282,32427.1378954972,0.0560228025364515,0.0636706378453684,0.00904493591993292,0.0122929877116837,13602.3593191803,43.7812639585021,13645.2816145028,397.194850357084,74.1504353086066,"Malawi","Salima","TA Kambwiri","62",46073.41951
"283",283,32427.1193677187,0.0534934994343904,0.0607960708795356,0.00863660746462949,0.0117481046031251,13602.3837604553,43.781707543605,13645.3001422813,397.19554692859,74.1506415818721,"Malawi","Salima","TA Kambwiri","62",46073.41951
"284",284,32427.101676433,0.05107838418686,0.0580512773967843,0.00824671075305621,0.0112272093856412,13602.4070985215,43.782131463847,13645.317833567,397.196212051635,74.1508385430251,"Malawi","Salima","TA Kambwiri","62",46073.41951
"285",285,32427.0847838752,0.0487723020665706,0.0554303992405063,0.00787441396261591,0.0107292560882955,13602.4293831683,43.7825365851419,13645.3347261248,397.196847145975,74.1510266124118,"Malawi","Salima","TA Kambwiri","62",46073.41951
"286",286,32427.0686539855,0.046570331008763,0.0529278426536257,0.00751892279517249,0.0102532437270434,13602.4506619387,43.7829237356339,13645.3508560145,397.197453567276,74.1512061914082,"Malawi","Salima","TA Kambwiri","62",46073.41951
"287",287,32427.0532523319,0.044467771112882,0.0505382663493512,0.00717947878565324,0.00979821440851101,13602.4709802301,43.7832937073235,13645.3662576681,397.198032610008,74.1513776632754,"Malawi","Salima","TA Kambwiri","62",46073.41951
"288",288,32427.0385460367,0.042460134617692,0.0482565701197964,0.00685535768676935,0.00936325151127451,13602.4903813918,43.7836472576242,13645.3809639633,397.198585510204,74.1515413939775,"Malawi","Salima","TA Kambwiri","62",46073.41951
"289",289,32427.0245037065,0.0405431363285064,0.0460778839582506,0.00654586792643959,0.00894747794162641,13602.5089068165,43.7839851108524,13645.3950062935,397.1991134481,74.1516977329615,"Malawi","Salima","TA Kambwiri","62",46073.41951
"290",290,32427.0110953652,0.0387126844761609,0.0439975576719688,0.00625034913465457,0.00855005446092344,13602.5265960294,43.7843079596566,13645.4084146348,397.199617550652,74.1518470139024,"Malawi","Salima","TA Kambwiri","62",46073.41951
"291",291,32426.9982923899,0.0369648719882781,0.0420111509633844,0.0059681707366645,0.00817017808171387,13602.543486772,43.7846164663836,13645.4212176101,397.200098893944,74.1519895554154,"Malawi","Salima","TA Kambwiri","62",46073.41951
"292",292,32426.9860674499,0.0352959681542474,0.0401144239586468,0.0056987306095125,0.00780708052994321,13602.5596150825,43.7849112643885,13645.4334425501,397.200558505477,74.1521256617346,"Malawi","Salima","TA Kambwiri","62",46073.41951
"293",293,32426.9743944484,0.0337024106661786,0.03830332816333,0.00544145379906838,0.00746002677063517,13602.5750153729,43.7851929592885,13645.4451155516,397.200997366372,74.1522556233625,"Malawi","Salima","TA Kambwiri","62",46073.41951
"294",294,32426.9632484667,0.0321807980188844,0.0365739978260677,0.00519579129484525,0.00712831359453925,13602.5897205024,43.785462130163,13645.4562615333,397.201416413455,74.1523797176896,"Malawi","Salima","TA Kambwiri","62",46073.41951
"295",295,32426.9526057111,0.0307278822527088,0.034922741691734,0.00496121886000252,0.00681126826332865,13602.6037618471,43.7857193307039,13645.4669042889,397.20181654126,74.1524982095854,"Malawi","Salima","TA Kambwiri","62",46073.41951
"296",296,32426.9424434621,0.0293405620237486,0.0333460351266164,0.00473723591405514,0.00650824721102079,13602.6171693674,43.785965090315,13645.477066538,397.202198603938,74.1526113519642,"Malawi","Salima","TA Kambwiri","62",46073.41951
"297",297,32426.9327400257,0.0280158759867104,0.0318405125988143,0.00452336446591979,0.0062186347993793,13602.6299716713,43.7861999151667,13645.4867699743,397.202563417081,74.1527193863243,"Malawi","Salima","TA Kambwiri","62",46073.41951
"298",298,32426.9234746876,0.026750996476308,0.0304029604978549,0.00431914809503499,0.00594184212513935,13602.642196076,43.7864242892037,13645.4960353124,397.202911759458,74.1528225432628,"Malawi","Salima","TA Kambwiri","62",46073.41951
"299",299,32426.9146276686,0.0255432234737411,0.0290303102782361,0.00412415097839311,0.00567730587697939,13602.6538686657,43.786638675111,13645.5048823314,397.203244374684,74.1529210429682,"Malawi","Salima","TA Kambwiri","62",46073.41951
"300",300,32426.9061800823,0.0243899788454019,0.027719631912294,0.00393795696141939,0.00542448724023984,13602.6650143476,43.7868435152381,13645.5133299177,397.203561972799,74.1530150956897,"Malawi","Salima","TA Kambwiri","62",46073.41951
"301",301,32426.898113895,0.0232888008415347,0.0264681276384513,0.00376016867072559,0.00518287084746543,13602.6756569045,43.7870392324833,13645.521396105,397.203865231792,74.1531049021858,"Malawi","Salima","TA Kambwiri","62",46073.41951
"302",302,32426.8904118874,0.0222373388431259,0.0252731259915289,0.0035904066668541,0.00495196377292018,13602.6858190462,43.7872262311407,13645.5290981126,397.204154799041,74.1531906541527,"Malawi","Salima","TA Kambwiri","62",46073.41951
"303",303,32426.8830576173,0.0212333483458318,0.0241320761024035,0.00342830863521305,0.00473129456929488,13602.6955224574,43.7874048977106,13645.5364523827,397.204431292698,74.1532725346333,"Malawi","Salima","TA Kambwiri","62",46073.41951
"304",304,32426.8760353849,0.0202746861702516,0.0230425422548669,0.00327352861348357,0.00452041234489501,13602.7047878441,43.7875756016749,13645.5434746151,397.204695303008,74.1533507184078,"Malawi","Salima","TA Kambwiri","62",46073.41951
"305",305,32426.8693301993,0.0193593058883426,0.0220021986880889,0.0031257362538575,0.00431888587966252,13602.7136349778,43.7877386962394,13645.5501798007,397.20494739357,74.1534253723664,"Malawi","Salima","TA Kambwiri","62",46073.41951
"306",306,32426.8629277464,0.0184852534562217,0.0210088246336085,0.00298461611853755,0.00412630277844866,13602.7220827376,43.7878945190443,13645.5565822536,397.205188102536,74.1534966558657,"Malawi","Salima","TA Kambwiri","62",46073.41951
"307",307,32426.8568143581,0.0176506630440499,0.0200602995762759,0.00284986700700227,0.00394226866001604,13602.7301491508,43.7880433928437,13645.5626956419,397.205417943764,74.1535647210685,"Malawi","Salima","TA Kambwiri","62",46073.41951
"308",308,32426.8509769837,0.016853753054108,0.0191545987290468,0.00272120131360538,0.00376640638030739,13602.7378514307,43.7881856261561,13645.5685330163,397.205637407913,74.1536297132686,"Malawi","Salima","TA Kambwiri","62",46073.41951
"309",309,32426.8454031615,0.0160928223185757,0.0182897887119816,0.00259834441414349,0.00359835528857529,13602.7452060139,43.7883215138868,13645.5741068385,397.205846963489,74.1536917712008,"Malawi","Salima","TA Kambwiri","62",46073.41951
"310",310,32426.8400809925,0.0153662464689055,0.0174640234262414,0.00248103408008732,0.00343777051502236,13602.7522285951,43.7884513379233,13645.5794290075,397.206047057849,74.1537510273369,"Malawi","Salima","TA Kambwiri","62",46073.41951
"311",311,32426.8349991149,0.0146724744690522,0.0166755401142837,0.00236901991923033,0.00328432228865415,13602.7589341606,43.7885753677053,13645.5845108851,397.206238118149,74.1538076081687,"Malawi","Salima","TA Kambwiri","62",46073.41951
"312",312,32426.8301466798,0.0140100253051647,0.0159226555978593,0.00226206284156474,0.00313769528409806,13602.7653370204,43.7886938607697,13645.5893633202,397.206420552264,74.1538616344773,"Malawi","Salima","TA Kambwiri","62",46073.41951
"313",313,32426.8255133283,0.013377484824682,0.0152037626857886,0.0021599345492482,0.00299758799619117,13602.7714508384,43.7888070632719,13645.5939966717,397.206594749652,74.1539132215916,"Malawi","Salima","TA Kambwiri","62",46073.41951
"314",314,32426.8210891688,0.0127735027180929,0.0145173267438605,0.00206241704957563,0.00286371214118679,13602.7772886621,43.7889152104852,13645.5984208312,397.206761082191,74.1539624796338,"Malawi","Salima","TA Kambwiri","62",46073.41951
"315",315,32426.8168647567,0.0121967896369212,0.0138618824195377,0.00196930218991967,0.00273579208347554,13602.7828629497,43.789018527278,13645.6026452433,397.206919904966,74.1540095137549,"Malawi","Salima","TA Kambwiri","62",46073.41951
"316",316,32426.8128310736,0.0116461144417918,0.0132360305144855,0.00188039121364954,0.00261356428676076,13602.7881855974,43.78911722857,13645.6066789264,397.207071557033,74.1540544243588,"Malawi","Salima","TA Kambwiri","62",46073.41951
"317",317,32426.8089795083,0.011120301574707,0.0126384349982548,0.00179549433608282,0.00249677678867021,13602.7932679642,43.7892115197696,13645.6105304917,397.207216362139,74.1540973073165,"Malawi","Salima","TA Kambwiri","62",46073.41951
"318",318,32426.8053018384,0.0106182285499285,0.0120678201567494,0.00171443033956728,0.00238518869782698,13602.7981208967,43.7893015971913,13645.6142081616,397.207354629417,74.1541382541713,"Malawi","Salima","TA Kambwiri","62",46073.41951
"319",319,32426.8017902126,0.0101388235581139,0.0115229678693987,0.00163702618683029,0.00227856971244165,13602.8027547517,43.7893876484558,13645.6177197874,397.207486654041,74.1541773523332,"Malawi","Salima","TA Kambwiri","62",46073.41951
"320",320,32426.7984371342,0.00968106317859622,0.0110027150092254,0.0015631166517724,0.00217669965952567,13602.8071794184,43.7894698528716,13645.6210728658,397.207612717859,74.1542146852665,"Malawi","Salima","TA Kambwiri","62",46073.41951
"321",321,32426.7952354451,0.009243970194927,0.0105059509602652,0.0014925439669186,0.00207936805386193,13602.81140434,43.7895483818015,13645.6242745549,397.207733089994,74.1542503326672,"Malawi","Salima","TA Kambwiri","62",46073.41951
"322",322,32426.79217831,0.00882661150902228,0.0100316152470426,0.00142515748677611,0.00198637367590395,13602.8154385331,43.7896233990115,13645.62733169,397.20784802742,74.1542843706333,"Malawi","Salima","TA Kambwiri","62",46073.41951
"323",323,32426.7892592026,0.00842809614946266,0.00957869527104563,0.00136081336638175,0.00189752416780823,13602.8192906075,43.7896950610057,13645.6302507974,397.207957775508,74.1543168718275,"Malawi","Salima","TA Kambwiri","62",46073.41951
"324",324,32426.786471891,0.00804757336969751,0.0091462241493714,0.00129937425435361,0.00181263564683689,13602.8229687843,43.7897635173463,13645.6330381091,397.20806256855,74.1543479056319,"Malawi","Salima","TA Kambwiri","62",46073.41951
"325",325,32426.7838104247,0.00768423083209663,0.0087332786509327,0.00124070899979325,0.00173153233539886,13602.8264809136,43.7898289109593,13645.6356995753,397.208162630261,74.1543775382962,"Malawi","Salima","TA Kambwiri","62",46073.41951
"326",326,32426.7812691219,0.00733729287397432,0.00833897722582162,0.00118469237241358,0.00165404620702765,13602.829834491,43.7898913784269,13645.6382408781,397.208258174257,74.1544058330793,"Malawi","Salima","TA Kambwiri","62",46073.41951
"327",327,32426.7788425574,0.00700601885188666,0.00796247812362691,0.00113120479529614,0.00158001664762231,13602.833036674,43.7899510502678,13645.6406674426,397.208349404508,74.154432850384,"Malawi","Salima","TA Kambwiri","62",46073.41951
"328",328,32426.7765255507,0.00668970156066945,0.00760297759669029,0.00108013208970797,0.00150929013130625,13602.8360942967,43.7900080512042,13645.6429844493,397.208436515775,74.1544586478862,"Malawi","Salima","TA Kambwiri","62",46073.41951
"329",329,32426.7743131556,0.00638766572384338,0.0072597081844685,0.00103136523143432,0.00144171991028457,13602.839013885,43.790062500418,13645.6451968444,397.208519694026,74.154483280658,"Malawi","Salima","TA Kambwiri","62",46073.41951
"330",330,32426.7722006488,0.00609926655216525,0.0069319370753407,0.000984800118107591,0.00137716571810644,13602.84180167,43.7901145117955,13645.6473093512,397.208599116834,74.1545068012851,"Malawi","Salima","TA Kambwiri","62",46073.41951
"331",331,32426.7701835204,0.00582388836724958,0.00661896454236576,0.000940337347036665,0.00131549348576336,13602.8444636018,43.7901641941611,13645.6493264796,397.208674953753,74.1545292599789,"Malawi","Salima","TA Kambwiri","62",46073.41951
"332",332,32426.7682574642,0.00556094328732362,0.00632012244965193,0.000897882003062772,0.00125657507007769,13602.8470053615,43.7902116515008,13645.6512525358,397.208747366684,74.1545507046842,"Malawi","Salima","TA Kambwiri","62",46073.41951
"333",333,32426.7664183683,0.00530986997231129,0.00603477282615194,0.000857343455989716,0.00120028799385843,13602.8494323743,43.7902569831769,13645.6530916317,397.208816510215,74.154571181181,"Malawi","Salima","TA Kambwiri","62",46073.41951
"334",334,32426.7646623066,0.00507013242556821,0.00576230650384016,0.000818635167156451,0.00114651519732297,13602.85174982,43.7903002841316,13645.6548476934,397.208882531959,74.1545907331826,"Malawi","Salima","TA Kambwiri","62",46073.41951
"335",335,32426.7629855302,0.00484121884971059,0.00550214181736607,0.000781674504739585,0.00109514480030424,13602.8539626448,43.790341645083,13645.6565244698,397.20894557286,74.1546094024286,"Malawi","Salima","TA Kambwiri","62",46073.41951
"336",336,32426.7613844592,0.00462264055409649,0.00525372336240916,0.000746382567391923,0.0010460698747828,13602.8560755717,43.7903811527118,13645.6581255408,397.209005767503,74.1546272287742,"Malawi","Salima","TA Kambwiri","62",46073.41951
"337",337,32426.7598556758,0.00441393091162777,0.00501652081008571,0.000712684015840956,0.000999188227302535,13602.8580931105,43.7904188898405,13645.6596543242,397.209063244392,74.1546442502754,"Malawi","Salima","TA Kambwiri","62",46073.41951
"338",338,32426.7583959161,0.00421464436264661,0.00479002777487739,0.000680506912088145,0.000954402190847115,13602.8600195671,43.7904549356037,13645.6611140839,397.209118126234,74.1546605032698,"Malawi","Salima","TA Kambwiri","62",46073.41951
"339",339,32426.7570020638,0.00402435546380063,0.00457376073366589,0.000649782565866037,0.000911618425771959,13602.8618590535,43.7904893656118,13645.6625079363,397.209170530191,74.1546760224546,"Malawi","Salima","TA Kambwiri","62",46073.41951
"340",340,32426.7556711431,0.0038426579798469,0.00436725799356666,0.000620445388025733,0.000870747729403505,13602.8636154957,43.790522252107,13645.6638388569,397.209220568139,74.1546908409604,"Malawi","Salima","TA Kambwiri","62",46073.41951
"341",341,32426.7544003129,0.00366916401645641,0.00417007870635916,0.000592432750541976,0.000831704853933836,13602.8652926427,43.7905536641127,13645.6651096871,397.209268346902,74.154704990422,"Malawi","Salima","TA Kambwiri","62",46073.41951
"342",342,32426.75318686,0.00350350319216834,0.00398180192741013,0.000565684852837254,0.000794408332254328,13602.8668940741,43.7905836675764,13645.66632314,397.20931396848,74.1547185010461,"Malawi","Salima","TA Kambwiri","62",46073.41951
"343",343,32426.7520281939,0.00334532184772675,0.00380202571708157,0.000540144594139755,0.000758780311386981,13602.8684232082,43.7906123255057,13645.6674818061,397.209357530268,74.1547314016754,"Malawi","Salima","TA Kambwiri","62",46073.41951
"344",344,32426.7509218409,0.0031942822911123,0.00363036628270568,0.000515757451602891,0.000724746393186493,13602.8698833086,43.7906396980993,13645.6685881591,397.209399125265,74.1547437198507,"Malawi","Salima","TA Kambwiri","62",46073.41951
"345",345,32426.7498654393,0.0030500620766576,0.00346645715929546,0.000492471363926386,0.000692235481999878,13602.8712774918,43.7906658428711,13645.6696445607,397.20943884227,74.154755481869,"Malawi","Salima","TA Kambwiri","62",46073.41951
"346",346,32426.7488567337,0.00291235331670765,0.00330994842724252,0.000470236620230642,0.000661179638983718,13602.8726087336,43.7906908147699,13645.6706532663,397.209476766073,74.1547667128404,"Malawi","Salima","TA Kambwiri","62",46073.41951
"347",347,32426.7478935706,0.00278086202435599,0.00316050596533231,0.00044900575394731,0.000631513942791774,13602.8738798754,43.7907146662928,13645.6716164294,397.209512977636,74.1547774367411,"Malawi","Salima","TA Kambwiri","62",46073.41951
"348",348,32426.7469738939,0.00265530748585406,0.0030178107374826,0.000428733441499676,0.000603176356357874,13602.8750936305,43.7907374475947,13645.6725361061,397.209547554265,74.1547876764648,"Malawi","Salima","TA Kambwiri","62",46073.41951
"349",349,32426.7460957401,0.00253542166135394,0.00288155811168278,0.000409376405556698,0.000576107599510638,13602.8762525895,43.7907592065917,13645.6734142599,397.209580569777,74.1547974538718,"Malawi","Salima","TA Kambwiri","62",46073.41951
"350",350,32426.7452572346,0.00242094861270554,0.00275145720968045,0.000390893322654262,0.00055025102716781,13602.8773592262,43.7907799890614,13645.6742527654,397.209612094656,74.1548067898351,"Malawi","Salima","TA Kambwiri","62",46073.41951
"351",351,32426.7444565872,0.00231164395708682,0.00262723028602717,0.000373244734986561,0.000525552512868656,13602.8784159026,43.7907998387371,13645.6750534128,397.209642196202,74.1548157042856,"Malawi","Salima","TA Kambwiri","62",46073.41951
"352",352,32426.7436920886,0.00220727434530098,0.00250861213515812,0.000356392966179381,0.000501960337413192,13602.8794248742,43.7908187973994,13645.6758179114,397.209670938678,74.1548242162542,"Malawi","Salima","TA Kambwiri","62",46073.41951
"353",353,32426.7429621068,0.00210761696362682,0.00239534952524002,0.000340302040865574,0.000479425082386829,13602.8803882947,43.7908369049628,13645.6765478932,397.209698383445,74.1548323439126,"Malawi","Salima","TA Kambwiri","62",46073.41951
"354",354,32426.7422650833,0.00201245905815925,0.00228720065757901,0.000324937607891092,0.000457899528358497,13602.8813082203,43.7908541995585,13645.6772449167,397.209724589095,74.1548401046122,"Malawi","Salima","TA Kambwiri","62",46073.41951
"355",355,32426.7415995301,0.00192159748062436,0.00218393465043446,0.000310266866987736,0.000437338557549323,13602.8821866147,43.7908707176143,13645.6779104699,397.209749611572,74.1548475149208,"Malawi","Salima","TA Kambwiri","62",46073.41951
"356",356,32426.7409640264,0.00183483825469982,0.00208533104613712,0.000296258498756129,0.000417699060777634,13602.8830253529,43.7908864939298,13645.6785459736,397.209773504296,74.1548545906583,"Malawi","Salima","TA Kambwiri","62",46073.41951
"357",357,32426.7403572153,0.00175199616191475,0.00199117934045933,0.000282882597809492,0.000398939848494365,13602.883826225,43.7909015617494,13645.6791527847,397.209796318275,74.1548613469304,"Malawi","Salima","TA Kambwiri","62",46073.41951
"358",358,32426.7397778015,0.00167289434624517,0.0019012785332329,0.000270110608935583,0.000381021565730894,13602.8845909407,43.7909159528314,13645.6797321985,397.209818102214,74.1548677981607,"Malawi","Salima","TA Kambwiri","62",46073.41951
"359",359,32426.7392245479,0.00159736393656102,0.0018154366992554,0.00025791526614052,0.000363906610788979,13602.8853211321,43.7909296975139,13645.6802854521,397.209838902619,74.1548739581215,"Malawi","Salima","TA Kambwiri","62",46073.41951
"360",360,32426.7386962735,0.00152524368611887,0.00173347057856883,0.000246270534444448,0.000347559057509772,13602.8860183579,43.7909428247787,13645.6808137265,397.209858763894,74.1548798399636,"Malawi","Salima","TA Kambwiri","62",46073.41951
"361",361,32426.7381918505,0.00145637962833072,0.00165520518523627,0.000235151554304798,0.000331944580965873,13602.8866841063,43.7909553623111,13645.6813181495,397.209877728443,74.1548854562437,"Malawi","Salima","TA Kambwiri","62",46073.41951
"362",362,32426.7377102019,0.00139062474807402,0.00158047343378128,0.000224534588548551,0.000317030386427127,13602.8873197984,43.7909673365581,13645.6817997981,397.209895836751,74.1548908189518,"Malawi","Salima","TA Kambwiri","62",46073.41951
"363",363,32426.7372502996,0.00132783866784148,0.00150911578249268,0.000214396971700243,0.000302785141457256,13602.8879267911,43.7909787727834,13645.6822597004,397.209913127477,74.1548959395365,"Malawi","Salima","TA Kambwiri","62",46073.41951
"364",364,32426.7368111616,0.00126788734806056,0.00144097989283332,0.000204717061597568,0.000289178911004594,13602.8885063801,43.7909896951204,13645.6826988384,397.209929637534,74.1549008289295,"Malawi","Salima","TA Kambwiri","62",46073.41951
"365",365,32426.7363918505,0.00121064280094292,0.0013759203042259,0.000195474193191304,0.000276183095356087,13602.8890598025,43.7910001266223,13645.6831181495,397.20994540217,74.154905497569,"Malawi","Salima","TA Kambwiri","62",46073.41951
