"","time","S","E","I","H","C","R","D","hosp","crits","TA","ID","POP"
"1",0,172339,0,1,0,0,0,0,0,0,"Lilongwe","110",172340
"2",1,172338.262532943,0.607737707815224,0.794514388251578,0.0096231547224423,0.000116615612752578,0.325473701341464,0.00000148923535923362,0.0102616898858333,0.000119137630901677,"Lilongwe","110",172340
"3",2,172337.597767348,0.965708491943437,0.799139390706206,0.0171884876454266,0.000415159590077363,0.619770303774677,0.0000108188639569138,0.0195117927571207,0.000433481322154701,"Lilongwe","110",172340
"4",3,172336.883154145,1.25293073132757,0.901700969720092,0.0245280771078989,0.000861882360546385,0.936790250288669,0.0000339443762456389,0.0294555565975096,0.000919367117687407,"Lilongwe","110",172340
"5",4,172336.055648639,1.54345974353523,1.06253089149396,0.0324886217567028,0.00145343495224662,1.30434245778889,0.0000762119830495328,0.0409702559013468,0.00158249984668259,"Lilongwe","110",172340
"6",5,172335.071853632,1.87202542597709,1.27056915609095,0.0415635939761765,0.00220107261569161,1.74164397826799,0.00014314149731573,0.0546597880262928,0.00244348255571972,"Lilongwe","110",172340
"7",6,172333.892023912,2.25949891275532,1.5266219810037,0.0521420770721905,0.0031250493914093,2.26634722439594,0.000240843218953416,0.0710772511364677,0.00353291707029699,"Lilongwe","110",172340
"8",7,172332.473114206,2.7229506126242,1.83709551551909,0.0646112615564821,0.00425304435967514,2.89759904631753,0.00037631344857747,0.0908216879920563,0.00489033069670588,"Lilongwe","110",172340
"9",8,172330.765141751,3.27983498610637,2.21179472529474,0.0794040045009383,0.00562027160031606,3.65764655443896,0.000557707366076774,0.114588711444407,0.00656474830133665,"Lilongwe","110",172340
"10",9,172328.708634096,3.9499743171242,2.66333117072259,0.0970268047194145,0.00727039394641764,4.57296858557831,0.000794631816705486,0.143206034498586,0.00861610189725126,"Lilongwe","110",172340
"11",10,172326.232251435,4.75677828004717,3.20719954313588,0.118082277305677,0.00925693677469179,5.67533304617058,0.00109848214729652,0.177666579573083,0.0111172148662417,"Lilongwe","110",172340
"12",11,172323.250199802,5.72825507593013,3.86217633900968,0.143291779893608,0.0116451178507087,7.00294904661953,0.00148283846419255,0.219164508731397,0.014156302866354,"Lilongwe","110",172340
"13",12,172319.659215599,6.89805895078654,4.65091545060282,0.173521010685351,0.0145141100583042,8.60181094156098,0.00196393783981885,0.269137235137692,0.0178400362425144,"Lilongwe","110",172340
"14",13,172315.334988368,8.30667858179466,5.60070853056506,0.209810038982051,0.0179597864729742,10.5272934577248,0.0025612370705326,0.329315274099651,0.022297238129611,"Lilongwe","110",172340
"15",14,172310.127847715,10.002849598055,6.74442148514637,0.253409377452893,0.0220980597247704,12.8460756737277,0.00329809074914117,0.401782367688329,0.0276833721303207,"Lilongwe","110",172340
"16",15,172303.857591119,12.0452362639069,8.12162787777913,0.305823180872286,0.0270689091273915,15.6384500853557,0.00420256364102996,0.489047641020605,0.0341859452021179,"Lilongwe","110",172340
"17",16,172297.869795468,13.1957722515942,9.55595815759669,0.367976525659995,0.0330359535831226,18.9721532844756,0.00530835958273381,0.593219023915097,0.0420256536507406,"Lilongwe","110",172340
"18",17,172290.925614638,14.772707154467,10.9766024978071,0.438470242217322,0.0401441423528453,22.839806269563,0.0066550555530678,0.71403344542013,0.0514144702993565,"Lilongwe","110",172340
"19",18,172282.989150835,16.6718119898648,12.5032187198451,0.516926947908044,0.048505884238617,27.2620987355129,0.00828688783696313,0.852117506723189,0.0625397180411727,"Lilongwe","110",172340
"20",19,172273.965399026,18.8702210801272,14.1995987668182,0.60397443397102,0.0582311806875341,32.2923233868946,0.0102521252131785,1.00912668144913,0.0755931414375018,"Lilongwe","110",172340
"21",20,172263.72449654,21.3809412076383,16.1086831373131,0.700735193538634,0.0694437813958088,38.0030968225726,0.0126033174351265,1.18732368729633,0.0907874831237951,"Lilongwe","110",172340
"22",21,172252.110218162,24.2345978364625,18.2671385666741,0.808631243167784,0.0822889474050136,44.4817272825426,0.0153979618357185,1.38943096546286,0.108365375800328,"Lilongwe","110",172340
"23",22,172238.941841193,27.4723792539701,20.7115979455887,0.92931950202971,0.0969380218816563,51.8292246978699,0.0186993855114073,1.61859856476893,0.128605406989306,"Lilongwe","110",172340
"24",23,172224.013105494,31.1435706655254,23.481561369297,1.06468188419832,0.113591988905989,60.1609108229024,0.022577775292938,1.878422656362,0.151827422077805,"Lilongwe","110",172340
"25",24,172207.08972751,35.3050650534998,26.6209407214437,1.21684021907582,0.13248490019954,69.6078302611956,0.0271113351588554,2.17298932549807,0.178397911123578,"Lilongwe","110",172340
"26",25,172187.906083597,40.0217038103846,30.1791279953271,1.38818307525972,0.15388758671022,80.3186263624942,0.0323875733970028,2.50693297116331,0.208735900246485,"Lilongwe","110",172340
"27",26,172166.161197879,45.3670623601148,34.2119119350549,1.5814006772722,0.178111885856553,92.4618105128953,0.0385047500117249,2.88550701678464,0.24331963005495,"Lilongwe","110",172340
"28",27,172141.51428801,51.4244427776303,38.7823713220662,1.79952434752181,0.205515309938361,106.22828479619,0.0455734367310076,3.3146625326861,0.282693865926713,"Lilongwe","110",172340
"29",28,172113.579479787,58.2881040689639,43.9618768055486,2.04597353319161,0.236506623039063,121.8343408418,0.0537183404508937,3.8011417037636,0.327478562911876,"Lilongwe","110",172340
"30",29,172081.919993124,66.0646398270763,49.8311609396838,2.32460757572745,0.271552043598394,139.524966199223,0.063080290559969,4.35258088059507,0.378378433837066,"Lilongwe","110",172340
"31",30,172046.041582463,74.8745289112515,56.4815192604825,2.63978402987163,0.311182324813383,159.577584535532,0.0738184753573572,4.97762714585157,0.43619381707739,"Lilongwe","110",172340
"32",31,172005.385108899,84.853880352392,64.0161687908634,2.99642460454874,0.356000861958232,182.306303516967,0.0861129747749518,5.68607069589871,0.501833073038119,"Lilongwe","110",172340
"33",32,171959.317921861,96.1564562955283,72.5518094949541,3.40009170101774,0.406693180608002,208.066859764553,0.100167702927564,6.48899894063874,0.576327055583239,"Lilongwe","110",172340
"34",33,171907.124909863,108.955761443914,82.2202333796394,3.85706790107379,0.464036899412729,237.261777037001,0.116213476546661,7.39895723941167,0.660844271198122,"Lilongwe","110",172340
"35",34,171847.997857661,123.447490238313,93.1702517213509,4.37445046855059,0.528913676391764,270.346524544294,0.134511690572706,8.43014079206161,0.756709049894725,"Lilongwe","110",172340
"36",35,171781.023880668,139.851987779089,105.569816281538,4.96025622304183,0.602322577526164,307.836378048176,0.155358422639386,9.59860841808976,0.865421864742698,"Lilongwe","110",172340
"37",36,171719.796617811,146.198694791637,117.487153056921,5.6151014221023,0.685344581616078,350.037999744278,0.179088592567811,10.913809951415,0.988630880824794,"Lilongwe","110",172340
"38",37,171652.469871617,155.565016821358,128.186625486351,6.31653557068127,0.778711175873215,396.477167007605,0.206072320934923,12.3605748245866,1.12769438406968,"Lilongwe","110",172340
"39",38,171579.371139031,166.730946379812,138.785756636415,7.05273650137403,0.882686656096025,446.940037651288,0.236697144141149,13.9320148942003,1.28353296266722,"Lilongwe","110",172340
"40",39,171500.405443427,179.20802553986,149.796040310042,7.82174738141816,0.997380294411041,501.500006285135,0.271356762794947,15.6303324296967,1.4569226202137,"Lilongwe","110",172340
"41",40,171415.27945078,192.824736799639,161.470376851317,8.62584100836002,1.12290543427322,560.366240438785,0.310448687934365,17.4620157372403,1.64864988459137,"Lilongwe","110",172340
"42",41,171323.596891851,207.548200534299,173.95268081169,9.46911949154621,1.25944365156663,623.819287902809,0.354375757462283,19.4357964857998,1.85957853715029,"Lilongwe","110",172340
"43",42,171224.898487974,223.407697021198,187.342247643761,10.3565062701314,1.4072688177311,692.184243102676,0.403549171112953,21.5617982419434,2.09067881554684,"Lilongwe","110",172340
"44",43,171118.678023418,240.461887825223,201.721527475561,11.2933343586888,1.56675465172845,765.820080202108,0.45839206853454,23.8511976679317,2.34304102518816,"Lilongwe","110",172340
"45",44,171004.388199131,258.784703987068,217.168255760561,12.2851879568393,1.73837586424538,845.11593405768,0.519343243197723,26.3161059733361,2.61788297293434,"Lilongwe","110",172340
"46",45,170881.441621882,278.459576934977,233.760641178497,13.3378571657037,1.92270767433402,930.49073412355,0.586861040958078,28.9695564263479,2.91655608594939,"Lilongwe","110",172340
"47",46,170749.21087175,299.576745733826,251.57976213853,14.457330474989,2.12042287579453,1022.39344033572,0.661426691631247,31.8255113569252,3.24054812010203,"Lilongwe","110",172340
"48",47,170607.027241216,322.232297602522,270.710563360272,15.649809493521,2.33229029573128,1121.30425030804,0.743547723764943,34.8988996200808,3.59148740143385,"Lilongwe","110",172340
"49",48,170454.17846556,346.527767350507,291.242492390518,16.9217327117373,2.55917533344121,1227.73660476687,0.833761887293318,38.2056788507865,3.97115000805774,"Lilongwe","110",172340
"50",49,170289.906086788,372.570067871676,313.269852904668,18.2798029146325,2.80204147909708,1342.23950687227,0.932641170014093,41.7629074722671,4.38146809073992,"Lilongwe","110",172340
"51",50,170113.404490086,400.471253005252,336.891852068802,19.7310062496337,3.06194813476898,1465.39865558256,1.04079487328333,45.5887800020216,4.82453290260663,"Lilongwe","110",172340
"52",51,169923.819595155,430.348359794506,362.212591873486,21.2826302092537,3.34005043835593,1597.83789981969,1.15887270969462,49.7026722070481,5.30259986899138,"Lilongwe","110",172340
"53",52,169720.246126841,462.323387663951,389.341156312844,22.942288264213,3.63760269212021,1740.22186917964,1.28756904611143,54.1252226247729,5.81809920153899,"Lilongwe","110",172340
"54",53,169501.726381938,496.522995126533,418.391559905268,24.7179339276136,3.9559591203602,1893.2575437202,1.42762626246393,58.8783811743639,6.37364234399664,"Lilongwe","110",172340
"55",54,169267.248660702,533.07815417289,449.482620807712,26.6178758764147,4.29657582965479,2057.69627379978,1.579838811812,63.985471635773,6.97203080816959,"Lilongwe","110",172340
"56",55,169015.746179011,572.123816518125,482.737693248924,28.6507876455087,4.66101269344341,2234.33545414643,1.74505673648159,69.4712433588709,7.61626401307364,"Lilongwe","110",172340
"57",56,168746.096240272,613.798321358364,518.284409435048,30.8257132832974,5.05093536917748,2424.02019076782,1.92418951465213,75.3619226439713,8.30954781627733,"Lilongwe","110",172340
"58",57,168457.119747469,658.242618067131,556.254347500546,33.152068489286,5.46811733910743,2627.64489101804,2.11821011713559,81.6852616388664,9.05530342483908,"Lilongwe","110",172340
"59",58,168147.581106924,705.599566409916,596.782401187515,35.639638669779,5.91444172735888,2846.15468612229,2.32815895923227,88.4705820026118,9.857175904846,"Lilongwe","110",172340
"60",59,167816.188745469,756.012880042077,640.006123035218,38.2985689888806,6.3919029333548,3080.54663146477,2.55514806651467,95.7488115220263,10.7190428695856,"Lilongwe","110",172340
"61",60,167461.596338588,809.625767522431,686.065069551637,41.139345583843,6.90260783956565,3331.87050583378,2.80036508106598,103.552508162967,11.6450224718557,"Lilongwe","110",172340
"62",61,167082.404566552,866.579670236031,735.099653894388,44.1727737792557,7.44877643066683,3601.22948160852,3.06507749933081,111.915880068037,12.6394811999165,"Lilongwe","110",172340
"63",62,166677.163889043,927.012465663809,787.25007614174,47.4099428935298,8.03274181091023,3889.78024759827,3.35063684901549,120.874788368016,13.7070409684374,"Lilongwe","110",172340
"64",63,166244.378154823,991.056583033781,842.654930177836,50.8621834719657,8.65694929811056,4198.73271638039,3.65848281545679,130.4667370122,14.8525852004836,"Lilongwe","110",172340
"65",64,165782.50939814,1058.83676500232,901.449577112324,54.5410116037871,9.32395443279399,4529.34914629889,3.99014741035326,140.730844252877,16.0812638964052,"Lilongwe","110",172340
"66",65,165289.983653758,1130.46759929688,963.764361016763,58.458062396911,10.0364198268767,4882.94264481195,4.34725889245463,151.707794816465,17.3984971221992,"Lilongwe","110",172340
"67",66,164765.198240297,1206.05070670575,1029.72247179476,62.625008250716,10.7971104186848,5260.87491683165,4.73154570116189,163.439768448393,18.8099769260752,"Lilongwe","110",172340
"68",67,164206.530633136,1285.67156787057,1099.43751799076,67.0534596521061,11.6088869199754,5664.55309421226,5.14484021860918,175.970339734257,20.3216671565576,"Lilongwe","110",172340
"69",68,163612.34831611,1369.3963028963,1173.01095189413,71.7548562956217,12.4746976057915,6095.42579326622,5.58908193247318,189.344353923875,21.939800608554,"Lilongwe","110",172340
"70",69,162981.020896203,1457.26783881748,1250.52910398849,76.7403333778268,13.3975674969174,6554.97793949305,6.06632062335212,203.607764177898,23.6708736036329,"Lilongwe","110",172340
"71",70,162310.933658558,1549.30197519025,1332.05998629898,82.0205721880472,14.3805852157183,7044.72450362747,6.57871892142468,218.80743491618,25.5216371755619,"Lilongwe","110",172340
"72",71,161600.503129527,1645.4832433634,1417.64966134034,87.6056296863858,15.4268867368397,7566.20289494588,7.12855440019326,234.990903309309,27.4990843667586,"Lilongwe","110",172340
"73",72,160848.193984422,1745.76056846107,1507.31863580611,93.5047518814098,16.5396366837244,8120.96420179474,7.71822095097239,252.206104887906,29.6104338525014,"Lilongwe","110",172340
"74",73,160052.538042629,1850.04276188059,1601.05795902018,99.7261639487131,17.7220059658832,8710.56283714799,8.35022940805328,270.501049479289,31.8631086369165,"Lilongwe","110",172340
"75",74,159212.155361922,1958.19401171818,1698.82492186804,106.276837630228,18.9771453251395,9336.54451416907,9.02720736716608,289.92344517636,34.2647092917881,"Lilongwe","110",172340
"76",75,158325.776495318,2070.0294991298,1800.53885162907,113.162243593713,20.3081556538642,10000.4328567774,9.75189789802907,310.520279927818,36.8229820944964,"Lilongwe","110",172340
"77",76,157392.266039523,2185.31115387113,1906.07698099423,120.386087272782,21.7180546869177,10703.7145265096,10.5271571424518,332.337357057961,39.5457816523519,"Lilongwe","110",172340
"78",77,156410.649438473,2303.74349701285,2015.26990229457,127.950007981374,23.2097364812008,11447.821467413,11.3559503440896,355.418741169891,42.4410236585391,"Lilongwe","110",172340
"79",78,155380.137521353,2424.97056749774,2127.89778848457,135.85330057232,24.7859310502114,12234.1135443404,12.2413467022963,379.806216750458,45.5166358116802,"Lilongwe","110",172340
"80",79,154300.153033918,2548.57312124173,2243.68676713974,144.092611151088,26.4491579754669,13063.858796091,13.1865124829984,405.538672728318,48.7804997605325,"Lilongwe","110",172340
"81",80,153170.357784303,2674.06674234795,2362.30549352632,152.661624977909,28.2016748535542,13938.2119777718,14.1947022196215,432.651434205422,52.240384649817,"Lilongwe","110",172340
"82",81,151990.678433896,2800.90114262271,2483.36250321634,161.550766218778,30.0454230726786,14858.1924828552,15.2692481183051,461.175575425615,55.9038749545143,"Lilongwe","110",172340
"83",82,150761.331794167,2928.46045995844,2606.40449726851,170.746899051007,31.9819690806865,15824.6608333464,16.4135471283244,491.137188741808,59.7782898516619,"Lilongwe","110",172340
"84",83,149482.847265883,3056.06516379055,2730.91546803608,180.233061445366,34.0124447676466,16838.2955497597,17.6310463177228,522.556666131267,63.8705988365883,"Lilongwe","110",172340
"85",84,148156.086916057,3182.97576237717,2856.3168329208,189.988224922035,36.1374847322692,17899.5695532727,18.9252257181238,555.447967012075,68.1873299370445,"Lilongwe","110",172340
"86",85,146782.26317516,3308.39789261972,2981.96904859005,199.987079950374,38.3571605820905,19008.7260646317,20.2995784658709,589.817871265441,72.734470382433,"Lilongwe","110",172340
"87",86,145362.951520014,3431.48913639311,3107.17486475624,210.199880935751,40.6709169032159,20165.7560920463,21.7575889513849,625.665282714805,77.5173655695172,"Lilongwe","110",172340
"88",87,143900.098300617,3551.36801626578,3231.18381371828,220.592354306335,43.0775078268259,21370.3772987419,23.3027085238834,662.980576714457,82.5406144849007,"Lilongwe","110",172340
"89",88,142396.023088721,3667.12473761244,3353.19838446797,231.125677208533,45.574936051596,22622.0148470675,24.9383288715268,701.745010410526,87.8079636467591,"Lilongwe","110",172340
"90",89,140853.415094445,3777.83330558967,3472.38214642579,241.756533295947,48.1603960615851,23919.7847709571,26.667753224601,741.930212822386,93.3222015553554,"Lilongwe","110",172340
"91",90,139275.322977431,3882.56531389633,3587.86934713771,252.437261941631,50.8302230528629,25262.4807109769,28.4941655634306,783.497780834014,99.0850554733095,"Lilongwe","110",172340
"92",91,137665.137829172,3980.40509434219,3698.77591394916,263.116107570724,53.5798493505118,26648.5646075362,30.4205980792635,826.398999594442,105.097092737648,"Lilongwe","110",172340
"93",92,136026.569496728,4070.46546309874,3804.2120679856,273.737567382884,56.4037703274625,28076.161737286,32.4498971915644,870.574699131661,111.357629128974,"Lilongwe","110",172340
"94",93,134363.616289225,4151.90389508352,3903.29608106302,284.242843374923,59.2955214786211,29543.0606812692,34.5846885060344,915.955265440512,117.864646602042,"Lilongwe","110",172340
"95",94,132680.52835529,4223.93887053726,3995.16866150273,294.570400982659,62.247668210402,31046.7187023156,36.8273411616512,962.460820794282,124.614722697052,"Lilongwe","110",172340
"96",95,130981.765576466,4285.86553003176,4079.00790219258,304.656623320186,65.2518100019732,32584.2726258969,39.1799320909397,1010.00157589337,131.602974175708,"Lilongwe","110",172340
"97",96,129271.950883466,4337.07010428702,4154.04437554639,314.43655099597,68.2986000767346,34152.5552748604,41.6442107672257,1058.47835514022,138.82301699222,"Lilongwe","110",172340
"98",97,127555.82049416,4377.04273414486,4219.57549430097,323.844690222091,71.3777808274888,35748.1172409314,44.2215654128908,1107.78328790244,146.26694449219,"Lilongwe","110",172340
"99",98,125838.167181567,4405.38937231418,4274.98022324697,332.815952073779,74.4782397978742,37367.2560429591,46.9129880407531,1157.80073050922,153.92532419168,"Lilongwe","110",172340
"100",99,124123.788944997,4421.83930023008,4319.73053194506,341.286528493288,77.5880787524996,39006.0475692889,49.7190462931361,1208.40825684241,161.787219156836,"Lilongwe","110",172340
"101",100,122417.434936065,4426.2507469193,4353.40210927139,349.19482959159,80.6947007004038,40660.382821377,52.6398560755348,1259.47781366104,169.840228682503,"Lilongwe","110",172340
"102",101,120723.751362027,4418.61385827972,4375.68334492665,356.482437828273,83.7849142367939,42326.0090257394,55.6750569620746,1310.87701078211,178.070550983135,"Lilongwe","110",172340
"103",102,119047.231322782,4399.050286306,4386.38135907819,363.095019160327,86.8450513980394,43998.5731688247,58.8237924509327,1362.47048467749,186.463067610378,"Lilongwe","110",172340
"104",103,117392.168329202,4367.8097195309,4385.42555025532,368.983178733651,89.8610987204619,45673.6674287543,62.0846948034316,1414.12131898501,195.001448836876,"Lilongwe","110",172340
"105",104,115762.614574331,4325.26346657832,4372.8684919657,374.103239519857,92.8188390142119,47346.8755136942,65.4558748963118,1465.69249089629,203.66827824499,"Lilongwe","110",172340
"106",105,114162.344698962,4271.89557633201,4348.88393360342,378.417926451793,95.7040009101568,49013.8189463013,68.9349174393935,1517.04831340307,212.445194174802,"Lilongwe","110",172340
"107",106,112594.825752406,4208.29162873571,4313.76221819885,381.896932512634,98.5024135746226,50670.202172751,72.518881821281,1568.05583827814,221.313045871053,"Lilongwe","110",172340
"108",107,111063.193739875,4135.12555524579,4267.9033883987,384.517351319045,101.200163430499,52311.8554930245,76.2043087069136,1618.58618851066,230.252061377195,"Lilongwe","110",172340
"109",108,109570.236721478,4053.14531073034,4211.80791066633,386.263972228678,103.783749492819,53934.7751029938,79.9872324096776,1668.515798253,239.242023823124,"Lilongwe","110",172340
"110",109,108118.3844997,3963.15767006926,4146.06559367499,387.129428227982,106.240234268769,55535.1593751351,83.8631989241977,1717.72753315418,248.262452863701,"Lilongwe","110",172340
"111",110,106709.704728892,3866.0124421685,4071.34331263755,387.114191809561,108.557387283665,57109.4406478147,87.8272893936943,1766.11166848788,257.292787946667,"Lilongwe","110",172340
"112",111,105345.904787467,3762.58704314188,3988.37148047805,386.226431722093,110.723818091073,58654.3122904052,91.8741486945769,1813.5667182385,266.312569730734,"Lilongwe","110",172340
"113",112,104028.338947721,3653.77166936994,3897.92988861562,384.481735334662,112.729096344062,60166.7506439118,95.998018702826,1860.00010294849,275.301616493413,"Lilongwe","110",172340
"114",113,102758.020395224,3540.45503766915,3800.83374048213,381.90270034609,114.56385711395,61644.0314934166,100.192775747714,1905.32864584908,284.240192877587,"Lilongwe","110",172340
"115",114,101535.637013888,3423.51164841305,3697.91972628961,378.518425330943,116.219888890242,63083.7413257267,104.451971461775,1949.47890583121,293.109167070825,"Lilongwe","110",172340
"116",115,100361.570609099,3303.79046521357,3590.03225976519,374.363903374387,117.690204809872,64483.7836804464,108.768877291497,1992.38735684719,301.89015741341,"Lilongwe","110",172340
"117",116,99235.9182367087,3182.10506019527,3478.01173948485,369.479353806291,118.969092370864,65842.3799877751,113.13652965903,2034.00039600471,310.565658593317,"Lilongwe","110",172340
"118",117,98158.5156439985,3059.22550914337,3362.68276191218,363.909492612056,120.052147499338,67158.0666665772,117.547778257481,2074.27423491918,319.119157501214,"Lilongwe","110",172340
"119",118,97128.9620223942,2935.87190405397,3244.84401606828,357.702764356561,120.936288127725,68429.687669865,121.99533513428,2113.17464991968,327.535229931309,"Lilongwe","110",172340
"120",119,96146.6448430556,2812.70945169701,3125.26002959959,350.910573888689,121.619749246284,69656.3835296471,126.471822865836,2150.67662449091,335.79961721658,"Lilongwe","110",172340
"121",120,95210.7642699734,2690.3454823254,3004.65391012054,343.586535004137,122.102061945559,70837.5779186881,130.969821942952,2186.76391570712,343.89928551837,"Lilongwe","110",172340
"122",121,94320.3586097788,2569.32743053098,2883.70142869954,335.785693454135,122.384015642317,71972.9609022835,135.481919610858,2221.42851808424,351.822470762855,"Lilongwe","110",172340
"123",122,93474.3277697224,2450.14215022489,2763.02720925614,327.563819310086,122.467606001002,73062.4706908552,140.000754630387,2254.67008309909,359.558702365504,"Lilongwe","110",172340
"124",123,92671.4558676255,2333.21657010359,2643.20172722009,318.976737517188,122.355970526116,74106.274066286,144.519060721693,2286.49529886018,367.098812395321,"Lilongwe","110",172340
"125",124,91910.4324547519,2218.9193119916,2524.73957014709,310.079714714639,122.053313417168,75104.745927654,149.02970732374,2316.91724413272,374.434929455951,"Lilongwe","110",172340
"126",125,91189.8723768378,2107.56280412591,2408.09913139967,300.926900802499,121.564821896797,76058.4482274898,153.525737447693,2345.95472503228,381.560459118467,"Lilongwe","110",172340
"127",126,90508.3339612737,1999.40614933205,2293.68312355425,291.570839405113,120.896575722532,76968.1089484131,158.000402299376,2373.63161475589,388.470052066213,"Lilongwe","110",172340
"128",127,89864.3354935396,1894.65857248707,2181.83978826835,282.062049070615,120.055451787211,77834.6014523715,162.447192475682,2399.97620662968,395.159561526309,"Lilongwe","110",172340
"129",128,89256.3701135748,1793.48300686464,2072.86500079246,272.448668908926,119.049025889747,78658.9243183939,166.859865575721,2425.02058388711,401.625991799861,"Lilongwe","110",172340
"130",129,88682.9190704073,1695.99988229345,1967.00491744929,262.776171611712,117.88547324663,79442.1820148348,171.232470156976,2448.8000169053,407.867439343172,"Lilongwe","110",172340
"131",130,88142.4633321337,1602.291129137,1864.4588938007,253.087144075581,116.573469214657,80185.5666656139,175.559366024629,2471.35239589459,413.883027850434,"Lilongwe","110",172340
"132",131,87633.4937205319,1512.40410296706,1765.38278838367,243.421127290451,115.122091793024,80890.3409281502,179.835240883725,2492.71769937713,419.672838956227,"Lilongwe","110",172340
"133",132,87154.519643495,1426.35537996983,1669.89251354173,233.814511553578,113.540727158184,81557.8221008451,184.055123436755,2512.93750198223,425.23783995112,"Lilongwe","110",172340
"134",133,86704.076430602,1344.13448314106,1578.0675583901,224.300484955928,111.83897962473,82189.3676702492,188.21439303704,2532.05452797471,430.579810090549,"Lilongwe","110",172340
"135",134,86280.7315004867,1265.70744402845,1489.95454906708,214.90902664077,110.026586007759,82786.3621075902,192.308786179202,2550.1122444374,435.701265948786,"Lilongwe","110",172340
"136",135,85883.0897482861,1191.02027911809,1405.57101721503,205.666940302651,108.113331031089,83350.2042838925,196.334400154626,2567.15447456728,440.605383017668,"Lilongwe","110",172340
"137",136,85509.7971752107,1120.00180887961,1324.90866764747,196.597926981767,106.108978393233,83882.2977499207,200.287692966615,2583.22510023806,445.2959266289,"Lilongwe","110",172340
"138",137,85159.5440842471,1052.56661287006,1247.93657920347,187.722680640392,104.023202782135,84384.0413588519,204.16548140508,2598.36777572465,449.777180708268,"Lilongwe","110",172340
"139",138,84831.0675883362,988.617734396934,1174.60435318882,179.059008350863,101.865526939933,84856.8208520195,207.964936767885,2612.62567174534,454.053877594509,"Lilongwe","110",172340
"140",139,84523.1532635093,928.048872266547,1104.8451395864,170.621970932702,99.6452675742687,85302.0019079996,211.68357813132,2626.04126512199,458.131132554185,"Lilongwe","110",172340
"141",140,84234.6361829583,870.746573757601,1038.57827013406,162.42404030481,97.3714870705156,85720.9241820115,215.3192637633,2638.65615938848,462.014380952158,"Lilongwe","110",172340
"142",141,83964.4013835975,816.592139049235,975.711570592959,154.475263090611,95.0529530928403,86114.8965094185,218.870181158513,2650.51094142549,465.7093209772,"Lilongwe","110",172340
"143",142,83711.383985047,765.463148940813,916.143722772559,146.783429326783,92.6981037389438,86485.1927746672,222.334835506851,2661.6450587443,469.221859268036,"Lilongwe","110",172340
"144",143,83474.5689049451,717.234955300779,859.76633815018,139.354250488854,90.3150174254081,86833.0484968879,225.71203680183,2672.09671909746,472.558058966809,"Lilongwe","110",172340
"145",144,83252.9901479323,671.782001126965,806.465608311698,132.191536496033,87.9113901184863,87159.6584298509,229.000886163806,2681.90282131088,475.724093788262,"Lilongwe","110",172340
"146",145,83045.7299201086,628.978837270821,756.123949695972,125.297367754662,85.4945175518076,87466.1746462223,232.200761395962,2691.09890091868,478.726205776518,"Lilongwe","110",172340
"147",146,82851.9175252965,588.700985146451,708.621450523559,118.672263442376,83.071282361292,87753.7051912566,235.311301973392,2699.71909324783,481.570667019041,"Lilongwe","110",172340
"148",147,82670.7280484581,550.825751916008,663.837007035988,112.31534601288,80.6481456910706,88023.3133071516,238.332393734485,2707.79611398422,484.26374532742,"Lilongwe","110",172340
"149",148,82501.3809328093,515.232853451353,621.649375007532,106.224498123403,78.231142894259,88276.0170444326,241.264153281731,2715.361251471,486.811673520936,"Lilongwe","110",172340
"150",149,82343.1383794091,481.804919151848,581.938167992466,100.396519248536,75.8258829090776,88512.7892198654,244.106911423655,2722.44436968852,489.220620761617,"Lilongwe","110",172340
"151",150,82195.3037899688,450.42790322343,544.584482293144,94.8272577954987,73.4375516319087,88734.557816703,246.861198384351,2729.07392420162,491.496670879662,"Lilongwe","110",172340
"152",151,82057.2201221115,420.991401666655,509.471537465538,89.5117438225596,71.0709173628422,88942.2065492874,249.527728283661,2735.27698319783,493.645801536186,"Lilongwe","110",172340
"153",152,81928.2682044,393.388846317796,476.485289044458,84.4443138709088,68.7303389097239,89136.5756238968,252.107383560458,2741.0792543712,495.673865948123,"Lilongwe","110",172340
"154",153,81807.8650157565,367.517733246732,445.514755344588,79.6187249002018,66.4197761502952,89318.4627944883,254.601200113489,2746.50512059727,497.586578286397,"Lilongwe","110",172340
"155",154,81695.4619773655,343.279744912625,416.452332816426,75.0282598235855,64.1428023774179,89488.624530035,257.010352669653,2751.57767882864,499.389501242349,"Lilongwe","110",172340
"156",155,81590.5433578321,320.580726233366,389.194133228826,70.665818230906,61.9026178753343,89647.7772055052,259.336141094352,2756.31877932722,501.088036420596,"Lilongwe","110",172340
"157",156,81492.6245845038,299.330771381477,363.640084652371,66.5240057928988,59.7020649201763,89796.5985120036,261.57997674582,2760.74907161028,502.687416230606,"Lilongwe","110",172340
"158",157,81401.2506331199,279.444197743926,339.694065115413,62.5952126497451,57.5436437949538,89935.728878126,263.743369450223,2764.88805045245,504.192697844044,"Lilongwe","110",172340
"159",158,81315.9948742994,260.839517113412,317.264073484137,58.8716809126646,55.4295249929305,90065.7724129276,265.827916269993,2768.75408684829,505.608756377329,"Lilongwe","110",172340
"160",159,81236.456540189,243.43924167357,296.262066394569,55.3455715061736,53.3615780221144,90187.2997153355,267.835286879178,2772.36451649501,506.940288929307,"Lilongwe","110",172340
"161",160,81162.2598839688,227.169888015787,276.604034756045,52.0090137954375,51.3413816118203,90300.8485832201,269.767214632039,2775.73566305703,508.191809662482,"Lilongwe","110",172340
"162",161,81093.0522992519,211.961762068724,258.209906254365,48.8541531793348,49.3702467203535,90406.9261473949,271.625485130487,2778.8829053038,509.36765344968,"Lilongwe","110",172340
"163",162,81028.5049453622,197.749170161194,241.003814436177,45.8731948944922,47.4492110492637,90506.0077331877,273.41193090907,2781.82064327021,510.471961387331,"Lilongwe","110",172340
"164",163,80968.3093911751,184.469963482494,224.913652834112,43.0584429027915,45.5790806077721,90598.5410520314,275.128416966476,2784.56242859063,511.508697857516,"Lilongwe","110",172340
"165",164,80912.1765928699,172.065371787585,209.871071949961,40.4023299268681,43.7604440498285,90684.9473564068,276.77683300921,2787.12100097519,512.481651729698,"Lilongwe","110",172340
"166",165,80859.8362483812,160.480042959163,195.811362193277,37.8974401967862,41.9936832679235,90765.6221358733,278.359087128526,2789.50831034395,513.394436246434,"Lilongwe","110",172340
"167",166,80811.0355215431,149.661852637488,182.673321310878,35.5365342613594,40.2789911603536,90840.9366811192,279.877097967637,2791.73556576964,514.250493525809,"Lilongwe","110",172340
"168",167,80765.5379986919,139.561694216726,170.399200407786,33.3125649672929,38.6163874402716,90911.2393662406,281.332788035455,2793.81327549959,515.053099047328,"Lilongwe","110",172340
"169",168,80723.122664705,130.133382652216,158.934512335804,31.2186924609078,37.0057336608556,90976.8569365796,282.728077605687,2795.7512871118,515.805366345198,"Lilongwe","110",172340
"170",169,80683.5829423886,121.333531009614,148.22787093879,29.2482958610869,35.4467475794719,91038.0957330753,284.0648791472,2797.55882562162,516.510251940334,"Lilongwe","110",172340
"171",170,80646.7258128512,113.121366399385,138.230906553474,27.3949803642431,33.9390169462278,91095.2428246139,285.345092271673,2799.24452863052,517.170560572756,"Lilongwe","110",172340
"172",171,80612.370960747,105.458604698438,128.898113781947,25.6525832496066,32.4820125646701,91148.56712578,286.57059917846,2800.8164809872,517.788950548174,"Lilongwe","110",172340
"173",172,80580.3499612294,98.3093430701476,120.186683344474,24.0151780460749,31.0751006491261,91198.3204730905,287.74326057033,2802.28224811436,518.367939178644,"Lilongwe","110",172340
"174",173,80550.5055343689,91.6399091117362,112.056394226712,22.4770755809132,29.7175545339426,91244.7386201671,288.864912010836,2803.64890675221,518.909908323006,"Lilongwe","110",172340
"175",174,80522.6908360923,85.4187312216615,104.469488330151,21.0328237773415,28.4085656759706,91288.0421942016,289.937360701122,2804.92307447002,519.417109930907,"Lilongwe","110",172340
"176",175,80496.7687800193,79.6162384356794,97.3905183614582,19.6772066339573,27.147253949827,91328.4376199487,290.962382651152,2806.11093814891,519.891671547531,"Lilongwe","110",172340
"177",176,80472.6114284925,74.2047428896553,90.7862343555875,18.405241440209,25.9326770242697,91366.1179555151,291.941720282791,2807.21827969571,520.335601630806,"Lilongwe","110",172340
"178",177,80450.0993559491,69.1583096019076,84.6254671830024,17.2121745062777,24.763840126127,91401.2637725197,292.877080113946,2808.25050308395,520.750795393422,"Lilongwe","110",172340
"179",178,80429.1211236929,64.4526731030589,78.8790024279677,16.0934769549086,23.6397037994009,91434.0438889034,293.77013111847,2809.21265684526,521.139039784436,"Lilongwe","110",172340
"180",179,80409.5727704927,60.0651412101283,73.5194701119666,15.0448394073727,22.5591914522948,91464.6160840559,294.622503269669,2810.10945598486,521.502018569729,"Lilongwe","110",172340
"181",180,80391.3573105894,55.974479737452,68.5212545433076,14.0621657389665,21.5211968036464,91493.1278063702,295.435786217158,2810.94530363767,521.841317537704,"Lilongwe","110",172340
"182",181,80374.3842719662,52.1608382467343,63.8603749948027,13.1415669692127,20.5245903830623,91519.7168291082,296.211528331837,2811.72431112856,522.158429382073,"Lilongwe","110",172340
"183",182,80358.5692647626,48.6056699231284,59.5143825930602,12.2793546245483,19.5682255380644,91544.5118665951,296.951235963559,2812.45031679341,522.454758451885,"Lilongwe","110",172340
"184",183,80343.8335885116,45.2916319712949,55.4622916577964,11.4720332657827,18.6509439216537,91567.6331377558,297.656372916207,2813.12690315348,522.731625350115,"Lilongwe","110",172340
"185",184,80330.1038511758,42.2025268120041,51.6844724200729,10.7162938104217,17.7715804407338,91589.1929152346,298.328360106404,2813.75741366176,522.990271304126,"Lilongwe","110",172340
"186",185,80317.3116153687,39.3232235486986,48.1625741759133,10.0090060309549,16.9289678473327,91609.2960376323,298.968575396153,2814.34496828948,523.231862473459,"Lilongwe","110",172340
"187",186,80305.3930670441,36.6395901828943,44.8794458815502,9.34721119302339,16.1219408447656,91628.0403912607,299.578353593077,2814.89247817411,523.457494056408,"Lilongwe","110",172340
"188",187,80294.2887103435,34.1384321656696,41.8190607297712,8.72811487323622,15.3493397151654,91645.5173555822,300.158986590486,2815.40265915071,523.668194154752,"Lilongwe","110",172340
"189",188,80283.94307825,31.807430453619,38.9664472894967,8.14907962668928,14.6100136309775,91661.8122271125,300.711723636845,2815.87804461371,523.86492754159,"Lilongwe","110",172340
"190",189,80274.3044662389,29.635087367173,36.3076222283667,7.60761798220983,13.9028235435972,91677.0046109302,301.237771709607,2816.32099738736,524.048599183068,"Lilongwe","110",172340
"191",190,80265.324662681,27.6106689017451,33.8295242973223,7.10138492140965,13.2266449730244,91691.1688182025,301.738296023032,2816.73372176558,524.220057888025,"Lilongwe","110",172340
"192",191,80256.9587399119,25.7241605572301,31.5199617436853,6.62817164150099,12.5803699766828,91704.3741755853,302.214420583777,2817.11827286978,524.380099217701,"Lilongwe","110",172340
"193",192,80249.1648179469,23.9662181996875,29.3675516667488,6.18589851752286,11.9629093250645,91716.6853754954,302.667228848747,2817.47656724274,524.529468775448,"Lilongwe","110",172340
"194",193,80241.9038623567,22.3281237070335,27.3616698111076,5.77260863105825,11.373194182119,91728.1627768656,303.097764446423,2817.81039193085,524.668865108698,"Lilongwe","110",172340
"195",194,80235.1394917934,20.8017438032153,25.4924012025347,5.38646141386898,10.810177570546,91738.8626922501,303.50703196641,2818.12141314752,524.79894251134,"Lilongwe","110",172340
"196",195,80228.8377985183,19.3794925246355,23.7504928716126,5.02572660814644,10.2728356152746,91748.8376560801,303.895997781924,2818.41118436341,524.920313660095,"Lilongwe","110",172340
"197",196,80222.9671874595,18.0542956526422,22.1273129705981,4.68877856044962,9.76016852104757,91758.136665934,304.265590901856,2818.68115357359,525.033552035054,"Lilongwe","110",172340
"198",197,80217.4982122892,16.8195547849927,20.6148086047142,4.37409031285484,9.2712014755069,91766.8054286281,304.616703904751,2818.93267070632,525.13919440447,"Lilongwe","110",172340
"199",198,80212.4034320568,15.6691170291499,19.2054674939224,4.0802282843181,8.8049852835373,91774.8865759871,304.950193865265,2819.16699411323,525.237743028044,"Lilongwe","110",172340
"200",199,80207.6572781136,14.5972458879065,17.8922831616077,3.80584718460407,8.36059685791363,91782.4198655052,305.266883289208,2819.38529659993,525.329667731074,"Lilongwe","110",172340
"201",200,80203.2359193766,13.5985912591487,16.6687200013953,3.54968472545037,7.93713959914864,91789.442383893,305.567561145365,2819.58867153838,525.415408031688,"Lilongwe","110",172340
"202",201,80199.1171537271,12.6681661662089,15.5286840171431,3.31055727431623,7.53374358263489,91795.9887114554,305.852983777274,2819.77813779946,525.495374872075,"Lilongwe","110",172340
"203",202,80195.2802929537,11.8013213125057,14.4664924937692,3.08735516149371,7.14956568685471,91802.091096471,306.123875920713,2819.95464498252,525.56995246982,"Lilongwe","110",172340
"204",203,80191.7060613212,10.9937227028822,13.47684705932,2.87903843563382,6.78378958785059,91807.7796092102,306.380931683019,2820.11907803012,525.639499970842,"Lilongwe","110",172340
"205",204,80188.3764987004,10.2413304521681,12.5548076629654,2.68463275102248,6.43562566718481,91813.0822892299,306.624815536505,2820.27226163871,525.7043530397,"Lilongwe","110",172340
"206",205,80185.2748676435,9.54037811967017,11.6957678487842,2.50322533767892,6.10431082914082,91818.0252868845,306.85616333688,2820.41496449287,525.764825401498,"Lilongwe","110",172340
"207",206,80182.3855773821,8.88735591899726,10.8954343202184,2.33396162805718,5.78910824262103,91822.6329792789,307.075583229194,2820.54790273142,525.821210117992,"Lilongwe","110",172340
"208",207,80179.6941012648,8.27899254669347,10.149804621839,2.17604158649394,5.48930702966056,91826.9280962994,307.283656651181,2820.67174371435,525.873780975263,"Lilongwe","110",172340
"209",208,80177.1869049266,7.71223908255236,9.45514793656904,2.02871643081712,5.20422188690076,91830.9318304573,307.480939279293,2820.78710930236,525.922793707307,"Lilongwe","110",172340
"210",209,80174.8513788902,7.18425403862293,8.80798685537749,1.89128551710292,4.93319265708508,91834.6639400775,307.667961964175,2820.89457893592,525.968487151742,"Lilongwe","110",172340
"211",210,80172.6757754072,6.69238946108022,8.20508013033048,1.76309339380456,4.67558386118575,91838.1428460969,307.845231649554,2820.99469252205,526.011084338086,"Lilongwe","110",172340
"212",211,80170.6491497867,6.23417769182827,7.64340694011058,1.64352701210766,4.43078419242941,91841.3857221029,308.013232273956,2821.08795311734,526.050793508832,"Lilongwe","110",172340
"213",212,80168.7613056213,5.80731914385875,7.12015202772909,1.53201309695529,4.1982059802788,91844.408578477,308.172425652957,2821.17482943391,526.087809077523,"Lilongwe","110",172340
"214",213,80167.002743652,5.40967108366951,6.6326915980661,1.428015672901,3.97728462889102,91847.2263410233,308.323252341217,2821.25575817987,526.122312527059,"Lilongwe","110",172340
"215",214,80165.3646142553,5.03923684379622,6.17858055130507,1.33103372425993,3.76747803551217,91849.8529241165,308.466132473387,2821.33114623481,526.154473252172,"Lilongwe","110",172340
"216",215,80163.8386728958,4.6941558108989,5.75554038584714,1.24059898274336,3.56826598853974,91852.3012993481,308.601466588107,2821.40137269035,526.184449352929,"Lilongwe","110",172340
"217",216,80162.417238716,4.37269436406636,5.36144768772661,1.15627386273146,3.37914955991727,91854.5835593863,308.729636423319,2821.46679074752,526.212388373983,"Lilongwe","110",172340
"218",217,80161.0931573875,4.07323745672821,4.99432407294191,1.07764957633323,3.19965050312397,91856.7109753364,308.851005667026,2821.5277294196,526.238427973973,"Lilongwe","110",172340
"219",218,80159.8597635707,3.79428008701248,4.65232603450986,1.00434421638263,3.02931060938362,91858.6940547438,308.965920738271,2821.58449525318,526.262696604324,"Lilongwe","110",172340
"220",219,80158.7108478707,3.5344200256796,4.3337357527141,0.936001060635839,2.86769108636674,91860.5425926961,309.074711507811,2821.6373738437,526.285314108405,"Lilongwe","110",172340
"221",220,80157.6406258633,3.29235087997664,4.03695258940958,0.872286965101968,2.71437193532399,91862.2657197675,309.177691999474,2821.6866312563,526.306392286413,"Lilongwe","110",172340
"222",221,80156.6437088417,3.06685541657361,3.76048517102935,0.812890830671785,2.5689513233107,91863.8719473391,309.275161077678,2821.7325153681,526.326035431906,"Lilongwe","110",172340
"223",222,80155.7150770189,2.85679959280988,3.50294397869027,0.757522194200137,2.43104497002883,91865.3692091452,309.367403100224,2821.77525709811,526.344340824153,"Lilongwe","110",172340
"224",223,80154.8500541598,2.66112689777738,3.26303433496212,0.705909885919742,2.30028553307227,91866.764900631,309.454688557518,2821.81507157169,526.361399195902,"Lilongwe","110",172340
"225",224,80154.04428413,2.4788530160817,3.03955001851104,0.657800775285518,2.17632200380729,91868.0659153702,309.537274686105,2821.85215919728,526.377295168272,"Lilongwe","110",172340
"226",225,80153.2937095918,2.30906104297099,2.83136739461673,0.612958627573289,2.05881912859563,91869.2786781702,309.615406044188,2821.88670664473,526.392107646625,"Lilongwe","110",172340
"227",226,80152.5945498835,2.15089654760571,2.63743928401675,0.571162911684575,1.94745677767065,91870.4091794679,309.689315127588,2821.91888786126,526.405910232567,"Lilongwe","110",172340
"228",227,80151.9432832782,2.00356353988351,2.45679011465937,0.532207833580935,1.84192940323057,91871.4630029445,309.759222886016,2821.94886488645,526.418771556344,"Lilongwe","110",172340
"229",228,80151.3366297993,1.86632059666614,2.28851118910985,0.495901397207099,1.74194549197407,91872.4453522889,309.825339236791,2821.97678864174,526.430755599363,"Lilongwe","110",172340
"230",229,80150.7715338153,1.73847698101049,2.13175584509739,0.462064453216494,1.64722699544946,91873.3610783158,309.887863594139,2822.00279973022,526.441922020904,"Lilongwe","110",172340
"231",230,80150.245148909,1.61938919568792,1.98573531897904,0.430529862073422,1.55750879912184,91874.2147025637,309.946985351511,2822.02702913193,526.452326443995,"Lilongwe","110",172340
"232",231,80149.7548235841,1.50845775123271,1.8497148108851,0.40114170171689,1.47253820165015,91875.0104396017,310.002884348739,2822.0495988608,526.46202072582,"Lilongwe","110",172340
"233",232,80149.2980878981,1.40512420184845,1.72300974461217,0.37375452630948,1.39207440794909,91875.7522179005,310.055731320746,2822.0706225791,526.471053210663,"Lilongwe","110",172340
"234",233,80148.8726410534,1.30886831081898,1.6049823768874,0.348232671273669,1.31588803661729,91876.4436992232,310.105688327817,2822.09020616783,526.479468966004,"Lilongwe","110",172340
"235",234,80148.4763398276,1.21920541867736,1.49503862286918,0.324449603401203,1.24376064209729,91877.0882967174,310.152909167964,2822.10844825871,526.48731000302,"Lilongwe","110",172340
"236",235,80148.1071877631,1.13568406349044,1.39262500947595,0.302287315014541,1.17548425150551,91877.6891918255,310.197539771937,2822.12544073118,526.494615482364,"Lilongwe","110",172340
"237",236,80147.7633251323,1.05788368431074,1.29722593335595,0.281635755556893,1.11086091632628,91878.2493499968,310.239718581405,2822.14126917381,526.501421906307,"Lilongwe","110",172340
"238",237,80147.443019539,0.985412465391919,1.20836109677707,0.262392297215118,1.04970227609513,91878.7715354125,310.279576913093,2822.15601331656,526.507763299086,"Lilongwe","110",172340
"239",238,80147.1446571859,0.917905424039107,1.12558303311719,0.244461241102841,0.991829140721315,91879.2583246711,310.317239304064,2822.16974743234,526.513671373969,"Lilongwe","110",172340
"240",239,80146.8667350435,0.855022633462133,1.04847494954359,0.22775336998343,0.93707109893639,91879.7121190727,310.352823831897,2822.18254069719,526.519175683911,"Lilongwe","110",172340
"241",240,80146.6078529058,0.796447379811076,0.976648577869298,0.212185491817867,0.885266110750927,91880.1351570881,310.386442445876,2822.19445755568,526.52430377489,"Lilongwe","110",172340
"242",241,80146.3667064565,0.741884632328578,0.909742219528492,0.197680043530163,0.836260137145551,91880.5295252466,310.418201264454,2822.20555803987,526.529081319351,"Lilongwe","110",172340
"243",242,80146.1420807718,0.691059593280693,0.847418929701917,0.184164718105592,0.789906782320832,91880.8971683443,310.448200860513,2822.21589806816,526.533532241537,"Lilongwe","110",172340
"244",243,80145.9328440164,0.643716236851572,0.789364808780706,0.171572099398573,0.74606693431271,91881.2398993585,310.476536545763,2822.2255297353,526.537678839745,"Lilongwe","110",172340
"245",244,80145.7379419769,0.599616085805818,0.735287477282451,0.159839346680268,0.704608443183271,91881.5594080469,310.503298623234,2822.23450156388,526.541541892097,"Lilongwe","110",172340
"246",245,80145.5563926368,0.558537000631976,0.684914558270567,0.148907881135353,0.665405793537821,91881.857269487,310.528572642684,2822.24285875392,526.545140761606,"Lilongwe","110",172340
"247",246,80145.3872812493,0.520272048204547,0.637992330641447,0.13872309899045,0.628339796084286,91882.1349518375,310.55243963932,2822.25064340957,526.548493491997,"Lilongwe","110",172340
"248",247,80145.2297558108,0.484628483094689,0.594284471065299,0.129234108423411,0.593297296485394,91882.3938234725,310.574976357644,2822.25789474735,526.551616895646,"Lilongwe","110",172340
"249",248,80145.0830225249,0.451426729781712,0.553570789647061,0.120393465562393,0.560170875603669,91882.635160134,310.596255480543,2822.2646493049,526.554526641792,"Lilongwe","110",172340
"250",249,80144.9463419723,0.420499507838498,0.515646178016395,0.112156950359201,0.528858586729822,91882.8601509762,310.616345828558,2822.27094111718,526.557237331221,"Lilongwe","110",172340
"251",250,80144.8190255028,0.391691018374772,0.480319607266282,0.104483355607949,0.499263702116991,91883.0699042628,310.635312551093,2822.27680188253,526.559762566619,"Lilongwe","110",172340
"252",251,80144.7004315963,0.364856127763665,0.44741311327825,0.0973342741755664,0.471294452717649,91883.2654531139,310.65321732199,2822.28226113008,526.562115023509,"Lilongwe","110",172340
"253",252,80144.5899626795,0.339859639253498,0.416760923148145,0.0906739117299526,0.444863791181169,91883.447760539,310.670118516246,2822.28734636626,526.564306512521,"Lilongwe","110",172340
"254",253,80144.4870621177,0.316575614128853,0.38820861985992,0.0844689099905776,0.419889162976885,91883.6177241955,310.68607137989,2822.29208321326,526.566348038205,"Lilongwe","110",172340
"255",254,80144.3912114057,0.294886744986741,0.36161235535145,0.0786881818255041,0.396292287348457,91883.7761808331,310.70112819174,2822.29649553825,526.568249853914,"Lilongwe","110",172340
"256",255,80144.3019275604,0.274683756752148,0.336838137095314,0.07330275714113,0.37399894795947,91883.9239104235,310.715338417224,2822.30060557342,526.570021512948,"Lilongwe","110",172340
"257",256,80144.2187606878,0.25586485590441,0.313761154066957,0.0682856392752681,0.352938792847283,91884.0616400155,310.72874885466,2822.30443402791,526.571671916239,"Lilongwe","110",172340
"258",257,80144.1412917099,0.23833522716258,0.292265135798605,0.0636116712021852,0.333045143165221,91884.1900473384,310.741403774466,2822.30800019247,526.573209356832,"Lilongwe","110",172340
"259",258,80144.0691302665,0.222006549679135,0.27224178000211,0.0592574109936129,0.314254811584668,91884.3097641305,310.753345050745,2822.31132203599,526.574641561142,"Lilongwe","110",172340
"260",259,80144.0019127167,0.206796541606085,0.253590201643042,0.0552010132907537,0.296507925243128,91884.4213793125,310.764612289034,2822.3144162975,526.575975728227,"Lilongwe","110",172340
"261",260,80143.9393003438,0.192628566898436,0.236216422673307,0.0514221235234861,0.279747763487509,91884.5254418368,310.775242942863,2822.31729856876,526.57721856494,"Lilongwe","110",172340
"262",261,80143.8809776679,0.179431247051967,0.220032910276831,0.0479017774277802,0.26392060085301,91884.6224633705,310.785272426108,2822.31998337197,526.578376319173,"Lilongwe","110",172340
"263",262,80143.8266506424,0.167138046251102,0.20495808411951,0.0446222935836821,0.248975529846959,91884.7129211652,310.79473423862,2822.32248424273,526.579454815381,"Lilongwe","110",172340
"264",263,80143.7760460764,0.15568715018021,0.190916146288259,0.0415672398628553,0.234864438032456,91884.7972589629,310.80365998638,2822.32481375665,526.580459465821,"Lilongwe","110",172340
"265",264,80143.7289088365,0.145020832913274,0.177836305625816,0.0387212664173174,0.221541681661297,91884.8758914701,310.81207960681,2822.32698365815,526.581395325727,"Lilongwe","110",172340
"266",265,80143.6850012087,0.135085306237127,0.165652606969737,0.0360700675514659,0.208964037984258,91884.9492053682,310.820021404368,2822.32900488981,526.582267105912,"Lilongwe","110",172340
"267",266,80143.6441018618,0.125830488455649,0.154303640297662,0.0336003201562185,0.197090604089793,91885.0175609629,310.827512122322,2822.33088764009,526.583079193157,"Lilongwe","110",172340
"268",267,80143.6060041727,0.117209627479224,0.14373207429037,0.0312995837181369,0.185882596299799,91885.0812948648,310.834577080718,2822.33264142042,526.583835683245,"Lilongwe","110",172340
"269",268,80143.5705160886,0.109179267509926,0.133884620390388,0.0291562923070548,0.175303368588791,91885.1407201956,310.84124016708,2822.33427507154,526.584540383645,"Lilongwe","110",172340
"270",269,80143.5374595886,0.101699126746977,0.124711883883379,0.0271597225475468,0.16531837178643,91885.1961274397,310.847523866763,2822.33579678827,526.585196824107,"Lilongwe","110",172340
"271",270,80143.5066679476,0.0947314795440547,0.11616760370138,0.0252998297247705,0.15589478629632,91885.2477888414,310.853449511765,2822.33721424546,526.585808310739,"Lilongwe","110",172340
"272",271,80143.4779859152,0.0882411968392957,0.108208702085393,0.0235672586441935,0.147001568505222,91885.2959581075,310.859037251211,2822.33853458978,526.586377922453,"Lilongwe","110",172340
"273",272,80143.4512689665,0.0821955760442212,0.100795077394489,0.021953298790069,0.138609363710059,91885.3408716061,310.864306111518,2822.33976447417,526.586908525753,"Lilongwe","110",172340
"274",273,80143.4263824862,0.0765641567691269,0.0938893774808653,0.0204498355099411,0.130690406989843,91885.3827496727,310.86927406444,2822.34091009539,526.587402790861,"Lilongwe","110",172340
"275",274,80143.4032010439,0.0713185571212841,0.0874567983709104,0.0190493066160334,0.123218434028064,91885.4217977719,310.873958088182,2822.34197722742,526.587863206032,"Lilongwe","110",172340
"276",275,80143.3816078162,0.0664323425228407,0.0814649244028131,0.0177446677331565,0.116168608337334,91885.4582074238,310.878374217129,2822.34297124802,526.588292088983,"Lilongwe","110",172340
"277",276,80143.3614939975,0.0618808925017107,0.0758835645358245,0.0165293569706726,0.109517446146661,91885.4921571494,310.882537593071,2822.34389716589,526.58869159855,"Lilongwe","110",172340
"278",277,80143.3427582303,0.0576412721298791,0.0706845940804771,0.0153972607863272,0.103242742646946,91885.5238133847,310.886462515412,2822.34475964686,526.589063745944,"Lilongwe","110",172340
"279",278,80143.325306101,0.0536921175059994,0.0658418152681661,0.0143426837115321,0.0973235049102197,91885.553331291,310.890162486669,2822.34556303712,526.589410404732,"Lilongwe","110",172340
"280",279,80143.3090496647,0.0500135282924761,0.0613308252128873,0.0133603198165654,0.0917398876405211,91885.5808555185,310.893650255967,2822.34631138507,526.589733320244,"Lilongwe","110",172340
"281",280,80143.2939070013,0.046586967776094,0.0571288925030748,0.0124452261035425,0.0864731321385877,91885.60652092,310.896937860261,2822.3470084618,526.590034118349,"Lilongwe","110",172340
"282",281,80143.2798018035,0.0433951690444459,0.0532148432456222,0.011592797704618,0.0815055083917986,91885.6304532148,310.900036663352,2822.34765777999,526.590314313617,"Lilongwe","110",172340
"283",282,80143.2666629921,0.040422048003818,0.0495689543375613,0.0107987447753115,0.0768202601254777,91885.6527696079,310.902957392835,2822.3482626117,526.590575316943,"Lilongwe","110",172340
"284",283,80143.254424357,0.0376526227211538,0.0461728534282423,0.0100590709561157,0.0724015526289151,91885.6735793683,310.905710175099,2822.3488260048,526.590818442638,"Lilongwe","110",172340
"285",284,80143.2430242255,0.0350729378170597,0.0430094273245801,0.00937005339049653,0.0682344235401074,91885.6929843643,310.908304568268,2822.34935079831,526.591044915016,"Lilongwe","110",172340
"286",285,80143.2324051463,0.0326699928511824,0.0400627344043771,0.00872822371138962,0.0643047351683259,91885.7110795735,310.910749594058,2822.34983963694,526.591255874648,"Lilongwe","110",172340
"287",286,80143.2225136066,0.030431678900887,0.0373179254861977,0.0081303510448735,0.060599131076862,91885.7279535403,310.913053766721,2822.35029498409,526.591452383972,"Lilongwe","110",172340
"288",287,80143.2132997645,0.0283467177835247,0.0347611700921496,0.0075734259236817,0.0571049943193058,91885.7436888066,310.915225120829,2822.35071913415,526.59163543258,"Lilongwe","110",172340
"289",288,80143.2047171646,0.0264045972180308,0.0323795776464701,0.00705464310570083,0.0538104009544623,91885.7583623745,310.917271242067,2822.35111422564,526.591805942878,"Lilongwe","110",172340
"290",289,80143.1967226465,0.0245955507159585,0.0301611717359934,0.0065713961331552,0.0507041118691043,91885.77204585,310.91919927312,2822.35148224542,526.59196477188,"Lilongwe","110",172340
"291",290,80143.1892759029,0.0229104575262633,0.0280947675121829,0.00612125069081176,0.0477754905119021,91885.7848061635,310.92101596743,2822.35182504896,526.592112719979,"Lilongwe","110",172340
"292",291,80143.1823393786,0.021340819445808,0.026169943920028,0.00570193850595514,0.0450144893943024,91885.7967057319,310.922727698347,2822.35214436509,526.592250532949,"Lilongwe","110",172340
"293",292,80143.1758781065,0.019878723958919,0.0243769981121069,0.00531134749894032,0.042411623518977,91885.8078027237,310.92434047674,2822.35244180346,526.592378905192,"Lilongwe","110",172340
"294",293,80143.1698594436,0.0185167844778915,0.0227068719718461,0.0049475058413699,0.0399579201020334,91885.8181514902,310.925859983783,2822.35271886678,526.592498484981,"Lilongwe","110",172340
"295",294,80143.1642530487,0.0172481352854829,0.0211511461606639,0.00460858064602311,0.0376449213265549,91885.8278025983,310.927291569581,2822.35297695176,526.592609874897,"Lilongwe","110",172340
"296",295,80143.1590307974,0.0160664122543149,0.0197020165170066,0.00429287284123602,0.0354646728509367,91885.8368029673,310.928640260953,2822.35321735308,526.59271363351,"Lilongwe","110",172340
"297",296,80143.1541663499,0.0149656551047527,0.0183521740648099,0.00399879109752863,0.0334096338484812,91885.8451965764,310.929910819621,2822.35344128325,526.592810283963,"Lilongwe","110",172340
"298",297,80143.1496351794,0.0139403137896135,0.0170948128562891,0.0037248535371994,0.0314726873074417,91885.8530244173,310.931107735791,2822.35364987135,526.592900313404,"Lilongwe","110",172340
"299",298,80143.1454144535,0.012985221674566,0.0159235971521149,0.00346968059351804,0.0296471180578688,91885.8603246865,310.932235242522,2822.35384416844,526.59298417534,"Lilongwe","110",172340
"300",299,80143.1414829054,0.0120955663925441,0.0148326256406027,0.00323198723817898,0.0279265879959243,91885.8671329955,310.933297331858,2822.35402515352,526.593062292192,"Lilongwe","110",172340
"301",300,80143.1378207193,0.0112668639481797,0.0138163996576682,0.00301057607515182,0.0263051138524545,91885.8734825579,310.934297769304,2822.35419373878,526.593135057566,"Lilongwe","110",172340
"302",301,80143.1344094393,0.0104949380312891,0.0128697978731263,0.00280433183024478,0.0247770491352319,91885.8794043383,310.935240105555,2822.35435077382,526.593202838067,"Lilongwe","110",172340
"303",302,80143.1312318762,0.00977589895588397,0.0119880504391355,0.00261221573275177,0.0233370655371841,91885.8849272046,310.936127688567,2822.35449704994,526.593265975149,"Lilongwe","110",172340
"304",303,80143.1282720173,0.00910612331768093,0.0111667140153826,0.00243326008774612,0.0219801347406237,91885.8900780752,310.936963675356,2822.35463330425,526.593324786894,"Lilongwe","110",172340
"305",304,80143.1255149471,0.0084822359406066,0.0104016496864811,0.00226656346638831,0.0207015119536298,91885.8948820493,310.937751042652,2822.35476022338,526.593379569601,"Lilongwe","110",172340
"306",305,80143.1229467719,0.00790109288859499,0.00968900210853833,0.00211128617243704,0.0194967201901876,91885.8993625297,310.938492597064,2822.35487844691,526.593430599273,"Lilongwe","110",172340
"307",306,80143.1205545501,0.00735976563669657,0.00902518005603099,0.00196664601548272,0.0183615353903108,91885.9035413381,310.939190984687,2822.35498857059,526.593478133007,"Lilongwe","110",172340
"308",307,80143.1183262265,0.00685552629152714,0.00840683836087216,0.00183191437411278,0.0172919723521338,91885.907438822,310.939848700173,2822.35509114938,526.593522410291,"Lilongwe","110",172340
"309",308,80143.116250572,0.00638583384842197,0.00783086104818169,0.00170641252800577,0.0162842714284758,91885.9110739539,310.940468095296,2822.35518670019,526.593563654206,"Lilongwe","110",172340
"310",309,80143.1143171266,0.00594832139825549,0.00729434559029855,0.00158950823855949,0.0153348859375501,91885.9144644251,310.941051387057,2822.35527570454,526.593602072555,"Lilongwe","110",172340
"311",310,80143.1125161475,0.00554078422674863,0.00679458837933076,0.00148061257964479,0.0144404703261825,91885.9176267317,310.941600665281,2822.35535861093,526.593637858904,"Lilongwe","110",172340
"312",311,80143.1108385584,0.00516116851293517,0.00632907087203695,0.00137917692187706,0.0135978687392284,91885.9205762566,310.942117899958,2822.35543583718,526.59367119357,"Lilongwe","110",172340
"313",312,80143.1092759053,0.00480756125035522,0.00589544715910371,0.00128469023561869,0.0128041046431339,91885.9233273436,310.942604947888,2822.35550777246,526.593702244513,"Lilongwe","110",172340
"314",313,80143.1078203142,0.00447818067588237,0.00549153227638302,0.00119667654106648,0.0120563708752905,91885.9258933664,310.94306355906,2822.35557477924,526.593731168169,"Lilongwe","110",172340
"315",314,80143.1064644462,0.00417136605775156,0.00511528971534182,0.00111469218554925,0.0113520186463277,91885.9282868036,310.943495383667,2822.35563719536,526.593758110352,"Lilongwe","110",172340
"316",315,80143.1052014827,0.00388557447291804,0.00476482741162384,0.00103832497803915,0.0106885553437781,91885.9305192615,310.943901973574,2822.35569533471,526.59378320653,"Lilongwe","110",172340
"317",316,80143.1040250561,0.0036193650019193,0.00443837837283577,0.000967189969819174,0.0100636254736548,91885.9326015907,310.944284794393,2822.35574949042,526.593806583221,"Lilongwe","110",172340
"318",317,80143.1029292334,0.00337139509391963,0.00413429625534965,0.000900928487730388,0.00947500734776164,91885.9345439118,310.944645227624,2822.3557999356,526.593828358303,"Lilongwe","110",172340
"319",318,80143.1019084905,0.00314041472730193,0.00385104818139794,0.00083920657303812,0.00892060679360097,91885.9363556586,310.94498457467,2822.35584692455,526.593848641533,"Lilongwe","110",172340
"320",319,80143.1009576704,0.00292525695974799,0.00358720314127218,0.000781712457001698,0.00839844554313236,91885.9380456473,310.945304064192,2822.35589069467,526.593867535372,"Lilongwe","110",172340
"321",320,80143.10007198,0.00272483713941143,0.00334143103988285,0.000728156352123363,0.0079066616340199,91885.939622082,310.945604851902,2822.35593146661,526.59388513506,"Lilongwe","110",172340
"322",321,80143.0992469761,0.0025381498607691,0.00311249896547648,0.000678269639712807,0.00744350659643122,91885.9410925765,310.94588802239,2822.3559694449,526.593901528877,"Lilongwe","110",172340
"323",322,80143.0984784976,0.00236425351736715,0.00289925223945752,0.000631800743433672,0.00700732494149863,91885.9424642689,310.946154602033,2822.3560048211,526.593916799501,"Lilongwe","110",172340
"324",323,80143.0977626698,0.00220227131074675,0.00270061565489408,0.000588515399139534,0.00659655637264613,91885.9437438138,310.946405557636,2822.35603777357,526.593931023921,"Lilongwe","110",172340
"325",324,80143.0970958856,0.0020513870162518,0.00251558828781363,0.000548195524473232,0.00620973069267208,91885.9449374132,310.946641799664,2822.35606846836,526.593944273809,"Lilongwe","110",172340
"326",325,80143.0964747853,0.00191084037691918,0.00234323784621592,0.000510637988484792,0.0058454620911369,91885.9460508505,310.946864185847,2822.35609706013,526.59395661592,"Lilongwe","110",172340
"327",326,80143.0958962385,0.00177992301121322,0.00218269565068889,0.000475653518569117,0.00550244402578739,91885.9470895208,310.947073524421,2822.356123693,526.593968112458,"Lilongwe","110",172340
"328",327,80143.0953573296,0.00165797514706285,0.0020331526325403,0.000443065828478038,0.00517944507568223,91885.948058455,310.947270576741,2822.35614850118,526.593978821355,"Lilongwe","110",172340
"329",328,80143.0948553428,0.00154438229368412,0.00189385525071744,0.000412710729217141,0.00487530467752031,91885.9489623442,310.947456059973,2822.35617160967,526.593988796571,"Lilongwe","110",172340
"330",329,80143.0943877487,0.00143857202352478,0.00176410154408538,0.000384435269365724,0.00458892895647519,91885.9498055637,310.947630649726,2822.35619313494,526.59399808837,"Lilongwe","110",172340
"331",330,80143.0939521909,0.00134001113527397,0.00164323765581703,0.000358096977621279,0.00431928698530088,91885.9505921939,310.947794982402,2822.35621318544,526.594006743572,"Lilongwe","110",172340
"332",331,80143.0935464744,0.00124820292338829,0.00153065448356973,0.000333563133305234,0.00406540714142409,91885.9513260404,310.947949657493,2822.35623186223,526.594014805794,"Lilongwe","110",172340
"333",332,80143.0931685545,0.00116268473396822,0.00142578468020045,0.000310710113280453,0.00382637380202911,91885.9520106525,310.948095239658,2822.35624925942,526.594022315662,"Lilongwe","110",172340
"334",333,80143.0928165271,0.0010830256538534,0.00132809982263399,0.000289422774911568,0.0036013241797368,91885.9526493397,310.948232260711,2822.35626546467,526.594029311015,"Lilongwe","110",172340
"335",334,80143.0924886182,0.00100882425993056,0.0012371076521081,0.000269593854856301,0.00338944520587559,91885.9532451892,310.948361221578,2822.35628055966,526.594035827103,"Lilongwe","110",172340
"336",335,80143.0921831753,0.000939706629394664,0.00115234963192965,0.000251123437305338,0.00318997072888866,91885.9538010802,310.948482594057,2822.35629462044,526.594041896761,"Lilongwe","110",172340
"337",336,80143.0918986592,0.000875324458484793,0.00107339864151979,0.000233918451513875,0.0030021788364804,91885.9543196978,310.948596822491,2822.35630771788,526.594047550575,"Lilongwe","110",172340
"338",337,80143.0916336362,0.00081535330629587,0.000999856823880099,0.000217892202742008,0.00282538932419402,91885.9548035467,310.948704325361,2822.35631991797,526.594052817033,"Lilongwe","110",172340
"339",338,80143.0913867708,0.000759490960512785,0.00093135358022471,0.000202963935527058,0.00265896130769065,91885.9552549626,310.948805496776,2822.35633128219,526.594057722676,"Lilongwe","110",172340
"340",339,80143.0911568188,0.000707455914468166,0.000867543702401202,0.000189058426815293,0.00250229097002885,91885.9556761243,310.948900707881,2822.35634186782,526.594062292222,"Lilongwe","110",172340
"341",340,80143.0909426216,0.000658985948163589,0.000808105633751257,0.00017610560695605,0.0023548094365617,91885.9560690636,310.948990308192,2822.35635172819,526.594066548698,"Lilongwe","110",172340
"342",341,80143.0907430996,0.000613836807077386,0.000752739848440112,0.000164040206672755,0.0022159807703215,91885.9564356759,310.94907462684,2822.356360913,526.594070513553,"Lilongwe","110",172340
"343",342,80143.0905572475,0.00057178097145101,0.000701167341869424,0.000152801428214955,0.00208530008115549,91885.9567777288,310.949153973758,2822.35636946853,526.594074206767,"Lilongwe","110",172340
"344",343,80143.0903841288,0.000532606509515454,0.000653128224982315,0.000142332639026932,0.00196229174224903,91885.9570968713,310.94922864079,2822.35637743789,526.59407764695,"Lilongwe","110",172340
"345",344,80143.0902228709,0.000496116009527131,0.000608380414581525,0.000132581086406317,0.00184650770802093,91885.9573946411,310.949298902741,2822.35638486125,526.594080851438,"Lilongwe","110",172340
"346",345,80143.0900726613,0.000462125585109122,0.000566698413210854,0.000123497631712414,0.00173752592770693,91885.9576724728,310.949365018363,2822.35639177601,526.594083836379,"Lilongwe","110",172340
"347",346,80143.089932743,0.0004304639484915,0.000527872172934497,0.000115036502775539,0.00163494884926074,91885.9579317043,310.949427231292,2822.35639821702,526.594086616814,"Lilongwe","110",172340
"348",347,80143.0898024109,0.000400971547288588,0.000491706036910784,0.000107155063268022,0.00153840200849739,91885.9581735835,310.949485770918,2822.35640421674,526.594089206754,"Lilongwe","110",172340
"349",348,80143.0896810083,0.000373499760571513,0.000458017753293753,0.0000998135978778666,0.00144753269868442,91885.9583992747,310.94954085322,2822.3564098054,526.594091619251,"Lilongwe","110",172340
"350",349,80143.0895679233,0.00034791014990438,0.000426637556837255,0.0000929751121958893,0.00136200871605172,91885.9586098636,310.949592681541,2822.35641501116,526.594093866462,"Lilongwe","110",172340
"351",350,80143.0894625861,0.000324073761649713,0.000397407313475599,0.0000866051463102904,0.00128151717694116,91885.9588063631,310.949641447322,2822.35641986026,526.594095959711,"Lilongwe","110",172340
"352",351,80143.089364466,0.000301870477182567,0.000370179723379628,0.0000806716011735628,0.00120576340255481,91885.958989718,310.949687330799,2822.35642437713,526.594097909545,"Lilongwe","110",172340
"353",352,80143.0892730683,0.000281188407594859,0.00034481757864879,0.0000751445768634228,0.0011344698674846,91885.9591608096,310.949730501651,2822.35642858454,526.594099725792,"Lilongwe","110",172340
"354",353,80143.0891879325,0.000261923329809612,0.000321193071935368,0.0000699962219222196,0.00106737520841884,91885.95932046,310.949771119615,2822.35643250368,526.594101417602,"Lilongwe","110",172340
"355",354,80143.0891086297,0.000243978161383072,0.000299187152370233,0.0000652005930188452,0.00100423328962118,91885.959469436,310.949809335067,2822.35643615431,526.594102993502,"Lilongwe","110",172340
"356",355,80143.0890347602,0.00022726247130254,0.000278688925600311,0.0000607335242250001,0.000944812321967574,91885.959608453,310.949845289567,2822.35643955483,526.594104461433,"Lilongwe","110",172340
"357",356,80143.0889659517,0.000211692024254935,0.000259595094987661,0.0000565725052457365,0.000888894032506178,91885.9597381783,310.949879116371,2822.35644272237,526.594105828792,"Lilongwe","110",172340
"358",357,80143.0889018574,0.000197188356135494,0.00024180944107329,0.000052696567992469,0.000836272881674416,91885.9598592344,310.949910940918,2822.35644567289,526.59410710247,"Lilongwe","110",172340
"359",358,80143.0888421545,0.00018367837866315,0.000225242336675667,0.0000490861809271466,0.000786755325467847,91885.959972202,310.949940881283,2822.35644842126,526.594108288884,"Lilongwe","110",172340
"360",359,80143.0887865419,0.000171094011059866,0.000209810295241969,0.0000457231506440152,0.000740159120006906,91885.9600776229,310.949969048612,2822.35645098133,526.594109394014,"Lilongwe","110",172340
"361",360,80143.0887347396,0.000159371836962018,0.000195435550146478,0.0000425905301937303,0.000696312666090636,91885.9601760023,310.949995547521,2822.356453366,526.594110423428,"Lilongwe","110",172340
"362",361,80143.0886864864,0.000148452784857171,0.00018204566278877,0.0000396725336884981,0.000655054391461825,91885.9602678117,310.950020476481,2822.35645558729,526.594111382314,"Lilongwe","110",172340
"363",362,80143.0886415392,0.000138281830406198,0.000169573157553184,0.000036954456757254,0.000616232168635764,91885.960353491,310.950043928175,2822.3564576564,526.594112275505,"Lilongwe","110",172340
"364",363,80143.0885996714,0.000128807719151384,0.000157955181789155,0.0000344226024501225,0.000579702766265572,91885.9604334504,310.950065989838,2822.35645958374,526.5941131075,"Lilongwe","110",172340
"365",364,80143.0885606722,0.000119982708233932,0.00014713318907345,0.0000320642122193612,0.000545331332131085,91885.9605080728,310.950086743575,2822.35646137904,526.594113882493,"Lilongwe","110",172340
"366",365,80143.0885243449,0.000111762325807155,0.000137052644173126,0.0000298674016287335,0.000512990905946087,91885.9605777152,310.950106266662,2822.35646305133,526.594114604389,"Lilongwe","110",172340
