"","time","S","E","I","H","C","R","D","hosp","crits","TA","ID","POP"
"1",0,21690,0,1,0,0,0,0,0,0,"Mwanza","29",21691
"2",1,21689.2625753372,0.607702043248617,0.794508438896092,0.00761022275678649,0.0000546861686884298,0.327548587099826,0.000000684652881181939,0.00811519239011196,0.0000558688540254363,"Mwanza","29",21691
"3",2,21688.5978765338,0.965627904269877,0.79911672845837,0.0135929681046351,0.000194685804390819,0.623586205732797,0.0000049737945628081,0.0154302895189483,0.000203277652990888,"Mwanza","29",21691
"4",3,21687.8833732564,1.25278316033747,0.901649212024166,0.0193970044767123,0.000404170384191461,0.942377591098844,0.0000156053117556736,0.0232937414036413,0.0004311273632682,"Mwanza","29",21691
"5",4,21687.0560476415,1.54320764665318,1.06243202816874,0.025691814186841,0.000681566410402285,1.31190426613444,0.0000350368967865939,0.03239918097677,0.000742089962150405,"Mwanza","29",21691
"6",5,21686.0725413399,1.87161060274203,1.27039561668597,0.0328674853530502,0.00103214734413952,1.75148700210477,0.0000658059166146378,0.0432239770719499,0.00114582201755074,"Mwanza","29",21691
"7",6,21684.8931665187,2.25883351231459,1.52633167637905,0.041231466907973,0.00146540413745774,2.27886070058654,0.000110720997230686,0.0562052142978895,0.00165666616749171,"Mwanza","29",21691
"8",7,21683.4749629795,2.72190332041163,1.83662480728722,0.0510895835073289,0.00199430596465473,2.91325200553712,0.000172997771877809,0.0718161455556303,0.00229314634604838,"Mwanza","29",21691
"9",8,21681.7680738912,3.27821057153084,2.21104816131913,0.0627835865899965,0.00263534992092294,3.67699205531348,0.00025638416699272,0.0906061484240259,0.00307823390385375,"Mwanza","29",21691
"10",9,21679.7132126495,3.94748369340579,2.66216645343808,0.0767131901643079,0.00340898679122133,4.59664973196258,0.000365294758261329,0.113228706989646,0.00404000546675101,"Mwanza","29",21691
"11",10,21677.2393130251,4.7529947776117,3.20540552180323,0.0933537155261653,0.00434028002161481,5.70408771471832,0.000504965255064749,0.140467424675098,0.00521256876716398,"Mwanza","29",21691
"12",11,21674.2609826832,5.72255075739931,3.85944089219254,0.113273797672426,0.00545975798638362,7.0376104773859,0.000681634135022851,0.173264269765164,0.00663722867094852,"Mwanza","29",21691
"13",12,21670.6755464645,6.88951187305974,4.64677865040799,0.137155355612016,0.00680446654071839,8.64330043098986,0.000902758936418664,0.212752436231672,0.00836391335866029,"Mwanza","29",21691
"14",13,21666.3595547962,8.29393790986836,5.59449432708276,0.165816941502849,0.00841924369150819,10.5765995078403,0.00117727377337636,0.260295234617157,0.0104528938340605,"Mwanza","29",21691
"15",14,21661.1645945022,9.9839394390477,6.73513851440046,0.200241689647209,0.0103582674461879,12.9042116878892,0.00151589936745156,0.317532871845636,0.0129768673287552,"Mwanza","29",21691
"16",15,21654.9122963484,12.0172724939846,8.1078246029995,0.241610626451875,0.0126869171670656,15.706377497119,0.00193151388187064,0.386438374940841,0.0160234592442264,"Mwanza","29",21691
"17",16,21647.3884062573,14.4632234174473,9.75951900586592,0.291342311398486,0.0154839991379338,19.0795854134604,0.0024395953592728,0.469384255646712,0.0196982129957066,"Mwanza","29",21691
"18",17,21638.3356641109,17.4048572054411,11.7465918208746,0.35114055924037,0.0188444407406726,23.1398431060719,0.0030587567387917,0.569222937264928,0.0241282083897528,"Mwanza","29",21691
"19",18,21627.4454017785,20.941650541067,14.1366444796147,0.423050930543426,0.0228824968372695,28.0265583907367,0.00381138269909612,0.689382169233593,0.0294663681037709,"Mwanza","29",21691
"20",19,21614.3474799964,25.1926218794412,17.0106897924487,0.50952871089719,0.0277356267361078,33.9072195930049,0.00472440104903725,0.833980092170025,0.0358966671704789,"Mwanza","29",21691
"21",20,21598.598476388,30.2999625269118,20.4657085224208,0.613519094282667,0.0335691004800471,40.9829341665663,0.00583020130269678,1.00796139706414,0.0436403260339249,"Mwanza","29",21691
"22",21,21579.6677771762,36.4332594650173,24.6176447468404,0.738552258500945,0.0405814976998567,49.4950171205029,0.00716773526856502,1.21725928580691,0.0529632105863076,"Mwanza","29",21691
"23",22,21556.921215693,43.7943814777186,29.604913854365,0.88885612916903,0.0490112857908189,59.7328377196263,0.00878384034886477,1.46898835296596,0.0641846962426588,"Mwanza","29",21691
"24",23,21529.6020673498,52.6230241968375,35.5924634293375,1.06948867300871,0.0591446291712339,72.043076902566,0.0107348193144053,1.77167212839124,0.0776882061392353,"Mwanza","29",21691
"25",24,21496.8090745573,63.2029612079574,42.7764201324155,1.28649290412819,0.0713246475188115,86.840638222355,0.0130883283383381,2.13551124230804,0.0939337308034044,"Mwanza","29",21691
"26",25,21457.471279273,75.8689453938863,51.3893576770191,1.54707734174802,0.0859623691471313,104.621452312943,0.0159256322472893,2.57269809681658,0.11347267730345,"Mwanza","29",21691
"27",26,21410.3196427874,91.0140857278047,61.7061889349446,1.85982359400416,0.103549608112589,125.977365062368,0.0193442853264017,3.09778269536648,0.136965377240603,"Mwanza","29",21691
"28",27,21353.8554307037,109.097539257957,74.0505756105504,2.23492412037146,0.124674055941328,151.613394929779,0.0234613216692181,3.72809662332321,0.165201689560683,"Mwanza","29",21691
"29",28,21286.3158583398,130.65200428849,88.8017421414926,2.68444979951687,0.150036847691114,182.36749154953,0.0284170334649072,4.48423837782889,0.199125093317349,"Mwanza","29",21691
"30",29,21205.6378437817,156.290363996396,106.401385532332,3.22264636396837,0.180472842189793,219.232908051507,0.034379431884498,5.39062275412794,0.239860673749365,"Mwanza","29",21691
"31",30,21109.4214186797,186.710383663667,127.360204283151,3.86625604557802,0.216973879354256,263.383213939438,0.0415495090745798,6.4760948588939,0.288747469290066,"Mwanza","29",21691
"32",31,21053.2849280549,173.871043908463,143.827013712371,4.60839444669405,0.260621603890118,315.097831608761,0.0501666649314132,7.74728453938515,0.347280669603053,"Mwanza","29",21691
"33",32,20992.3643871814,169.017405128176,152.458609309957,5.36806958762839,0.311775961175325,371.419253259281,0.0604995723786547,9.13064804252192,0.416284331933761,"Mwanza","29",21691
"34",33,20928.9285472118,167.762167078625,157.471277390792,6.09586234911512,0.369832348879913,430.299502809498,0.0728108112977392,10.5754012961155,0.495607440556618,"Mwanza","29",21691
"35",34,20864.0319900428,168.101822527066,160.788098280815,6.77352336806091,0.433799267911863,490.783433783766,0.0873327296032588,12.0579610044204,0.584659859580177,"Mwanza","29",21691
"36",35,20798.1766250517,169.119975394242,163.285407825376,7.39651188816061,0.502606144584915,552.414613904615,0.10425979131438,13.5671462721457,0.682706936995227,"Mwanza","29",21691
"37",36,20731.6131414871,170.396200237505,165.361535006946,7.96608592654032,0.575231378482279,614.964057580822,0.123748382638162,15.0974231017369,0.788997217562312,"Mwanza","29",21691
"38",37,20664.4783885375,171.73642614679,167.196523575323,8.48574292579648,0.65074986616305,678.30624934975,0.145919598696002,16.6458180975343,0.902814780374327,"Mwanza","29",21691
"39",38,20596.8578798197,173.050100417079,168.870640108382,8.95964361881035,0.72834503037023,742.362527981861,0.170863023804749,18.2105100789725,1.02349779821021,"Mwanza","29",21691
"40",39,20528.8142667605,174.294095239124,170.418587133389,9.39193367762284,0.807305918703992,807.075170646304,0.198640624359954,19.7901862865589,1.1504423608654,"Mwanza","29",21691
"41",40,20460.4003279194,175.446992712599,171.85441338799,9.78647031256598,0.887018458911417,872.395486779285,0.229290429237096,21.3837474052497,1.28310008805243,"Mwanza","29",21691
"42",41,20391.6647371462,176.497544548378,173.182726445868,10.1467335395893,0.966954982698111,938.278473495365,0.262829841902316,22.9901758558632,1.42097337462977,"Mwanza","29",21691
"43",42,20322.6547211766,177.439232450587,174.404004155843,10.475813263478,1.0466638040015,1004.68030657065,0.299258578857346,24.6084745604842,1.56361004481331,"Mwanza","29",21691
"44",43,20253.4171441186,178.267923059969,175.516907944832,10.7764294592129,1.12575986370478,1071.5572743932,0.338561160508396,26.2376414568838,1.71059829967533,"Mwanza","29",21691
"45",44,20183.9989783918,178.980689503489,176.519451083683,11.0509696766996,1.20391515045816,1138.86528685385,0.380709340001946,27.8766583441175,1.86156133359321,"Mwanza","29",21691
"46",45,20114.4474183652,179.575356022586,177.409467060258,11.3015248072273,1.28085113465781,1206.55971861406,0.425663996041594,29.5244878167267,2.01615303792432,"Mwanza","29",21691
"47",46,20044.8098830223,180.050249436327,178.184871704325,11.5299247233646,1.35633183170662,1274.59536244125,0.473376840678106,31.180072871253,2.1740540143431,"Mwanza","29",21691
"48",47,19975.1339624784,180.404118009117,178.843794583607,11.7377548849709,1.43016042774408,1342.92641830208,0.523791314074167,32.8423369841862,2.33496974620841,"Mwanza","29",21691
"49",48,19905.4672804368,180.636078451584,179.384618625631,11.9264028897325,1.50217130177943,1411.50660383911,0.576844455404312,34.5101877655878,2.49862585253283,"Mwanza","29",21691
"50",49,19835.8573951073,180.745563467734,179.806040438506,12.0970853874874,1.57222536347123,1480.28922221609,0.632468019421388,36.1825191672885,2.66476535454509,"Mwanza","29",21691
"51",50,19766.3516549717,180.732377481685,180.107039248573,12.2508632023491,1.64020771210414,1549.22726833504,0.690589048523515,37.8582143775614,2.83314732286871,"Mwanza","29",21691
"52",51,19696.9970789227,180.596678370368,180.286896316567,12.3886648227703,1.70602377174541,1618.2735270062,0.751130789675451,39.53614869502,3.00354459658977,"Mwanza","29",21691
"53",52,19627.8402455322,180.338920940369,180.345253959741,12.5113058323787,1.76959613582078,1687.38066415512,0.814013444385667,41.2151921488162,3.17574192336073,"Mwanza","29",21691
"54",53,19558.9271533676,179.959902873626,180.282067876587,12.6195039564174,1.830862405966,1756.50135484441,0.879154675360975,42.8942129221209,3.3495346734589,"Mwanza","29",21691
"55",54,19490.3030947666,179.46077458175,180.097591826741,12.7138934434767,1.8897730970852,1825.58840218204,0.946470102331849,44.5720805402266,3.52472760134507,"Mwanza","29",21691
"56",55,19422.0125716444,178.84295932006,179.792448869457,12.79503758138,1.94628969135618,1894.59481912245,1.01587377091671,46.2476681181047,3.70113370959585,"Mwanza","29",21691
"57",56,19354.0991590344,178.108195691306,179.367576321011,12.8634402477084,2.00038314488719,1963.47396705231,1.08727850835341,47.9198559675129,3.87857337005933,"Mwanza","29",21691
"58",57,19286.6053784421,177.25856770727,178.824179372934,12.9195562980811,2.05203256890891,2032.17968936738,1.16059624327849,49.5875350580563,4.05687355744121,"Mwanza","29",21691
"59",58,19219.5726484571,176.296391562569,178.163825449287,12.9637985879477,2.10122416608805,2100.66637349938,1.23573827759485,51.2496086696171,4.23586725524888,"Mwanza","29",21691
"60",59,19153.0411510156,175.224280567233,177.388356584188,12.9965466808694,2.14795026802252,2168.88909935562,1.31261552846109,52.9049961793015,4.41539291130472,"Mwanza","29",21691
"61",60,19087.049743066,174.045103023953,176.499911780973,13.0181527280495,2.19220861511839,2236.80374204967,1.39113873620617,54.5526356783815,4.5952940767796,"Mwanza","29",21691
"62",61,19021.6359059481,172.761970012185,175.50089795099,13.0289478208126,2.23400158478578,2304.36705803633,1.47121864675201,56.1914861970528,4.77541894950984,"Mwanza","29",21691
"63",62,18956.8356677064,171.378214846868,174.393984883169,13.0292464115454,2.27333571375384,2371.5367842732,1.55276616509723,57.8205302042132,4.95562016144358,"Mwanza","29",21691
"64",63,18892.6834577781,169.897387918601,173.18210006416,13.0193500797022,2.31022141568606,2438.27179022484,1.63569251892681,59.4387773756235,5.1357547788793,"Mwanza","29",21691
"65",64,18829.2122137832,168.323216863137,171.868387159656,12.9995522165578,2.3446722408714,2504.53204838889,1.71990934767921,61.0452639780223,5.31568371601342,"Mwanza","29",21691
"66",65,18766.4531406604,166.65960889032,170.456219691636,12.97013975686,2.37670500338518,2570.27885713076,1.80532886667453,62.639058312699,5.49527214562016,"Mwanza","29",21691
"67",66,18704.4359491734,164.910606301337,168.949147345793,12.9313965948681,2.40633901842737,2635.47469769398,1.89186387223777,64.21925731822,5.67438874523973,"Mwanza","29",21691
"68",67,18643.1884601026,163.080399139944,167.350918915034,12.8836049561369,2.43359650097042,2700.08359240374,1.97942798158785,65.7849952908384,5.8529065102161,"Mwanza","29",21691
"69",68,18582.7367046124,161.173290813175,165.665449229818,12.8270473767691,2.45850217774586,2764.07107011044,2.0679356796489,67.3354430875728,6.03070244654656,"Mwanza","29",21691
"70",69,18523.1050397551,159.193670333005,163.896781622838,12.7620083187517,2.48108291712494,2827.40411470117,2.15730235199905,68.8698069106659,6.2076572576788,"Mwanza","29",21691
"71",70,18464.3160962338,157.14599930777,162.049077458258,12.6887747166611,2.50136773225365,2890.05124018577,2.24744436544148,70.3873301406031,6.38365548682625,"Mwanza","29",21691
"72",71,18406.3905241206,155.034792089147,160.126618488017,12.6076369319117,2.51938799925854,2951.98276106914,2.33827930197102,71.8872999155976,6.55858613933327,"Mwanza","29",21691
"73",72,18349.3474365325,152.864592065879,158.133754145564,12.518888617654,2.53517682757434,3013.17042604829,2.42972576248594,73.3690382405038,6.73234171392994,"Mwanza","29",21691
"74",73,18293.20405831,150.639965136266,156.074902183627,12.4228275730127,2.5487694193654,3073.58777371988,2.52170365787881,74.8319106345619,6.90481906499065,"Mwanza","29",21691
"75",74,18237.9759100255,148.365471107494,153.954526698248,12.3197553740849,2.56020281159385,3133.20999980803,2.61413417509327,76.2753229011204,7.0759190859679,"Mwanza","29",21691
"76",75,18183.6767578507,146.045648837432,151.777123356734,12.2099773807988,2.56951589435915,3192.01403679022,2.70693988974464,77.6987230586328,7.24554692227531,"Mwanza","29",21691
"77",76,18130.3186611171,143.685004823091,149.547194919519,12.0938024968897,2.57674931854907,3249.97854250801,2.80004481685737,79.1016010581176,7.41361196658373,"Mwanza","29",21691
"78",77,18077.9120048005,141.28799649958,147.269235818299,11.9715427428678,2.58194543437569,3307.08390023113,2.89337447323558,80.4834887743933,7.58002790509744,"Mwanza","29",21691
"79",78,18026.4655372119,138.859015290827,144.947718737409,11.8435127143157,2.58514822761429,3363.31221188026,2.98685593771548,81.8439598288109,7.74471275787461,"Mwanza","29",21691
"80",79,17975.986410068,136.402374477029,142.587078053963,11.7100290198858,2.58640325117696,3418.64728722081,3.08041790912915,83.1826293137857,7.90758891052878,"Mwanza","29",21691
"81",80,17926.4802223904,133.922298152972,140.19169409779,11.5714096568876,2.58575755261607,3473.0746273876,3.1739907617249,84.4991533784188,8.06858313746679,"Mwanza","29",21691
"82",81,17877.9510687181,131.422909424346,137.765880245376,11.4279733110029,2.5832595976121,3526.58140210567,3.26750659786891,85.7932286595055,8.2276266164147,"Mwanza","29",21691
"83",82,17830.4015529031,128.908216596092,135.313868138301,11.280038596941,2.57895922139944,3579.15646519642,3.36089934774397,87.0645926397777,8.38465505206547,"Mwanza","29",21691
"84",83,17783.8330294348,126.38212140675,132.83980871728,11.1279234676734,2.57290737651528,3630.79010503227,3.45410456466048,88.3130175813031,8.53960807024325,"Mwanza","29",21691
"85",84,17738.2453621627,123.848384872328,130.347741907314,10.9719442845864,2.5651563064521,3681.47435060847,3.54705985815911,89.5383179273494,8.69243013970763,"Mwanza","29",21691
"86",85,17693.6370932209,121.310628961503,127.841593850252,10.8124150627532,2.55575934694304,3731.20280476052,3.63970479715383,90.7403462393203,8.84307020612586,"Mwanza","29",21691
"87",86,17650.005613999,118.772343952405,125.325173796181,10.6496467997761,2.54477072487164,3779.97046993017,3.7319807976459,91.9189889548959,8.99148129701729,"Mwanza","29",21691
"88",87,17607.3471751127,116.236879565657,122.802166320715,10.4839468840521,2.53224550975153,3827.77375540803,3.82383119906716,93.0741665497159,9.1376206051101,"Mwanza","29",21691
"89",88,17565.6567946794,113.70741427907,120.276111640406,10.3156176842493,2.51823960646553,3874.6106205313,3.91520157914784,94.2058369773502,9.28145002499046,"Mwanza","29",21691
"90",89,17524.9285933528,111.186996586137,117.750426834098,10.1449570529864,2.50280945990349,3920.48017743779,4.00603927627892,95.3139860458599,9.42293503265796,"Mwanza","29",21691
"91",90,17485.1556308348,108.678512939592,115.228373948316,9.97225681072874,2.4860120945408,3965.38291955562,4.09629381635789,96.398632923888,9.56204546244745,"Mwanza","29",21691
"92",91,17446.3300478434,106.184691953187,112.713069088794,9.79780233251617,2.46790494118204,4009.32056704214,4.18591679881672,97.4598263819344,9.69875513689472,"Mwanza","29",21691
"93",92,17408.4431983777,103.708119753778,110.207494411738,9.62187277734411,2.4485457148395,4052.29590725946,4.27486170514707,98.4976409283941,9.83304141385704,"Mwanza","29",21691
"94",93,17371.4855401635,101.25121198323,107.714462706353,9.44473918311634,2.42799235182457,4094.3129692864,4.36308432552972,99.5121809969987,9.96488586057414,"Mwanza","29",21691
"95",94,17335.4467645246,98.8162258219325,105.236628883915,9.26666449293291,2.40630286395184,4135.37687080894,4.45054260372381,100.503577233541,10.0942738399304,"Mwanza","29",21691
"96",95,17300.3159248118,96.4052734184858,102.776503449101,9.08790367273801,2.38353520194238,4175.49366297814,4.53719646776179,101.47198273549,10.2211940813965,"Mwanza","29",21691
"97",96,17266.0814411446,94.0203159713851,100.336443450412,8.90870301968166,2.35974716749297,4214.67034130546,4.62300794100726,102.417573299568,10.345638784943,"Mwanza","29",21691
"98",97,17232.7311513909,91.6631643731874,97.9186536892134,8.72929981271752,2.33499630242258,4252.91479328479,4.70794114678592,103.340546142704,10.4676035181857,"Mwanza","29",21691
"99",98,17200.2523704885,89.335484080463,95.5251886255676,8.54992205844806,2.3093397810564,4290.23573268154,4.7919622844769,104.241118301905,10.5870870674699,"Mwanza","29",21691
"100",99,17168.6319417117,87.0387992438854,93.1579538601282,8.37078829702403,2.28283430641601,4326.64264296696,4.87503961384643,105.119525257265,10.7040913069979,"Mwanza","29",21691
"101",100,17137.856287119,84.7744956667036,90.8187097430091,8.19210741593918,2.25553601066176,4362.1457206085,4.95714343620472,105.976019551711,10.8186210667215,"Mwanza","29",21691
"102",101,17107.9114640814,82.5438283961191,88.5090782080896,8.01407878916126,2.22750038100813,4396.75580412585,5.03824601836401,106.810869073252,10.9306839269005,"Mwanza","29",21691
"103",102,17078.7831692639,80.3479095494838,86.2305267955005,7.83689086499063,2.19878206042042,4430.4843996298,5.11832183593709,107.624357640132,11.0402904390791,"Mwanza","29",21691
"104",103,17050.456860955,78.1877438590028,83.9844067848923,7.66072352929874,2.16943495039781,4463.34348286281,5.19734705855778,108.416780255669,11.1474533396268,"Mwanza","29",21691
"105",104,17022.9177351124,76.06420706066,81.7719293730063,7.4857461052193,2.13951197648843,4495.34557045092,5.27529992132888,109.188444788081,11.2521879569013,"Mwanza","29",21691
"106",105,16996.1507908318,73.9780602711908,79.5941792016334,7.31211805031063,2.10906505470023,4526.50362603557,5.35216055483421,109.939669709986,11.3545118840182,"Mwanza","29",21691
"107",106,16970.1408768083,71.9299647891199,77.4521298092053,7.13998996635844,2.07814513822612,4556.83098271434,5.42791077446671,110.670782241246,11.4544446616563,"Mwanza","29",21691
"108",107,16944.8726985945,69.92046537781,75.3466246164866,6.969501738173,2.04680193119025,4586.34137333237,5.50253440949461,111.38211903827,11.5520080602412,"Mwanza","29",21691
"109",108,16920.3308678849,67.9500041983015,73.2783914297299,6.8007834302007,2.01508390672337,4615.04885203552,5.57601711466299,112.07402431248,11.647225772576,"Mwanza","29",21691
"110",109,16896.4999481954,66.0189345916744,71.2480574441055,6.63395624557173,1.98303833983093,4642.96771900917,5.64834617428026,112.746848027584,11.7401231082842,"Mwanza","29",21691
"111",110,16873.3644735807,64.127520049765,69.2561472089317,6.46913216242909,1.95071120365902,4670.11250523319,5.71951056129087,113.400945520626,11.8307269921194,"Mwanza","29",21691
"112",111,16850.9089763405,62.2759392642497,67.3030862215597,6.30641409651917,1.91814711969891,4696.49793605815,5.78950089932767,114.036676622011,11.9190658486178,"Mwanza","29",21691
"113",112,16829.1180154325,60.4642912012454,65.3892075329738,6.14589617632507,1.88538932518731,4722.13889093002,5.85830940179539,114.654404684884,12.0051694642699,"Mwanza","29",21691
"114",113,16807.9762011292,58.6925998139953,63.5147569360499,5.98766398561961,1.85247964169653,4747.05036867254,5.92592982093601,115.254495748524,12.0890688681254,"Mwanza","29",21691
"115",114,16787.4682177114,56.9608194817056,61.6798972372396,5.83179483253429,1.819458447921,4771.24745489311,5.99235739610577,115.837317753882,12.1707962152317,"Mwanza","29",21691
"116",115,16767.5788448456,55.2688394988546,59.8847133622118,5.67835801736836,1.78636465795562,4794.74529081686,6.05758880117306,116.403239793765,12.2503846740465,"Mwanza","29",21691
"117",116,16748.2929773845,53.6164882647806,58.1292175642104,5.52741510836625,1.75323570467885,4817.55904388225,6.12162209120155,116.952631405974,12.3278683177199,"Mwanza","29",21691
"118",117,16729.5956432216,52.0035380767243,56.4133537311106,5.37902023804889,1.72010752773917,4839.70388055616,6.18445664863157,117.485861920761,12.4032820191135,"Mwanza","29",21691
"119",118,16711.4720197495,50.4297094992903,54.7370018798448,5.23322040156454,1.68701456629368,4861.19494077443,6.24609312911125,118.003299847799,12.4766613499662,"Mwanza","29",21691
"120",119,16693.9074490559,48.8946751599109,53.0999829837357,5.09005575285507,1.65398975634034,4882.04731388409,6.30653340714049,118.505312299554,12.5480424843308,"Mwanza","29",21691
"121",120,16676.8874514464,47.398063817942,51.5020631586752,4.94955990975889,1.62106453210065,4902.27601661321,6.36578052196196,118.992264464073,12.6174621064873,"Mwanza","29",21691
"122",121,16660.3977379319,45.9394644572133,49.9429577411957,4.81176027065056,1.58826883158314,4921.89597214546,6.42383862202818,119.46451910485,12.6849573205779,"Mwanza","29",21691
"123",122,16644.4242204675,44.5184294490485,48.4223352165508,4.67667829322168,1.55563110518575,4940.92199255318,6.48071291529646,119.922436141307,12.7505655733472,"Mwanza","29",21691
"124",123,16628.9530233761,43.134478475902,46.9398217462775,4.54432984070489,1.52317832966017,4959.36875862325,6.53640960815323,120.366372167639,12.8143245626034,"Mwanza","29",21691
"125",124,16613.9704907447,41.7871017415424,45.4950042273798,4.4147254592993,1.49093602355911,4977.25080594605,6.59093585751328,120.796680121971,12.8762721699206,"Mwanza","29",21691
"126",125,16599.4631940561,40.4757629726327,44.0874339756823,4.28787067274769,1.45892826622067,4994.58251033784,6.64429971876504,121.213708939781,12.9364463897025,"Mwanza","29",21691
"127",126,16585.4179392893,39.1999023608533,42.7166304856582,4.16376628427722,1.42717772000248,5011.37807376777,6.69651009215938,121.617803219758,12.9948852588075,"Mwanza","29",21691
"128",127,16571.8217721541,37.958939611801,41.3820842257383,4.04240866189269,1.39570565415652,5027.65151301879,6.74757667353748,122.009302955583,13.0516267953094,"Mwanza","29",21691
"129",128,16558.6619831283,36.7522766718194,40.0832599812195,3.92379003420678,1.36453197303798,5043.41664830959,6.79750990183232,122.388543267057,13.1067089360195,"Mwanza","29",21691
"130",129,16545.9261111523,35.5792998462866,38.8195998719217,3.80789874625875,1.33367524384295,5058.68709422648,6.84632091293439,122.755854186312,13.1601694845306,"Mwanza","29",21691
"131",130,16533.6019467023,34.4393825498422,37.5905258208977,3.69471953831765,1.30315272765637,5073.47625117,6.89402149100399,123.11156045707,13.2120460581605,"Mwanza","29",21691
"132",131,16521.6775346517,33.331887338393,36.3954424036124,3.58423380174955,1.27298041070318,5087.79729737187,6.94062402198733,123.455981347205,13.2623760389063,"Mwanza","29",21691
"133",132,16510.1411791987,32.2561679265989,35.2337391032948,3.47641979681507,1.24317302329479,5101.66317949686,6.98614145443312,123.789430426007,13.3111965247041,"Mwanza","29",21691
"134",133,16498.9814343043,31.2115714450663,34.1047931279733,3.37125301327212,1.21374412466371,5115.08661675053,7.03058723424488,124.112215672829,13.3585443015534,"Mwanza","29",21691
"135",134,16488.1871117427,30.1974400664411,33.0079710532852,3.26870630880242,1.18470610187391,5128.08008944804,7.07397527889433,124.424639203053,13.4044557978829,"Mwanza","29",21691
"136",135,16477.74727485,29.2131126465167,31.9426312153435,3.16875019411669,1.15607023452729,5140.65584093432,7.11631992514109,124.726997321773,13.4489670589473,"Mwanza","29",21691
"137",136,16467.6512600144,28.2579260292572,30.9081248047828,3.0713528399032,1.12784663497395,5152.82585375048,7.15763592615863,125.019579945467,13.4921136820721,"Mwanza","29",21691
"138",137,16457.8886514857,27.3312169200351,29.9037985526383,2.97648053460967,1.10004439752412,5164.60186974165,7.19793836782509,125.302671101449,13.5339308212649,"Mwanza","29",21691
"139",138,16448.4492843576,26.432322720544,28.92899656366,2.88409782520717,1.07267161518127,5175.9953842765,7.23724264125979,125.576548791078,13.5744531565073,"Mwanza","29",21691
"140",139,16439.323247635,25.5605833853471,27.9830608850504,2.79416765255175,1.04573539592931,5187.01764062993,7.27556441620887,125.841484856801,13.6137148640677,"Mwanza","29",21691
"141",140,16430.5008870763,24.715342436492,27.0653333012518,2.70665152420318,1.01924188605146,5197.67962416799,7.31291960771347,126.097744845311,13.6517495822421,"Mwanza","29",21691
"142",141,16421.9727857142,23.8959472351754,26.1751570762053,2.62150976331731,0.993196372342879,5207.99207951071,7.34932432807948,126.345588430381,13.6885904305983,"Mwanza","29",21691
"143",142,16413.7297711666,23.1017505175601,25.3118776911622,2.53870161434026,0.967603281931648,5217.96550086311,7.38479486534982,126.585269180822,13.7242699726092,"Mwanza","29",21691
"144",143,16405.7629160179,22.3321114863845,24.4748436999188,2.4581853779007,0.94246620777293,5227.61012955381,7.41934765629671,126.817034504124,13.7588201944931,"Mwanza","29",21691
"145",144,16398.0635312897,21.5863960669836,23.663408251914,2.37991857299014,0.917787960650444,5236.93595860452,7.45299925329673,127.041125761459,13.7922724999947,"Mwanza","29",21691
"146",145,16390.6231629563,20.8639776077277,22.8769299851705,2.30385807002737,0.893570607038231,5245.95273447696,7.4857662968213,127.257778313449,13.824657700726,"Mwanza","29",21691
"147",146,16383.4335881797,20.1642377428592,22.114773577235,2.2299602207984,0.869815506331109,5254.66995928391,7.51766548920855,127.4672215771,13.8560060080899,"Mwanza","29",21691
"148",147,16376.4868115285,19.486566895948,21.3763105354157,2.15818097619511,0.846523347526063,5263.09689314665,7.54871356974368,127.669679086013,13.8863470269145,"Mwanza","29",21691
"149",148,16369.7750472667,18.8303641053785,20.660919482783,2.08847600957289,0.823694223578511,5271.24257162103,7.57892729100327,127.865368916461,13.9157097889463,"Mwanza","29",21691
"150",149,16363.2907601929,18.1950393417117,19.9679882144842,2.0208007604439,0.801327538826667,5279.11576055208,7.60832339954317,128.054502592819,13.9441226269143,"Mwanza","29",21691
"151",150,16357.0266116099,17.580011712144,19.2969127120514,1.95511061379753,0.779422189439406,5286.72501255461,7.63691860804259,128.237286462931,13.9716133068588,"Mwanza","29",21691
"152",151,16350.9754739776,16.9847104941832,18.6470982809086,1.89136094990187,0.757976539862567,5294.07865017789,7.66472957966224,128.413921290808,13.9982089775575,"Mwanza","29",21691
"153",152,16345.1304279987,16.40857594157,18.0179594885126,1.82950722449094,0.736988451352594,5301.18476798568,7.69177290975581,128.584602309164,14.0239361674676,"Mwanza","29",21691
"154",153,16339.4847623175,15.8510593426534,17.4089211824055,1.76950505768581,0.716455306893917,5308.05123168831,7.71806510454793,128.749519200653,14.0488207728104,"Mwanza","29",21691
"155",154,16334.0319554431,15.31162228319,16.8194182639577,1.71131028449999,0.696374072785623,5314.68569708067,7.74362257177034,128.90885655882,14.072888102983,"Mwanza","29",21691
"156",155,16328.7656795856,14.789737586228,16.2488960066959,1.65487902954427,0.676741308862715,5321.09560488098,7.76846160206031,129.062793764759,14.0961628586468,"Mwanza","29",21691
"157",156,16323.679799094,14.2848895866843,15.696810381605,1.60016776816548,0.657553190823543,5327.2881816251,7.79259835361188,129.211505010415,14.1186691275409,"Mwanza","29",21691
"158",157,16318.7683518938,13.7965731105801,15.1626276849755,1.54713335051139,0.638805566142522,5333.2704595448,7.81604884920815,129.355159781677,14.1404304352686,"Mwanza","29",21691
"159",158,16314.0255822529,13.3242958217931,14.6458268179359,1.49573312983593,0.620493910447109,5339.04923913178,7.83882893527886,129.493921953155,14.1614696309493,"Mwanza","29",21691
"160",159,16309.4458948348,12.8675757917339,14.1458968608535,1.4459249290063,0.602613435015492,5344.631139848,7.86095430058737,129.627951018063,14.1818090269964,"Mwanza","29",21691
"161",160,16305.0238661637,12.4259423629037,13.6623381624001,1.39766710506855,0.585159079179887,5350.02258667111,7.88244045568777,129.757401763386,14.2014703560345,"Mwanza","29",21691
"162",161,16300.7542415349,11.9989363859469,13.1946622428104,1.35091858520534,0.568125531747177,5355.22981299666,7.90330272279477,129.88242434128,14.2204747748214,"Mwanza","29",21691
"163",162,16296.6319316091,11.5861100923786,12.7423920224492,1.30563890768594,0.551507253926814,5360.25886388941,7.92355622501161,130.003164349066,14.2388428685672,"Mwanza","29",21691
"164",163,16292.6520030635,11.1870265904322,12.3050615509656,1.26178822867833,0.535298508694749,5365.11560617313,7.94321588459313,130.119763074335,14.2565946772986,"Mwanza","29",21691
"165",164,16288.8096769111,10.8012601022659,11.8822159633679,1.21932735511332,0.519493376943123,5369.80572987741,7.96229641379701,130.232357530929,14.2737496962043,"Mwanza","29",21691
"166",165,16285.100321781,10.4283955896547,11.473411305485,1.17821775294446,0.504085780096803,5374.33475547829,7.9808123125332,130.341080634928,14.2903268941915,"Mwanza","29",21691
"167",166,16281.519460456,10.0680293874151,11.0782152744474,1.13842161258351,0.489069487776081,5378.70802593432,7.99877784746955,130.446061013113,14.3063446854549,"Mwanza","29",21691
"168",167,16278.0627570559,9.71976848860057,10.6962064181027,1.09990182827782,0.474438146587261,5382.93072100368,8.01620705890836,130.547423349929,14.321820970146,"Mwanza","29",21691
"169",168,16274.7260113846,9.38323017361423,10.3269740043275,1.06262200202183,0.460185298671807,5387.0078633774,8.03311375934031,130.645288536479,14.3367731504246,"Mwanza","29",21691
"170",169,16271.5051585939,9.05804222080045,9.97011805787722,1.02654646687542,0.446304393538642,5390.9443187418,8.04951152523978,130.739773672681,14.3512181281176,"Mwanza","29",21691
"171",170,16268.3962677567,8.74384295024189,9.62524941093916,0.991640312014983,0.432788802964163,5394.74479707823,8.06541368889939,130.830992099509,14.3651723055144,"Mwanza","29",21691
"172",171,16265.3955317303,8.44028043995639,9.291989143683,0.957869349873298,0.419631839031976,5398.41386414925,8.08083334789296,130.91905367693,14.3786516197526,"Mwanza","29",21691
"173",172,16262.4992655007,8.14701255449393,8.96996855644293,0.925200130899009,0.406826766372856,5401.9559431315,8.09578335960974,131.004064823953,14.3916715456168,"Mwanza","29",21691
"174",173,16259.703905714,7.86370708602295,8.65882918432827,0.893599964040197,0.394366813230573,5405.37531490436,8.11027633402172,131.086128526209,14.4042470941101,"Mwanza","29",21691
"175",174,16257.006000065,7.59004091710769,8.35822209852399,0.863036871888816,0.382245185580584,5408.67613021469,8.12432464721856,131.165344630029,14.4163928499537,"Mwanza","29",21691
"176",175,16254.4022204437,7.32570117733969,8.06780918262809,0.833479695477365,0.370455075297605,5411.86239401979,8.13794040581048,131.241809465277,14.4281229182626,"Mwanza","29",21691
"177",176,16251.8893440729,7.07038380732823,7.78726158449905,0.80489799543801,0.358989675341137,5414.93798738613,8.15113547834178,131.315616374228,14.4394509939964,"Mwanza","29",21691
"178",177,16249.4642521919,6.82379350028649,7.51625973421883,0.77726205916998,0.347842188481583,5417.90666883408,8.16392149188468,131.386855744432,14.4503903648009,"Mwanza","29",21691
"179",178,16247.1239298595,6.58564382488067,7.25449334338236,0.750542913416478,0.337005835576655,5420.77207439673,8.17630982655759,131.455615010499,14.4609539098155,"Mwanza","29",21691
"180",179,16244.8654622294,6.35565694664375,7.00166119573315,0.724712315796243,0.326473864754409,5423.53772183045,8.18831161728401,131.521978756105,14.4711541118944,"Mwanza","29",21691
"181",180,16242.6860313471,6.13356336691342,6.75747099582979,0.699742745558105,0.316239559509912,5426.20701422984,8.19993775530321,131.586028801504,14.4810030683133,"Mwanza","29",21691
"182",181,16240.5829131441,5.91910177570141,6.5216391202413,0.675607396236316,0.306296246160457,5428.783243428,8.21119888959938,131.647844285889,14.4905125006926,"Mwanza","29",21691
"183",182,16238.5534745213,5.7120188659824,6.29389040980788,0.652280167120405,0.296637300762771,5431.26959330646,8.22210542857602,131.707501747522,14.499693764808,"Mwanza","29",21691
"184",183,16236.5951705165,5.5120690921518,6.0739580207078,0.629735652910726,0.287256155495542,5433.66914302027,8.23266754202107,131.76507520176,14.5085578603666,"Mwanza","29",21691
"185",184,16234.7055433582,5.31901465446749,5.86158338557672,0.607949148952859,0.278146306084123,5435.9848679887,8.24289515802456,131.820636165271,14.5171154331078,"Mwanza","29",21691
"186",185,16232.8822157343,5.1326249636909,5.65651561106157,0.586896608214609,0.269301313982503,5438.21964779208,8.25279797667321,131.874253846555,14.5253768006414,"Mwanza","29",21691
"187",186,16231.1228895134,4.95267655404487,5.45851142915091,0.56655464037645,0.260714812085306,5440.37626758198,8.26238546899441,131.925995180169,14.5333519563354,"Mwanza","29",21691
"188",187,16229.4253452595,4.77895308134656,5.26733519572419,0.546900516823772,0.252380510661057,5442.45741856204,8.27166687395956,131.975924838562,14.5410505700727,"Mwanza","29",21691
"189",188,16227.7874351528,4.61124471410926,5.08275825523079,0.527912120301412,0.244292196766468,5444.46570634589,8.28065121495347,132.024105433575,14.5484820161151,"Mwanza","29",21691
"190",189,16226.2070912767,4.44934892621842,4.9045597950675,0.509568024132681,0.236443749371835,5446.40364095797,8.28934727054137,132.070597275952,14.5556553377312,"Mwanza","29",21691
"191",190,16224.6823132677,4.29306939737338,4.73252568279578,0.491847395513281,0.228829132657824,5448.27365151679,8.29776360720058,132.115458729089,14.5625792970339,"Mwanza","29",21691
"192",191,16223.2111673351,4.14221594035289,4.56644842123653,0.474729993435448,0.221442399787802,5450.07808733114,8.30590857897145,132.158746235611,14.5692623781507,"Mwanza","29",21691
"193",192,16221.7917860102,3.99660454370275,4.40612711568424,0.458196172306968,0.214277697236254,5451.81921813578,8.31379032509399,132.200514323211,14.5757127874687,"Mwanza","29",21691
"194",193,16220.4223656176,3.85605714434049,4.2513672745853,0.442226866436172,0.207329266827132,5453.49923705586,8.32141677440389,132.240815676192,14.5819384632675,"Mwanza","29",21691
"195",194,16219.1011641014,3.72040142263673,4.10198065025552,0.426803575823633,0.200591447512082,5455.12026315326,8.32879564914805,132.279701196909,14.5879470840879,"Mwanza","29",21691
"196",195,16217.8264989968,3.58947066365371,3.95778503463476,0.411908353732911,0.194058676968717,5456.68434380568,8.33593446853292,132.317220063183,14.5937460764598,"Mwanza","29",21691
"197",196,16216.5967454687,3.46310359859892,3.81860408285361,0.397523793951831,0.18772549294734,5458.1934570106,8.34284055232112,132.353419783892,14.5993426224621,"Mwanza","29",21691
"198",197,16215.4103344231,3.34114422175329,3.6842671708842,0.383633017582208,0.181586534372961,5459.64951360785,8.34952102447251,132.388346252569,14.6047436671141,"Mwanza","29",21691
"199",198,16214.2657506601,3.22344164372205,3.55460922016944,0.370219660435091,0.175636542197949,5461.05435945656,8.35598281682103,132.422043799913,14.6099559255794,"Mwanza","29",21691
"200",199,16213.1615310818,3.10984995125392,3.42947052211894,0.35726786055219,0.169870360030971,5462.40977755148,8.3622326727784,132.454555244821,14.6149858901933,"Mwanza","29",21691
"201",200,16212.0962629672,3.00022804351706,3.30869659575049,0.344762245363472,0.164282934567458,5463.71749006253,8.36827715105656,132.485921943554,14.619839837323,"Mwanza","29",21691
"202",201,16211.0685822949,2.89443948442054,3.19213803486915,0.332687919168203,0.15886931582173,5464.97916032144,8.37412262940212,132.516183837627,14.6245238340509,"Mwanza","29",21691
"203",202,16210.0771721106,2.79235237215645,3.07965034350909,0.3210304509761,0.153624657173721,5466.19639475722,8.37977530833613,132.545379500461,14.6290437446814,"Mwanza","29",21691
"204",203,16209.1207609545,2.69383919494867,2.97109379384607,0.309775862200227,0.14854421525386,5467.37074476442,8.38524121489229,132.573546182399,14.6334052370834,"Mwanza","29",21691
"205",204,16208.1981213369,2.5987766892819,2.86633328862356,0.298910614489868,0.143623349672628,5468.50370851465,8.39052620634813,132.600719854353,14.6376137888651,"Mwanza","29",21691
"206",205,16207.3080682575,2.50704571533188,2.7652382118287,0.288421597964064,0.138857522601261,5469.59673272089,8.39563597394385,132.626935250311,14.6416746933786,"Mwanza","29",21691
"207",206,16206.4494577721,2.41853112889867,2.66768229040414,0.27829611950723,0.134242298221845,5470.65121434431,8.40057604658354,132.652225908448,14.6455930655636,"Mwanza","29",21691
"208",207,16205.6211856105,2.33312164996496,2.57354346681117,0.268521891138575,0.129773342057276,5471.66850224502,8.40535179451416,132.676624210884,14.6493738476329,"Mwanza","29",21691
"209",208,16204.8221858647,2.25070974644013,2.48270376824943,0.259087019001221,0.125446420206812,5472.64989874856,8.40996843288944,132.700161421404,14.6530218144636,"Mwanza","29",21691
"210",209,16204.0514296061,2.17119151145304,2.39504916733086,0.249979991598647,0.121257398409518,5473.59666129947,8.4144310256157,132.722867725279,14.6565415793047,"Mwanza","29",21691
"211",210,16203.3079236734,2.09446654687809,2.31046946747114,0.241189669135118,0.117202241081094,5474.51000391321,8.41874448883081,132.744772264215,14.6599375988229,"Mwanza","29",21691
"212",211,16202.590709495,2.02043785485196,2.22885818573046,0.232705273136573,0.113277010269822,5475.39109858668,8.42291359434799,132.765903170309,14.6632141780078,"Mwanza","29",21691
"213",212,16201.8988618768,1.94901173069749,2.15011242636073,0.224516375785032,0.109477864499108,5476.24107675264,8.42694297325134,132.786287601061,14.6663754752254,"Mwanza","29",21691
"214",213,16201.2314878634,1.88009765154702,2.07413277187296,0.216612889527247,0.105801057550012,5477.06103064678,8.43083711937332,132.805951772267,14.6694255070076,"Mwanza","29",21691
"215",214,16200.587725643,1.81360817350944,2.00082317279949,0.208985057056891,0.102242937181074,5477.8520146238,8.43460039270579,132.824920989696,14.6723681526644,"Mwanza","29",21691
"216",215,16199.9667434748,1.74945883479211,1.93009083513703,0.201623441512383,0.0987999438038226,5478.61504644718,8.43823702278248,132.843219680124,14.6752071588026,"Mwanza","29",21691
"217",216,16199.36773866,1.68756805748478,1.8618461166139,0.194518916852607,0.0954686090986222,5479.35110852795,8.44175111200542,132.860871421134,14.6779461436873,"Mwanza","29",21691
"218",217,16198.7899365487,1.62785705244854,1.79600242608542,0.18766265847023,0.0922455545832814,5480.06114912079,8.44514663891779,132.877898969894,14.6805886014644,"Mwanza","29",21691
"219",218,16198.2325895774,1.57024972766512,1.73247612471347,0.181046134029048,0.0891274901479649,5480.74608348468,8.44842746142693,132.894324291074,14.6831379062633,"Mwanza","29",21691
"220",219,16197.6949763354,1.51467260001602,1.67118642890362,0.174661094526739,0.0861112125606081,5481.40679500861,8.45159731997628,132.910168583924,14.6855973161809,"Mwanza","29",21691
"221",220,16197.1764006637,1.46105470941255,1.61205531646818,0.168499565574643,0.083193603943978,5482.04413630021,8.45465984066235,132.925452308454,14.6879699771435,"Mwanza","29",21691
"222",221,16196.6761907842,1.40932753501105,1.55500743633762,0.162553838893382,0.0803716302276922,5482.6589302371,8.45761853829485,132.940195210717,14.6902589266451,"Mwanza","29",21691
"223",222,16196.1936984587,1.35942491400492,1.49997002100693,0.156816464028435,0.0776423395809558,5483.25197098331,8.46047681940002,132.954416347253,14.6924670973675,"Mwanza","29",21691
"224",223,16195.7282981763,1.31128296322814,1.44687280118705,0.151280240285065,0.075002860831374,5483.82402497301,8.46323798516735,132.968134108738,14.6945973206901,"Mwanza","29",21691
"225",224,16195.2793863666,1.26484000326641,1.39564792287974,0.145938208876271,0.0724504018734526,5484.37583186222,8.4659052343394,132.981366242865,14.6966523300897,"Mwanza","29",21691
"226",225,16194.8463806397,1.22003648475886,1.34622986717299,0.140783645278446,0.06998224806955,5484.90810544896,8.4684816660438,132.99412987647,14.6986347644339,"Mwanza","29",21691
"227",226,16194.428719053,1.17681491689498,1.29855537265037,0.135810051793565,0.0675957606462894,5485.42153456249,8.47097028256705,133.006441536901,14.7005471711691,"Mwanza","29",21691
"228",227,16194.0258594012,1.13511979822176,1.25256336013231,0.131011150317121,0.0652883750897198,5485.916783923,8.47337399207025,133.018317172688,14.7023920094065,"Mwanza","29",21691
"229",228,16193.6372785318,1.09489754971862,1.20819485964554,0.126380875308244,0.0630575995422634,5486.39449497277,8.47569561124684,133.029772173514,14.7041716529104,"Mwanza","29",21691
"230",229,16193.2624716826,1.05609644998176,1.16539293967451,0.121913366956947,0.0609010132039857,5486.85528667967,8.47793786792249,133.040821389533,14.7058883929905,"Mwanza","29",21691
"231",230,16192.9009518424,1.01866657241783,1.1241026386964,0.117602964544542,0.0588162647404133,5487.29975631363,8.48010340359726,133.051479150021,14.7075444413011,"Mwanza","29",21691
"232",231,16192.552249133,0.982559724435878,1.08427089889429,0.113444199994456,0.0568010706990332,5487.72848019706,8.48219477593022,133.061759281418,14.7091419325494,"Mwanza","29",21691
"233",232,16192.2159102128,0.947729388621775,1.04584650194053,0.109431791610308,0.0548532139365263,5488.14201442998,8.48421446116702,133.071675124743,14.7106829271166,"Mwanza","29",21691
"234",233,16191.8914977,0.914130665825661,1.00878000680478,0.10556063799709,0.0529705420586099,5488.5408955908,8.48616485651072,133.081239552438,14.7121694135929,"Mwanza","29",21691
"235",234,16191.5785896165,0.881720220079521,0.97302368956262,0.101825812161147,0.0511509658741478,5488.9256414134,8.4880482824365,133.090464984632,14.71360331123,"Mwanza","29",21691
"236",235,16191.2767788497,0.850456225291377,0.938531485152847,0.0982225557851091,0.0493924578650066,5489.29675144124,8.4898669849507,133.099363404858,14.7149864723134,"Mwanza","29",21691
"237",236,16190.9856726338,0.820298313681292,0.905258931011144,0.0947462736741767,0.0476930506730185,5489.65470765942,8.49162313779476,133.107946375231,14.7163206844565,"Mwanza","29",21691
"238",237,16190.7048920479,0.791207525911777,0.87316311251887,0.0913925283698991,0.0460508356052929,5489.99997510514,8.49331884459478,133.11622505112,14.7176076728193,"Mwanza","29",21691
"239",238,16190.4340715324,0.763146262857068,0.842202610222318,0.0881570349273849,0.0444639611589943,5490.3330024575,8.49495614095737,133.124210195311,14.7188491022531,"Mwanza","29",21691
"240",239,16190.1728584212,0.736078238955786,0.812337448777943,0.0850356558519153,0.0429306315665688,5490.65422260716,8.49653699651241,133.131912191686,14.7200465793749,"Mwanza","29",21691
"241",240,16189.9209124903,0.709968437101741,0.78352904757064,0.0820243961911108,0.0414491053622853,5490.96405320654,8.4980633169037,133.139341058446,14.7212016545726,"Mwanza","29",21691
"242",241,16189.6779055223,0.684783065030526,0.755740172950765,0.0791193987788478,0.0400176939708586,5491.26289720131,8.49953694572797,133.146506460868,14.7223158239426,"Mwanza","29",21691
"243",242,16189.4435208849,0.660489513156337,0.728934892041434,0.0763169396270623,0.0386347603188268,5491.55114334355,8.50095966642336,133.15341772363,14.7233905311643,"Mwanza","29",21691
"244",243,16189.2174531256,0.637056313812025,0.703078528071633,0.0736134234615722,0.0372987174692616,5491.82916668745,8.50233320410805,133.160083842719,14.72442716931,"Mwanza","29",21691
"245",244,16188.999407579,0.614453101848258,0.678137617189922,0.0710053793981231,0.0360080272803045,5492.09732906796,8.5036592273699,133.16651349692,14.7254270825953,"Mwanza","29",21691
"246",245,16188.789099988,0.592650576550763,0.654079866712306,0.0684894567549468,0.0347611990879375,5492.35597956295,8.504939350008,133.172715058915,14.7263915680704,"Mwanza","29",21691
"247",246,16188.5862561388,0.571620464835363,0.630874114759285,0.0660624209981611,0.0335567884133248,5492.60545493951,8.50617513272703,133.178696606,14.7273218772542,"Mwanza","29",21691
"248",247,16188.3906115079,0.551335485680243,0.60849029123965,0.0637211498163682,0.0323933956949945,5492.84608008491,8.50736808478524,133.184465930432,14.7282192177129,"Mwanza","29",21691
"249",248,16188.2019109215,0.531769315755751,0.586899380139906,0.061462629320863,0.0312696650460626,5493.07816842263,8.50851966559709,133.190030549415,14.7290847545862,"Mwanza","29",21691
"250",249,16188.019908227,0.512896556213801,0.566073383078524,0.0592839503679322,0.030184283036642,5493.30202231408,8.50963128629131,133.195397714748,14.7299196120609,"Mwanza","29",21691
"251",250,16187.8443659752,0.494692700600332,0.545985284084872,0.0571823049997959,0.029135977501525,5493.51793344642,8.51070431122542,133.200574422132,14.7307248747947,"Mwanza","29",21691
"252",251,16187.6750551148,0.477134103854977,0.526609015564053,0.0551549830007991,0.0281235163731735,5493.72618320696,8.51174005945752,133.20556742016,14.7315015892919,"Mwanza","29",21691
"253",252,16187.5117546964,0.460197952362804,0.507919425410277,0.0531993685655212,0.0271457065400079,5493.92704304459,8.51273980617634,133.210383218994,14.7322507652315,"Mwanza","29",21691
"254",253,16187.3542515871,0.443862235024055,0.489892245232303,0.0513129370755381,0.0262013927299393,5494.12077481875,8.51370478409043,133.215028098739,14.7329733767509,"Mwanza","29",21691
"255",254,16187.2023401957,0.428105715308956,0.472504059655274,0.0494932519816451,0.0252894564190508,5494.30763113618,8.51463618477744,133.219508117528,14.7336703636851,"Mwanza","29",21691
"256",255,16187.0558222065,0.412907904265748,0.455732276664257,0.0477379617884154,0.0244088147652971,5494.48785567606,8.51553515999431,133.223829119326,14.734342632764,"Mwanza","29",21691
"257",256,16186.9145063231,0.398249034450958,0.439555098955927,0.0460447971380366,0.0235584195670565,5494.66168350386,8.51640282294937,133.227996741462,14.7349910587679,"Mwanza","29",21691
"258",257,16186.778208021,0.384110034751079,0.423951496265764,0.0444115679904368,0.0227372562463421,5494.82934137419,8.51724024953723,133.232016421899,14.7356164856442,"Mwanza","29",21691
"259",258,16186.6467493088,0.37047250606698,0.408901178639055,0.0428361608967818,0.021944342856448,5494.99104802324,8.51804847953725,133.235893406252,14.7362197275853,"Mwanza","29",21691
"260",259,16186.5199584975,0.357318697832504,0.394384570614882,0.041316536363494,0.0211787291137822,5495.14701445087,8.51882851777661,133.239632754558,14.7368015700695,"Mwanza","29",21691
"261",260,16186.3976699783,0.344631485339656,0.380382786293226,0.0398507263040143,0.0204394954536169,5495.29744419306,8.51958133525876,133.243239347815,14.7373627708661,"Mwanza","29",21691
"262",261,16186.2797240083,0.332394347843587,0.366877605256206,0.0384368315755968,0.0197257521094633,5495.44253358467,8.52030787025813,133.246717894287,14.7379040610056,"Mwanza","29",21691
"263",262,16186.1659665029,0.320591347421503,0.353851449315304,0.037073019598493,0.019036638215763,5495.58247201316,8.52100902938195,133.250072935594,14.738426145717,"Mwanza","29",21691
"264",263,16186.0562488364,0.309207108560406,0.341287360057267,0.0357575220549529,0.0183713209335695,5495.7174421634,8.52168568860008,133.253308852584,14.738929705332,"Mwanza","29",21691
"265",264,16185.950427649,0.298226798449352,0.329168977162242,0.0344886326655345,0.0177289945988797,5495.84762025389,8.52233869424349,133.256429871003,14.7394153961585,"Mwanza","29",21691
"266",265,16185.8483646609,0.287636107952609,0.317480517468484,0.0332647050402833,0.0171088798932647,5495.97317626482,8.52296886397247,133.25944006697,14.7398838513235,"Mwanza","29",21691
"267",266,16185.7499264926,0.277421233240872,0.306206754758793,0.0320841506024064,0.0165102230364333,5496.09427415804,8.52357698771513,133.262343372251,14.740335681587,"Mwanza","29",21691
"268",267,16185.6549844922,0.267568858058404,0.295333000244549,0.0309454365821315,0.0159322950003592,5496.2110720894,8.52416382857714,133.265143579353,14.7407714761273,"Mwanza","29",21691
"269",268,16185.5634145675,0.258066136604709,0.284845083724012,0.0298470840785053,0.0153743907445878,5496.32372261361,8.52473012372339,133.267844346447,14.7411918032999,"Mwanza","29",21691
"270",269,16185.4750970258,0.248900677009955,0.274729335392258,0.0287876661869484,0.0148358284723377,5496.43237288195,8.52527658523237,133.270449202104,14.7415972113689,"Mwanza","29",21691
"271",270,16185.3899164173,0.240060525384082,0.264972568280863,0.0277658061904449,0.0143159489070031,5496.53716483307,8.52580390092399,133.272961549874,14.7419882292139,"Mwanza","29",21691
"272",271,16185.3077613858,0.231534150420142,0.255562061306086,0.0267801758123059,0.0138141145886597,5496.63823537699,8.52631273516158,133.275384672705,14.7423653670117,"Mwanza","29",21691
"273",272,16185.2285245235,0.223310428533059,0.246485542905046,0.0258294935285068,0.0133297091901755,5496.73571657279,8.52680372962885,133.277721737201,14.7427291168945,"Mwanza","29",21691
"274",273,16185.1521022314,0.215378629515592,0.23773117523996,0.0249125229376536,0.0128621368525227,5496.82973579997,8.52727750408243,133.279975797736,14.7430799535852,"Mwanza","29",21691
"275",274,16185.0783945848,0.207728402693891,0.229287538951229,0.0240280711866944,0.0124108215388878,5496.92041592376,8.52773465708059,133.28214980042,14.7434183350107,"Mwanza","29",21691
"276",275,16185.0073052027,0.200349763565597,0.221143618440715,0.0231749874505435,0.0119752064071761,5497.00787545476,8.52817576668914,133.284246586925,14.7437447028931,"Mwanza","29",21691
"277",276,16184.9387411228,0.193233080904046,0.213288787667196,0.022352161463846,0.0115547532005058,5497.09222870278,8.52860139116476,133.286268898182,14.7440594833212,"Mwanza","29",21691
"278",277,16184.8726126805,0.186369064312481,0.205712796436541,0.0215585221031574,0.0111489416552904,5497.17358592545,8.52901206961668,133.28821937794,14.7443630873013,"Mwanza","29",21691
"279",278,16184.8088333916,0.179748752212986,0.198405757169719,0.0207930360178713,0.0107572689265074,5497.25205347145,8.5294083226473,133.290100576206,14.7446559112889,"Mwanza","29",21691
"280",279,16184.7473198405,0.17336350025521,0.191358132132322,0.0200547063082751,0.0103792490297549,5497.32773391884,8.5297906529722,133.29191495256,14.7449383377024,"Mwanza","29",21691
"281",280,16184.6879915709,0.167204970130423,0.184560721109813,0.0193425712491637,0.0100144122996999,5497.40072620837,8.53015954602037,133.293664879357,14.7452107354176,"Mwanza","29",21691
"282",281,16184.6307709811,0.16126511877695,0.178004649513226,0.0186557030574928,0.00966230486452542,5497.47112577223,8.53051547051509,133.29535264481,14.7454734602465,"Mwanza","29",21691
"283",282,16184.5755832231,0.155536187963523,0.171681356900543,0.0179932067025962,0.0093224881359886,5497.53902465819,8.53085887903606,133.296980455973,14.7457268553973,"Mwanza","29",21691
"284",283,16184.5223561049,0.150010694237515,0.165582585899455,0.0173542187575409,0.0089945383147033,5497.60451164938,8.53119020856344,133.298550441611,14.7459712519204,"Mwanza","29",21691
"285",284,16184.4710199962,0.144681419225462,0.159700371517712,0.0167379062902376,0.00867804591026798,5497.66767237984,8.53150988100411,133.300064654974,14.7462069691373,"Mwanza","29",21691
"286",285,16184.4215077381,0.139541400273693,0.154027030827706,0.0161434657929661,0.0083726152758629,5497.72858944604,8.53181830370103,133.301525076466,14.7464343150547,"Mwanza","29",21691
"287",286,16184.373754555,0.134583921417299,0.14855515301239,0.015570122149022,0.0080778641569463,5497.78734251437,8.53211586992582,133.302933616234,14.7466535867648,"Mwanza","29",21691
"288",287,16184.3276979704,0.129802504666077,0.143277589760047,0.0150171276352267,0.0077934232536843,5497.84400842497,8.53240295935538,133.304292116647,14.7468650708303,"Mwanza","29",21691
"289",288,16184.2832777254,0.125190901596455,0.138187445995858,0.0144837609590873,0.00751893579675512,5497.89866129178,8.53267993853291,133.305602354703,14.7470690436573,"Mwanza","29",21691
"290",289,16184.2404357,0.120743085238793,0.133278070938618,0.0139693263294309,0.00725405713617377,5497.95137259911,8.53294716131377,133.306866044343,14.7472657718538,"Mwanza","29",21691
"291",290,16184.1991158373,0.116453242249791,0.128543049471344,0.0134731525593741,0.00699845434278938,5498.00221129482,8.53320496929677,133.308084838684,14.7474555125763,"Mwanza","29",21691
"292",291,16184.1592640705,0.1123157653601,0.123976193814886,0.0129945922005272,0.0067518058221133,5498.05124388014,8.53345369224115,133.309260332177,14.7476385138641,"Mwanza","29",21691
"293",292,16184.1208282519,0.108325246087565,0.11957153549404,0.0125330207073686,0.00651380094014253,5498.0985344964,8.53369364846993,133.310394062685,14.7478150149619,"Mwanza","29",21691
"294",293,16184.0837580855,0.104476467706856,0.115323317585993,0.0120878356307571,0.00628413966084906,5498.14414500865,8.53392514525986,133.311487513487,14.7479852466306,"Mwanza","29",21691
"295",294,16184.0480050608,0.10076439846654,0.111225987241301,0.0116584558395878,0.00606253219501213,5498.1881350863,8.53414847921849,133.312542115217,14.7481494314478,"Mwanza","29",21691
"296",295,16184.0135223895,0.0971841850449899,0.107274188467909,0.0112443207696248,0.00584869866007708,5498.23056228099,8.53436393664869,133.313559247723,14.7483077840972,"Mwanza","29",21691
"297",296,16183.9802649447,0.0937311462367954,0.103462755169064,0.0108448896985809,0.00564236875073056,5498.2714821016,8.53457179390115,133.314540241877,14.7484605116481,"Mwanza","29",21691
"298",297,16183.9481892018,0.0904007668615947,0.0997867044262835,0.0104596410465407,0.00544328141988867,5498.31094808673,8.53477231771504,133.315486381304,14.7486078138249,"Mwanza","29",21691
"299",298,16183.9172531818,0.0871886918875992,0.0962412300188097,0.0100880717008575,0.00525118456980083,5498.34901187451,8.5349657655474,133.316398904059,14.7487498832671,"Mwanza","29",21691
"300",299,16183.8874163961,0.0840907207622919,0.0928216961713307,0.00972969636468001,0.00506583475297911,5498.38572327,8.53515238589148,133.317279004246,14.7488869057802,"Mwanza","29",21691
"301",300,16183.858639794,0.0811028019430524,0.0895236315219802,0.0093840469282939,0.00488699688266872,5498.42113031019,8.53533241858443,133.318127833573,14.7490190605779,"Mwanza","29",21691
"302",301,16183.8308857115,0.0782210276207099,0.0863427233029307,0.00905067186249277,0.0047144439525822,5498.45527932667,8.53550609510475,133.31894650286,14.7491465205151,"Mwanza","29",21691
"303",302,16183.8041178223,0.0754416286292691,0.0832748117261453,0.00872913563321539,0.00454795676562627,5498.48821500617,8.53567363885967,133.319736083482,14.7492694523135,"Mwanza","29",21691
"304",303,16183.7783010898,0.0727609695352896,0.0803158845671116,0.00841901813671499,0.00438732367135643,5498.51998044884,8.53583526546296,133.320497608778,14.7493880167791,"Mwanza","29",21691
"305",304,16183.7534017221,0.0701755439006214,0.0774620719396308,0.00811991415454927,0.00423234031190116,5498.55061722458,8.53599118300332,133.321232075391,14.7495023690112,"Mwanza","29",21691
"306",305,16183.7293871273,0.0676819697124152,0.0747096412549729,0.0078314328277046,0.00408280937610335,5498.58016542725,8.53614159230378,133.321940444576,14.7496126586051,"Mwanza","29",21691
"307",306,16183.7062258709,0.0652769849745376,0.0720549923589386,0.00755319714919054,0.00393854036163343,5498.60866372712,8.53628668717231,133.322623643454,14.7497190298467,"Mwanza","29",21691
"308",307,16183.683887635,0.0629574434547278,0.0694946528405908,0.00728484347446368,0.00379934934483412,5498.6361494213,8.53642665464402,133.323282566222,14.7498216219013,"Mwanza","29",21691
"309",308,16183.6623431784,0.0607203105820241,0.0670252735066361,0.00702602104906119,0.00366505875806348,5498.6626584825,8.5365616752151,133.323918075321,14.7499205689945,"Mwanza","29",21691
"310",309,16183.6415642987,0.0585626594891828,0.0646436240156443,0.0067763915528458,0.00353549717430845,5498.68822560602,8.53669192306889,133.324531002565,14.7500160005877,"Mwanza","29",21691
"311",310,16183.6215237951,0.0564816671949918,0.062346588666495,0.00653562866028392,0.0034104990988471,5498.71288425504,8.53681756629423,133.325122150227,14.7501080415468,"Mwanza","29",21691
"312",311,16183.6021954329,0.0544746109215595,0.0601311623356357,0.00630341761619879,0.00328990476774384,5498.7366667044,8.53693876709649,133.325692292087,14.7501968123051,"Mwanza","29",21691
"313",312,16183.5835539094,0.0525388645418327,0.057994446557922,0.00607945482645903,0.00317355995296726,5498.75960408271,8.53705568200131,133.326242174442,14.7502824290206,"Mwanza","29",21691
"314",313,16183.5655748208,0.0506718951527592,0.0559336457459939,0.00586344746308186,0.00306131577392606,5498.78172641309,8.53716846205152,133.326772517085,14.7503650037277,"Mwanza","29",21691
"315",314,16183.5482346298,0.0488712597696733,0.0539460635433172,0.00565511308324793,0.00295302851522406,5498.80306265235,8.53727725299726,133.327284014242,14.7504446444831,"Mwanza","29",21691
"316",315,16183.5315106355,0.0471346021376354,0.052029099306188,0.00545417926174176,0.00284855945044073,5498.82364072887,8.53738219547966,133.327777335482,14.7505214555072,"Mwanza","29",21691
"317",316,16183.5153809435,0.0454596496556076,0.0501802447101622,0.00526038323634869,0.00274777467174886,5498.84348757909,8.53748342520827,133.328253126591,14.75059553732,"Mwanza","29",21691
"318",317,16183.4998244368,0.0438442104094832,0.048397080476531,0.0050734715657554,0.00265054492518646,5498.86262918272,8.5375810731324,133.328712010416,14.7506669868725,"Mwanza","29",21691
"319",318,16183.4848207489,0.0422861703101393,0.046677273214613,0.00489319979951628,0.00255674545140481,5498.88109059672,8.53767526560658,133.329154587682,14.750735897673,"Mwanza","29",21691
"320",319,16183.4703502368,0.0407834903328092,0.0450185723757849,0.00471933215966355,0.00246625583171995,5498.898895988,8.53776612455041,133.329581437774,14.7508023599095,"Mwanza","29",21691
"321",320,16183.4563939551,0.0393342038541995,0.0434188073153139,0.00455164123355298,0.00237895983929944,5498.91606866511,8.53785376760288,133.329993119495,14.7508664605677,"Mwanza","29",21691
"322",321,16183.4429336316,0.0379364140839036,0.041875884458191,0.00438990767755172,0.00229474529532127,5498.93263110863,8.53793830827143,133.3303901718,14.7509282835441,"Mwanza","29",21691
"323",322,16183.4299516434,0.0365882915867844,0.0403877845652993,0.00423391993118789,0.00221350392994654,5498.94860500058,8.53801985607588,133.330773114498,14.7509879097559,"Mwanza","29",21691
"324",323,16183.4174309933,0.0352880718931161,0.0389525600963781,0.00408347394139511,0.00213513124795178,5498.96401125284,8.53809851668742,133.331142448932,14.7510454172468,"Mwanza","29",21691
"325",324,16183.4053552884,0.0340340531933858,0.0375683326663676,0.00393837289649747,0.0020595263988718,5498.97887003439,8.53817439206281,133.331498658634,14.7511008812888,"Mwanza","29",21691
"326",325,16183.393708718,0.0328245941147667,0.0362332905918405,0.00379842696959315,0.00198659205150778,5498.99320079778,8.53824758057396,133.33184220996,14.7511543744807,"Mwanza","29",21691
"327",326,16183.382476033,0.0316581115763761,0.0349456865243397,0.00366345307100632,0.00191623427266009,5499.00702230449,8.53831817713308,133.332173552699,14.7512059668427,"Mwanza","29",21691
"328",327,16183.3716425263,0.0305330787205368,0.0337038351675551,0.00353327460948886,0.00184836240994915,5499.02035264954,8.53838627331347,133.332493120659,14.7512557259084,"Mwanza","29",21691
"329",328,16183.3611940132,0.0294480229173546,0.0325061110753762,0.00340772126186407,0.00178288897859187,5499.03320928512,8.53845195746618,133.332801332237,14.7513037168127,"Mwanza","29",21691
"330",329,16183.3511168131,0.0284015238400219,0.0313509465279679,0.00328662875081564,0.00171972955200531,5499.0456090434,8.53851531483261,133.333098590966,14.7513500023768,"Mwanza","29",21691
"331",330,16183.3413977314,0.0273922116083467,0.0302368294831094,0.00316983863053521,0.00165880265611263,5499.0575681586,8.53857642765323,133.333385286043,14.751394643191,"Mwanza","29",21691
"332",331,16183.3320240422,0.0264187649980936,0.0291623016001388,0.00305719807995192,0.00160002966723085,5499.06910228817,8.53863537527258,133.333661792835,14.7514376976931,"Mwanza","29",21691
"333",332,16183.322983472,0.0254799097138121,0.0281259563339364,0.0029485597032771,0.00154333471342293,5499.08022653332,8.53869223424056,133.333928473377,14.7514792222452,"Mwanza","29",21691
"334",333,16183.3142641832,0.0245744167229034,0.027126437096471,0.00284378133760628,0.0014886445792008,5499.09095545873,8.53874707841032,133.334185676838,14.7515192712075,"Mwanza","29",21691
"335",334,16183.3058547587,0.0237011006487615,0.0261624354835202,0.00274272586733009,0.00143588861346914,5499.10130311165,8.53879997903263,133.334433739981,14.7515578970091,"Mwanza","29",21691
"336",335,16183.2977441875,0.0228588182208983,0.0252326895642603,0.00264526104511391,0.0013849986406032,5499.11128304023,8.53885100484708,133.334672987608,14.7515951502169,"Mwanza","29",21691
"337",336,16183.2899218493,0.0220464667800354,0.0243359822315019,0.0025512593192148,0.00133590887455731,5499.12090831131,8.53890022217008,133.334903732977,14.7516310796012,"Mwanza","29",21691
"338",337,16183.2823775017,0.0212629828362162,0.0234711396104249,0.00246059766691221,0.00128855583590391,5499.13019152745,8.53894769497981,133.335126278216,14.7516657322,"Mwanza","29",21691
"339",338,16183.2751012657,0.0205073406780644,0.022637029523745,0.00237315743383678,0.001242878271706,5499.13914484345,8.53899348499821,133.335340914721,14.7516991533803,"Mwanza","29",21691
"340",339,16183.2680836137,0.019778551031375,0.0218325600113124,0.00228882417898922,0.00119881707812896,5499.14777998225,8.53903765177012,133.335547923532,14.7517313868975,"Mwanza","29",21691
"341",340,16183.2613153566,0.0190756597652934,0.0210566779022181,0.00220748752524831,0.0011563152257008,5499.15610825029,8.53908025273971,133.335747575704,14.7517624749524,"Mwanza","29",21691
"342",341,16183.2547876316,0.0183977466443958,0.0203083674375483,0.00212904101517441,0.00111531768713258,5499.16414055228,8.53912134332418,133.335940132661,14.7517924582467,"Mwanza","29",21691
"343",342,16183.2484918912,0.0177439241250462,0.0195866489419937,0.0020533819719214,0.00107577136761357,5499.17188740547,8.53916097698496,133.336125846538,14.7518213760361,"Mwanza","29",21691
"344",343,16183.2424198912,0.0171133361944603,0.0188905775425837,0.00198041136507663,0.00103762503749856,5499.17935895342,8.53919920529639,133.336304960511,14.7518492661818,"Mwanza","29",21691
"345",344,16183.2365636806,0.016505157250965,0.0182192419328776,0.00191003368125484,0.00100082926730719,5499.18656497928,8.53923607801203,133.336477709117,14.7518761651996,"Mwanza","29",21691
"346",345,16183.2309155909,0.0159185910239934,0.0175717631810015,0.00184215679927807,0.000965336364957864,5499.1935149186,8.53927164312864,133.336644318556,14.7519021083082,"Mwanza","29",21691
"347",346,16183.2254682262,0.0153528695324058,0.0169472935799791,0.00177669186977942,0.000931100315161173,5499.20021787163,8.53930594694796,133.336805006993,14.7519271294751,"Mwanza","29",21691
"348",347,16183.220214453,0.0148072520797812,0.0163450155388565,0.00171355319907445,0.000898076720900347,5499.20668261531,8.53933903413627,133.336959984841,14.7519512614607,"Mwanza","29",21691
"349",348,16183.2151473919,0.0142810242853669,0.015764140513178,0.00165265813714908,0.000866222746928344,5499.21291761469,8.53937094778196,133.337109455035,14.7519745358618,"Mwanza","29",21691
"350",349,16183.2102604074,0.0137734971494227,0.015203907973416,0.00159392696961871,0.000835497065213673,5499.21893103404,8.53940172945102,133.3372536133,14.7519969831523,"Mwanza","29",21691
"351",350,16183.2055471001,0.0132840061517415,0.0146635844100116,0.00153728281351794,0.000805859802269142,5499.22473074752,8.53943141924061,133.337392648405,14.7520186327236,"Mwanza","29",21691
"352",351,16183.2010012979,0.0128119103821687,0.014142462373728,0.00148265151678535,0.000777272488299878,5499.2303243495,8.53946005583078,133.337526742412,14.7520395129226,"Mwanza","29",21691
"353",352,16183.1966170482,0.0123565917019868,0.0136398595500647,0.00142996156131276,0.000749698008109053,5499.23571916451,8.53948767653434,133.337656070913,14.7520596510892,"Mwanza","29",21691
"354",353,16183.1923886096,0.011917453935071,0.0131551178665256,0.00137914396943278,0.000723100553701738,5499.2409222568,8.53951431734504,133.337780803262,14.7520790735918,"Mwanza","29",21691
"355",354,16183.1883104449,0.0114939220877588,0.012687602631576,0.00133013221372286,0.000697445578529272,5499.24594043959,8.53954001298399,133.337901102794,14.752097805862,"Mwanza","29",21691
"356",355,16183.1843772139,0.0110854415964167,0.0122367017041646,0.00128286213000861,0.000672699753318422,5499.25078028401,8.53956479694454,133.338017127039,14.7521158724276,"Mwanza","29",21691
"357",356,16183.1805837658,0.0106914776017215,0.0118018246927282,0.00123727183345302,0.000648830923431419,5499.25544812769,8.53958870153553,133.338129027931,14.7521332969451,"Mwanza","29",21691
"358",357,16183.1769251329,0.0103115142487073,0.011382402182631,0.00119330163762241,0.000625808067704761,5499.25995008305,8.53961175792302,133.338236952003,14.7521501022303,"Mwanza","29",21691
"359",358,16183.1733965243,0.00994505401166593,0.0109778849910333,0.00115089397642358,0.000603601258716371,5499.26429204532,8.53963399617061,133.338341040583,14.7521663102882,"Mwanza","29",21691
"360",359,16183.1699933191,0.00959161704301863,0.0105877434482139,0.0011099933288106,0.000582181624432371,5499.26847970022,8.53965544527831,133.338441429975,14.7521819423423,"Mwanza","29",21691
"361",360,16183.1667110606,0.00925074054530785,0.0102114667044099,0.00107054614616304,0.000561521311186346,5499.27251853145,8.53967613322001,133.33853825164,14.7521970188615,"Mwanza","29",21691
"362",361,16183.1635454508,0.00892197816549,0.00984856206126784,0.00103250078224113,0.000541593447945543,5499.27641382784,8.53969608697973,133.338631632368,14.7522115595876,"Mwanza","29",21691
"363",362,16183.1604923439,0.00860489941073709,0.00949855432703325,0.000995807425626358,0.000522372111819951,5499.28017069027,8.53971533258653,133.338721694443,14.7522255835611,"Mwanza","29",21691
"364",363,16183.1575477419,0.00829908908498443,0.00916098519463662,0.00096041803455967,0.000503832294771684,5499.28379403836,8.53973389514818,133.338808555804,14.7522391091454,"Mwanza","29",21691
"365",364,16183.1547077887,0.00800414674548816,0.00883541264186338,0.000926286274092122,0.000485949871483515,5499.28728861693,8.5397517988837,133.338892330197,14.752252154052,"Mwanza","29",21691
"366",365,16183.1519687652,0.00771968617868249,0.0085214103528243,0.000893367455466146,0.000468701568346754,5499.29065900215,8.53976906715475,133.338973127328,14.7522647353626,"Mwanza","29",21691
