"","time","S","E","I","H","C","R","D","inci","hosp","crits","lvl2","lvl3","lvl4","ID","POP","runNum"
"1",1,18841349.6633035,0,1,0,0,0,0,0,0,0,"Malawi","All","All",1,18841350.6633035,549
"2",2,18841349.1909997,0.414688377240928,0.734527214565753,0.00958559282706653,9.52392285340886e-05,0.313406162442387,1.16744564634216e-06,0.472303753750315,0.0101162267154719,9.72250614755774e-05,"Malawi","All","All",1,18841350.6633035,549
"3",3,18841348.820188,0.648669185640601,0.617697494708079,0.0161792650308803,0.000330130582212075,0.560231119230384,8.35432963385828e-06,0.84311554952179,0.0180586075433649,0.000344341353431235,"Malawi","All","All",1,18841350.6633035,549
"4",4,18841348.4910739,0.794357683883071,0.575986448472426,0.0212844082279199,0.000657072118308195,0.779918409346108,2.55607179529946e-05,1.17222958276579,0.0251078682901542,0.000700551072448974,"Malawi","All","All",1,18841350.6633035,549
"5",5,18841348.1732664,0.897939288058259,0.572810210918589,0.0256620567799329,0.00105118958166269,0.99251880792349,5.55517950463478e-05,1.49003710505698,0.0319149561201693,0.00114568356081068,"Malawi","All","All",1,18841350.6633035,549
"6",6,18841347.850991,0.982564797621894,0.590001602823412,0.029702873767255,0.00149921370629703,1.20844356227403,0.00010044174838301,1.81231249194127,0.0388177408164566,0.00167006579972396,"Malawi","All","All",1,18841350.6633035,549
"7",7,18841347.5157205,1.05990810415362,0.618580769956537,0.0336125825943828,0.00199391627871105,1.43332566423236,0.000161994071354653,2.14758303128697,0.0459988675257266,0.00226946928987683,"Malawi","All","All",1,18841350.6633035,549
"8",8,18841347.1624955,1.1359322773156,0.654151439429069,0.0375045506081081,0.0025313155152025,1.67044665705552,0.00024178001694821,2.50080801994045,0.0535645589571783,0.00294258495952639,"Malawi","All","All",1,18841350.6633035,549
"9",9,18841346.7880902,1.21376082651511,0.694609244929993,0.0414459595919495,0.00310926820368812,1.92194673285229,0.0003412655234717,2.8752132976165,0.0615839090793158,0.0036897631675675,"Malawi","All","All",1,18841350.6633035,549
"10",10,18841346.3900925,1.29511310957067,0.738996906404928,0.045480950669948,0.00372675206455363,2.18943144911961,0.000461862116538009,3.27321102994625,0.0701085838611501,0.00451238264900152,"Malawi","All","All",1,18841350.6633035,549
"11",11,18841345.9664431,1.38101880423119,0.786935296499356,0.049642204427075,0.00438349680694293,2.47427561047443,0.000604959266374647,3.69686037170536,0.079182688172348,0.00541253661122826,"Malawi","All","All",1,18841350.6633035,549
"12",12,18841345.5152029,1.47217489667834,0.838340124914477,0.0539567832711649,0.00507979009577438,2.77777711735289,0.000771947154523796,4.14810065946717,0.088847760514085,0.00639287742737307,"Malawi","All","All",1,18841350.6633035,549
"13",13,18841345.0344319,1.569124771504,0.893280823588145,0.0584491158235544,0.00581637238319535,3.10123629467909,0.000964234356963357,4.62887161233494,0.0991453475873682,0.00745654154684988,"Malawi","All","All",1,18841350.6633035,549
"14",14,18841344.5221264,1.67234818239202,0.951910732411556,0.063142547227488,0.0065943779515896,3.44599802926965,0.00118326270812379,5.14117713196042,0.110118370820218,0.00860711582216181,"Malawi","All","All",1,18841350.6633035,549
"15",15,18841343.9761828,1.78230637160405,1.01443316618093,0.0680601646323136,0.00741530044361313,3.81347518725592,0.00143052033930171,5.68712071045612,0.121811884767263,0.0098486252173667,"Malawi","All","All",1,18841350.6633035,549
"16",16,18841343.3943748,1.89946611204813,1.08108415122917,0.0732252990157472,0.00828097378187475,4.20516466962821,0.00170755466390996,6.26892876036704,0.134273595347275,0.0111855358157559,"Malawi","All","All",1,18841350.6633035,549
"17",17,18841342.8689086,1.9405416827502,1.14258650488473,0.0786233524020254,0.00919336979808941,4.62143406251718,0.0020159815070168,6.79439495385922,0.147514667320147,0.0126225679784156,"Malawi","All","All",1,18841350.6633035,549
"18",18,18841342.3168236,1.9958973651989,1.19500505700698,0.0841279211155896,0.010152917568058,5.05893918339907,0.00235746612260174,7.34647991041117,0.161426498594421,0.0141629833894303,"Malawi","All","All",1,18841350.6633035,549
"19",19,18841341.741057,2.05979572664851,1.24350389308633,0.0896587299966446,0.0111579746523305,5.51539658323743,0.00273364885421542,7.92224655647544,0.175935078439027,0.0158079298448254,"Malawi","All","All",1,18841350.6633035,549
"20",20,18841341.1427594,2.12933683240846,1.29075829486849,0.0951859107708557,0.0122060395755545,5.98991092049638,0.00314609396126389,8.52054409208099,0.191011408226371,0.0175575666850795,"Malawi","All","All",1,18841350.6633035,549
"21",21,18841340.522153,2.20307766540735,1.33816794647881,0.100704641353615,0.0132944671971903,6.4823095545043,0.00359627341870145,9.14115054835994,0.206649894679766,0.0194117526090072,"Malawi","All","All",1,18841350.6633035,549
"22",22,18841339.8789701,2.28032399144914,1.38647929399633,0.106222226877319,0.0144208043538218,6.99280151026343,0.00408556853214382,9.78433339547217,0.222857277759961,0.0213703840633885,"Malawi","All","All",1,18841350.6633035,549
"23",23,18841339.2126787,2.36076748756368,1.43610454712786,0.111751560374104,0.0155829338920803,7.52180300555116,0.00461527966989139,10.4506248141788,0.239646967798758,0.0234335558301297,"Malawi","All","All",1,18841350.6633035,549
"24",24,18841338.5225968,2.44429943238923,1.48728555123926,0.117307838094304,0.0167791238268362,8.06984817228966,0.00518663919705427,11.1407067570363,0.257036149189516,0.02560163218549,"Malawi","All","All",1,18841350.6633035,549
"25",25,18841337.8079505,2.53091614445066,1.54017703683847,0.122906960136335,0.0180080295445982,8.63754400419345,0.00580082516919701,11.8553530003327,0.275044320170907,0.0278752723964619,"Malawi","All","All",1,18841350.6633035,549
"26",26,18841337.0679044,2.62066822651582,1.59489150969799,0.128564711500676,0.019268682832844,9.22554699244033,0.00645897443966776,12.5953990974273,0.293692535690296,0.0302554420457585,"Malawi","All","All",1,18841350.6633035,549
"27",27,18841336.3015757,2.71363703965476,1.65151993992634,0.134296482583876,0.020560452770682,9.83455173537962,0.00716219631422969,13.3617278466295,0.313003041213208,0.0327433971490953,"Malawi","All","All",1,18841350.6633035,549
"28",28,18841335.5080419,2.80992082184654,1.71014415308623,0.140117119016914,0.0218830192754511,10.4652849604009,0.00791158355652134,14.1552616571825,0.332999080356411,0.0353406764221521,"Malawi","All","All",1,18841350.6633035,549
"29",29,18841334.6863419,2.90963000671951,1.77084133311329,0.146040909514849,0.0232363539957573,11.1185048100182,0.00870822245028171,14.9769616358119,0.353704871870823,0.038049099289523,"Malawi","All","All",1,18841350.6633035,549
"30",30,18841333.8354786,3.01288207706077,1.83368864919741,0.152081603435443,0.0246206874104687,11.7949987049101,0.00955320302556578,15.8278249250397,0.375145542570882,0.0408707503785731,"Malawi","All","All",1,18841350.6633035,549
"31",31,18841332.9544187,3.11980047507145,1.89876437565947,0.158252478993979,0.0260364826398214,12.4955834177317,0.0104476275263263,16.7088848576228,0.397347131226689,0.043807967733958,"Malawi","All","All",1,18841350.6633035,549
"32",32,18841332.0420911,3.23051429476047,1.96614847693178,0.164566405286109,0.0274844170738871,13.2211061651132,0.0113926183870737,17.6212123775525,0.420336624372125,0.0468633380144444,"Malawi","All","All",1,18841350.6633035,549
"33",33,18841331.0973882,3.3451574830854,2.03592327308358,0.171035915989876,0.0289653552326054,13.9724440053012,0.0123893243955484,18.5659153570881,0.444141939095259,0.050039679835689,"Malawi","All","All",1,18841350.6633035,549
"34",34,18841330.1191596,3.46386936318535,2.10817394588085,0.1776732346676,0.0304803527232269,14.7505080432924,0.0134389299532612,19.5441438697027,0.468792055911557,0.0533400634799241,"Malawi","All","All",1,18841350.6633035,549
"35",35,18841329.1062156,3.5867942406944,2.18298848839812,0.184490376327694,0.0320306203458974,15.5562415304112,0.0145426590630154,20.5570879152403,0.494316961440633,0.0567677817843436,"Malawi","All","All",1,18841350.6633035,549
"36",36,18841328.0573244,3.71408146238221,2.26045797567089,0.191499193936795,0.0336175139844094,16.3906211800928,0.0157017808410148,21.6059791069081,0.5207476909172,0.0603263494079876,"Malawi","All","All",1,18841350.6633035,549
"37",37,18841326.9712104,3.8458858031247,2.34067664518068,0.198711421372173,0.0352425289278045,17.2546590527138,0.0169176147287073,22.6920930660478,0.548116388537357,0.0640195060187255,"Malawi","All","All",1,18841350.6633035,549
"38",38,18841325.8465528,3.98236758170009,2.42374203922176,0.206138725711682,0.0369072881765809,18.1494035746177,0.0181915353250471,23.8167507447528,0.576456340787741,0.0678512128191752,"Malawi","All","All",1,18841350.6633035,549
"39",39,18841324.6819836,4.12369275475738,2.50975520616669,0.213792750607462,0.0386135341523306,19.0759407160251,0.0195249766938472,24.9813199384028,0.605802014560494,0.0718256515831749,"Malawi","All","All",1,18841350.6633035,549
"40",40,18841323.4760865,4.27003318317018,2.59882076686664,0.221685159328381,0.0403631217596424,20.0353953228571,0.0209194364335726,26.1872169904155,0.636189100111922,0.0759472246404328,"Malawi","All","All",1,18841350.6633035,549
"41",41,18841322.227395,4.42156686045429,2.69104702475871,0.229827674530256,0.0421580125165883,21.0289324747595,0.0223764795516728,27.435908526571,0.667654554766439,0.080220555597279,"Malawi","All","All",1,18841350.6633035,549
"42",42,18841320.9343903,4.57847807126081,2.78654614801873,0.238232114120017,0.0440002697948182,22.0577588548857,0.0238977421368762,28.7289132002169,0.700236646894774,0.0846504908233575,"Malawi","All","All",1,18841350.6633035,549
"43",43,18841319.5954986,4.74095780326652,2.88543439283407,0.246910430855402,0.0458920572534142,23.1231253252148,0.0254849368469146,30.0678049462711,0.73397503791256,0.089242107220137,"Malawi","All","All",1,18841350.6633035,549
"44",44,18841318.2090918,4.90920361732186,2.98783198957744,0.255874736859296,0.047835630333996,24.2263259070254,0.0271398518798655,31.4542117329979,0.768910750826974,0.0940007019662636,"Malawi","All","All",1,18841350.6633035,549
"45",45,18841316.7734846,5.08342003813253,3.09386341118387,0.265137337609445,0.049833336687306,25.3687004586146,0.0288643562270301,32.8898189384547,0.805086255320984,0.0989318018793251,"Malawi","All","All",1,18841350.6633035,549
"46",46,18841315.2869381,5.26381386340443,3.20365744262841,0.274710754720863,0.0518876134709145,26.5516353583317,0.0306604011840372,34.3763654337403,0.842545489815903,0.104041163283956,"Malawi","All","All",1,18841350.6633035,549
"47",47,18841314.3877646,4.88414838115012,3.25231365155624,0.284344547310082,0.0539997215770076,27.7682026188284,0.0325300223921029,35.2755389428139,0.881063793468268,0.109333509711821,"Malawi","All","All",1,18841350.6633035,549
"48",48,18841313.48811,4.58919214384996,3.2160712959171,0.293044416037897,0.0561584080717239,28.9862520798634,0.034475119418349,36.1751934631584,0.919603085878478,0.114800819405582,"Malawi","All","All",1,18841350.6633035,549
"49",49,18841312.6053714,4.3448748790249,3.13541732082697,0.300197542314258,0.0583372841176895,30.1826081707136,0.0364969003572447,37.0579320973547,0.957417739375926,0.12041875850473,"Malawi","All","All",1,18841350.6633035,549
"50",50,18841311.7484727,4.13212485254169,3.03270876732632,0.305594712990194,0.060504375884661,31.3453025545727,0.0385955194032465,37.9148307827188,0.994125465887612,0.126155615464834,"Malawi","All","All",1,18841350.6633035,549
"51",51,18841310.9216615,3.94020765006807,2.92024372053707,0.309236616710297,0.062627891559965,32.4685561703878,0.0407699932548059,38.741642042518,1.02954431233466,0.131977925870635,"Malawi","All","All",1,18841350.6633035,549
"52",52,18841310.1266196,3.76302300666881,2.80474164201857,0.311227752558943,0.0646789856677343,33.549994282405,0.0430182626449401,39.536683931964,1.06360222758376,0.1378533414192,"Malawi","All","All",1,18841350.6633035,549
"53",53,18841309.3636352,3.59704686707719,2.68983266168175,0.311718778697426,0.0666329084253376,34.5890997935145,0.0453373199739006,40.2996683293701,1.09628686893737,0.14375199638038,"Malawi","All","All",1,18841350.6633035,549
"54",54,18841308.6322481,3.44019518925805,2.57743140887272,0.310875869337581,0.0684692955675549,35.586360310385,0.0477233611134953,41.0310554345344,1.12761795021797,0.149647055641167,"Malawi","All","All",1,18841350.6633035,549
"55",55,18841307.9316112,3.29118545780787,2.46850855546669,0.308864533941048,0.070172035782537,36.542789817815,0.0501719385177378,41.7316923393309,1.15763175889955,0.155514842583904,"Malawi","All","All",1,18841350.6633035,549
"56",56,18841307.2606872,3.14918685308288,2.36351307091605,0.305841726235204,0.071728926356765,37.4596676151601,0.0526781058737844,42.4026162976248,1.18637272860756,0.161334740783468,"Malawi","All","All",1,18841350.6633035,549
"57",57,18841306.6183579,3.01362399050869,2.26260867083265,0.30195226145929,0.0731312505379866,38.3383928384872,0.0552365487641199,43.04494556059,1.21388876273424,0.167088993627463,"Malawi","All","All",1,18841350.6633035,549
"58",58,18841306.0034834,2.88406816869938,2.16580440221833,0.297327613567577,0.0743733355864761,39.1804048491275,0.0578417003815019,43.6598200695808,1.24022869384586,0.172762459199388,"Malawi","All","All",1,18841350.6633035,549
"59",59,18841305.4149337,2.76017739118407,2.07302626117655,0.292085930923777,0.075452133413197,39.987140282148,0.0604878404865603,44.2483698393321,1.26544092928482,0.178342359244344,"Malawi","All","All",1,18841350.6633035,549
"60",60,18841304.8516056,2.64166164760164,1.98415818682002,0.286332698136981,0.0763668194563049,40.760009379329,0.0631691812810218,44.811697912625,1.2895727209825,0.183818024116473,"Malawi","All","All",1,18841350.6633035,549
"61",61,18841304.3124329,2.52826413446688,1.89906441707197,0.280161342993561,0.0771184778297993,41.5003823304479,0.0658799423001929,45.3508706451104,1.31266974928097,0.189180705320229,"Malawi","All","All",1,18841350.6633035,549
"62",62,18841303.7963871,2.41975088567285,1.81760034398459,0.273654765976394,0.0777097106970104,42.2095862702091,0.0686144092157687,45.8669163857557,1.33477606640477,0.194423284907843,"Malawi","All","All",1,18841350.6633035,549
"63",63,18841303.3024802,2.31590384929929,1.73962023339137,0.26688618410663,0.0781443864074423,42.8889016792055,0.071366981025631,46.3608233134359,1.35593400378438,0.199540103886327,"Malawi","All","All",1,18841350.6633035,549
"64",64,18841302.8297642,2.21651853003774,1.66497964440513,0.259919917394061,0.0784274233373267,43.539561541962,0.0741322116425311,46.8335392687789,1.37618416485222,0.204526816800664,"Malawi","All","All",1,18841350.6633035,549
"65",65,18841302.3773316,2.12140126586821,1.5935380905599,0.252812246609229,0.0785645714286319,44.1627509019533,0.0769048467089292,47.2859719231283,1.39556543228,0.209380235895105,"Malawi","All","All",1,18841350.6633035,549
"66",66,18841301.9443124,2.03036730116819,1.52516010292034,0.245612491899748,0.0785621996519086,44.7596091861264,0.0796798431883707,47.718991124955,1.41411506849323,0.214098151901078,"Malawi","All","All",1,18841350.6633035,549
"67",67,18841301.529874,1.94324064384911,1.45971515232046,0.238363562401742,0.0784271598452096,45.3312305877946,0.0824523929767424,48.1334294991879,1.43186874134487,0.218679238039015,"Malawi","All","All",1,18841350.6633035,549
"68",68,18841301.1332194,1.85985324631734,1.39707784400946,0.231102709437264,0.0781666387939199,45.8786657682216,0.0852179365581433,48.5300841433378,1.44886059677314,0.223122925326911,"Malawi","All","All",1,18841350.6633035,549
"69",69,18841300.7535837,1.78004401457542,1.3371277350333,0.22386239398087,0.07778803209466,46.4029254811373,0.0879721584284449,48.90971981525,1.46512339535741,0.227429268659672,"Malawi","All","All",1,18841350.6633035,549
"70",70,18841300.3902387,1.70365968692595,1.27974998267966,0.216670007087207,0.0772988814015923,46.9049751917436,0.0907110349601181,49.2730647847982,1.48068833461383,0.231598965473817,"Malawi","All","All",1,18841350.6633035,549
"71",71,18841300.0424856,1.63055326662445,1.2248343116061,0.209549260735063,0.0767067388149333,47.3857435224196,0.0934307969030179,49.6208178971032,1.49558535156757,0.235633156349569,"Malawi","All","All",1,18841350.6633035,549
"72",72,18841299.7096551,1.56058397833963,1.17227510280994,0.202520394204977,0.0760191117565766,47.846121923042,0.0961279389919087,49.953648449145,1.509843117467,0.239533386228943,"Malawi","All","All",1,18841350.6633035,549
"73",73,18841299.3911067,1.49361718359393,1.1219712522647,0.195600437779259,0.0752434197814923,48.2869652902871,0.0987992197637752,50.2721968034703,1.52348906407335,0.243301560916396,"Malawi","All","All",1,18841350.6633035,549
"74",74,18841299.0862277,1.42952404909383,1.07382598467707,0.188803624784308,0.074386936047886,48.7090935423768,0.101441658075168,50.5770757950551,1.53654944392748,0.24693988262496,"Malawi","All","All",1,18841350.6633035,549
"75",75,18841298.7944315,1.36818124130017,1.0277466892064,0.182141738123782,0.0734567452953281,49.1132930669383,0.104052526366878,50.8688720072309,1.54904938500755,0.25045079649754,"Malawi","All","All",1,18841350.6633035,549
"76",76,18841298.5151566,1.30947073282631,0.983644712339827,0.175624379776644,0.0724597152328589,49.5003179765679,0.106629343478258,51.1481468602219,1.56101293735939,0.25383694977213,"Malawi","All","All",1,18841350.6633035,549
"77",77,18841298.2478659,1.25327957732998,0.941435197382994,0.169259219391296,0.0714024729553839,49.8708913250097,0.109169866567755,51.4154376586372,1.5724631179687,0.257101154454986,"Malawi","All","All",1,18841350.6633035,549
"78",78,18841297.9920449,1.19949965700209,0.901036948868095,0.163052237699261,0.0702913835143941,50.2257063362765,0.111672082356121,51.6712586457165,1.5834219559225,0.260246350995976,"Malawi","All","All",1,18841350.6633035,549
"79",79,18841297.7472015,1.14802750182035,0.862372244320319,0.157007931645674,0.069132536533073,50.5654275937828,0.114134197524406,51.9161020056267,1.59391053534519,0.263275578570622,"Malawi","All","All",1,18841350.6633035,549
"80",80,18841297.5128647,1.09876408869062,0.825366687344213,0.151129497953298,0.0679317368881344,50.8906921684953,0.116554628778395,52.15043880815,1.60394903586682,0.266191948861465,"Malawi","All","All",1,18841350.6633035,549
"81",81,18841297.2885836,1.05161463163838,0.789949088251965,0.145418996687935,0.0666944990350981,51.2021106945624,0.118931992692225,52.3747199028681,1.61355677092797,0.268998623107278,"Malawi","All","All",1,18841350.6633035,549
"82",82,18841297.0739266,1.00648839302326,0.756051283440685,0.139877503621205,0.065426046472115,51.5002686018193,0.121265094242036,52.5893769226187,1.62275223076552,0.271698792062538,"Malawi","All","All",1,18841350.6633035,549
"83",83,18841296.8684811,0.963298654892834,0.723608133821088,0.134505210525654,0.0641312996158523,51.7857261432204,0.123552923509035,52.7948223655849,1.6315530859291,0.274295658265217,"Malawi","All","All",1,18841350.6633035,549
"84",84,18841296.6718519,0.921962304825598,0.692557206835882,0.129301595441232,0.0628148973615422,52.0590209457547,0.12579463384106,52.9914515840601,1.63997627247542,0.27679242044949,"Malawi","All","All",1,18841350.6633035,549
"85",85,18841296.4836605,0.882399779666279,0.662838736422246,0.124265498660546,0.0614811940113636,52.3206683006041,0.127989536680648,53.1796430460452,1.64803800317449,0.279192261676636,"Malawi","All","All",1,18841350.6633035,549
"86",86,18841296.3035446,0.844534944153728,0.634395531815897,0.119395210330507,0.06013426256103,52.5711618709448,0.130137092861231,53.3597589126672,1.6557537922449,0.281498337816387,"Malawi","All","All",1,18841350.6633035,549
"87",87,18841296.1311573,0.808294846114352,0.607172792918776,0.114688565130943,0.0587779099888716,52.8109751917408,0.132236898803195,53.532146204697,1.66313850532489,0.28371376935542,"Malawi","All","All",1,18841350.6633035,549
"88",88,18841295.9661669,0.773609756076234,0.58111814048441,0.110142990831032,0.057415670003943,53.0405613708848,0.134288684672045,53.6971366129525,1.6702063513504,0.285841631012492,"Malawi","All","All",1,18841350.6633035,549
"89",89,18841295.8082566,0.740413088692805,0.556181557186586,0.105755570522291,0.0560508069798113,53.2603535413565,0.136292307085893,53.855046871824,1.67697089855601,0.287884943267604,"Malawi","All","All",1,18841350.6633035,549
"90",90,18841295.6571226,0.70864094955842,0.532315047038891,0.101523145174021,0.0546863524262521,53.4707676946586,0.138247726576564,54.0061809154328,1.68344516684015,0.289846670494901,"Malawi","All","All",1,18841350.6633035,549
"91",91,18841295.5124739,0.678232195423535,0.509472680615947,0.0974423323268388,0.0533251003897598,53.6722022755161,0.140155006958461,54.1508295912307,1.68964161549626,0.291729715289611,"Malawi","All","All",1,18841350.6633035,549
"92",92,18841295.3740323,0.64912832298781,0.487610511589607,0.0935095706436519,0.0519696169645899,53.8650388592349,0.142014307378359,54.2892711887989,1.69557216586538,0.293536914455725,"Malawi","All","All",1,18841350.6633035,549
"93",93,18841295.2415315,0.621273339908415,0.466686479808783,0.0897211629894567,0.0506222516874318,54.0496429453075,0.143825873807875,54.4217720535095,1.70124822762406,0.29527103592932,"Malawi","All","All",1,18841350.6633035,549
"94",94,18841295.1147164,0.594613651725067,0.446660326336902,0.0860733118176148,0.0492851486279579,54.2263646547678,0.145590031194067,54.5485871244694,1.70668072182873,0.296934776517212,"Malawi","All","All",1,18841350.6633035,549
"95",95,18841294.9933431,0.569097965890627,0.427493521392714,0.0825621463478449,0.0479602562119216,54.3955393242432,0.147307176863169,54.6699603909495,1.71188010046809,0.298530760499766,"Malawi","All","All",1,18841350.6633035,549
"96",96,18841294.8771781,0.544677192581768,0.4091491898308,0.0791837492182355,0.0466493375221216,54.5574881213176,0.148977773771245,54.7861253642418,1.71685636667646,0.300061538451178,"Malawi","All","All",1,18841350.6633035,549
"97",97,18841294.765998,0.521304347724777,0.391592038285238,0.0759341803226846,0.0453539806636233,54.7125186480148,0.150602343971632,54.8973055389827,1.72161909449589,0.301529586492767,"Malawi","All","All",1,18841350.6633035,549
"98",98,18841294.6595887,0.498934463323977,0.374788287831131,0.0728094961229851,0.0440756087116765,54.8609255010067,0.152181462654457,55.0037148196509,1.72617744714636,0.302937306102085,"Malawi","All","All",1,18841350.6633035,549
"99",99,18841294.5577456,0.477524501015751,0.358705609038552,0.0698057667479399,0.0428154894173537,55.0029908130872,0.153715752496554,55.1055579318034,1.73054019464228,0.304287024207708,"Malawi","All","All",1,18841350.6633035,549
"100",100,18841294.4602727,0.45703326926933,0.343313059766201,0.0669190906891206,0.0415747446511305,55.1389847732444,0.155205878344259,55.2030308159645,1.73471573066583,0.305580993588227,"Malawi","All","All",1,18841350.6633035,549
"101",101,18841294.3669825,0.437421344132252,0.328581025644796,0.0641456073392461,0.0403543595523497,55.2691661256873,0.156652542223354,55.2963210045793,1.73871208871484,0.306821393533591,"Malawi","All","All",1,18841350.6633035,549
"102",102,18841294.2776955,0.418650993383767,0.314481163095368,0.0614815076618361,0.0391551913530322,55.3937826486629,0.158056478667268,55.3856079828242,1.74253695755911,0.308010330722148,"Malawi","All","All",1,18841350.6633035,549
"103",103,18841294.19224,0.400686103945004,0.30098634479315,0.0589230431771688,0.0379779778690276,55.5130716137924,0.159418450350717,55.4710635339274,1.74619769603325,0.3091498402846,"Malawi","All","All",1,18841350.6633035,549
"104",104,18841294.1104514,0.383492112392554,0.288070607485357,0.0564665334635203,0.0368233456470081,55.6272602266598,0.1607392440172,55.5528520696654,1.74970134719439,0.310241887023637,"Malawi","All","All",1,18841350.6633035,549
"105",105,18841294.0321726,0.367035938463741,0.275709102036059,0.0541083723457802,0.0356918177616848,55.736566049388,0.162019666688109,55.6311309466834,1.75305465187269,0.311288366762812,"Malawi","All","All",1,18841350.6633035,549
"106",106,18841293.9572527,0.351285921416069,0.263878045613689,0.0518450329241234,0.0345838212612279,55.8411974058861,0.163260542140952,55.7060507692422,1.75626406164038,0.312291107801409,"Malawi","All","All",1,18841350.6633035,549
"107",107,18841293.8855478,0.336211759108045,0.252554675941756,0.0496730715803406,0.033499694261268,55.941353770433,0.164462707644334,55.7777556789688,1.75933575122403,0.313251872454622,"Malawi","All","All",1,18841350.6633035,549
"108",108,18841293.8169199,0.321784449702121,0.241717207502974,0.0475891310852711,0.0324396926903714,56.0372261402593,0.165627010937303,55.8463836321774,1.76227563038443,0.31417235866087,"Malawi","All","All",1,18841350.6633035,549
"109",109,18841293.7512368,0.307976235870212,0.231344789621551,0.0455899429170898,0.0314039966918336,56.12899739275,0.166754307440837,55.9120666652915,1.76508935528667,0.315054201640319,"Malawi","All","All",1,18841350.6633035,549
"110",110,18841293.6883724,0.294760551385456,0.221417466353817,0.0436723288884329,0.0303927166882643,56.2168426278661,0.16784545768944,55.9749311488715,1.76778233938214,0.315898975590593,"Malawi","All","All",1,18841350.6633035,549
"111",111,18841293.6282055,0.282111970012243,0.211916138092183,0.0418332021705012,0.0294058991167465,56.3009294963823,0.168901324971086,56.0350980307451,1.77035976382375,0.316708195407456,"Malawi","All","All",1,18841350.6633035,549
"112",112,18841293.5706204,0.270006156590467,0.202822524815451,0.040069567792216,0.0284435318434376,56.3814185144999,0.169922773164011,56.0926830687055,1.77282658743422,0.317483318419789,"Malawi","All","All",1,18841350.6633035,549
"113",113,18841293.5155065,0.258419820212179,0.194119130924106,0.0383785226839452,0.0275055492673262,56.4584633653742,0.170910664759217,56.147797053221,1.77518755624647,0.31822574612961,"Malawi","All","All",1,18841350.6633035,549
"114",114,18841293.4627575,0.247330669412665,0.185789211578309,0.0367572553282767,0.0265918371234771,56.5322111880889,0.171865859057884,56.2005460205895,1.77744721263471,0.318936825949102,"Malawi","All","All",1,18841350.6633035,549
"115",115,18841293.412272,0.23671736928547,0.177816740479142,0.0352030450729685,0.0257022369965783,56.6028028545802,0.172789210533272,56.2510314569477,1.77960990405377,0.319617852927751,"Malawi","All","All",1,18841350.6633035,549
"116",116,18841293.363953,0.226559500422235,0.170186379031674,0.0337132611563846,0.0248365505574589,56.6703732350551,0.173681567346272,56.2993504935691,1.78167979140527,0.320270071463797,"Malawi","All","All",1,18841350.6633035,549
"117",117,18841293.3177074,0.216837519629113,0.162883446833899,0.0322853614859215,0.0239945435307837,56.7350514522489,0.174543770006704,56.3455960937353,1.78366085704275,0.320894676994793,"Malawi","All","All",1,18841350.6633035,549
"118",118,18841293.2734463,0.207532722380032,0.15589389346854,0.0309168912039235,0.0231759493994098,56.7969611247232,0.175376650174224,56.3898572313493,1.78555691242311,0.321492817662299,"Malawi","All","All",1,18841350.6633035,549
"119",119,18841293.2310844,0.198627206775414,0.14920427143671,0.0296054810970442,0.0223804728798118,56.8562206005924,0.176181029577497,56.4322190623589,1.78737160545005,0.322065595948807,"Malawi","All","All",1,18841350.6633035,549
"120",120,18841293.1905404,0.190103839092141,0.14280171027507,0.0283488458553871,0.0216077931585837,56.9129431812054,0.176957719055237,56.4727630886418,1.78910842749452,0.322614070283047,"Malawi","All","All",1,18841350.6633035,549
"121",121,18841293.1517362,0.181946220838743,0.136673891805852,0.0271447822123907,0.0208575669029884,56.9672373352561,0.177707517709851,56.511567314726,1.7907707201083,0.323139256610882,"Malawi","All","All",1,18841350.6633035,549
"122",122,18841293.1145971,0.174138657206331,0.130809026447824,0.0259911669969595,0.0201294310624147,57.0192069039588,0.178431212162675,56.548706397835,1.79236168145168,0.323642129929916,"Malawi","All","All",1,18841350.6633035,549
"123",123,18841293.0790517,0.16666612687325,0.12519583052518,0.0248859551155383,0.0194230054716326,57.068951297658,0.179129575903798,56.5842517915474,1.79388437244743,0.324123625786791,"Malawi","All","All",1,18841350.6633035,549
"124",124,18841293.0450316,0.159514253109419,0.119823504560076,0.0238271774806235,0.018737895263535,57.1165656841075,0.179803368731035,56.6182718832522,1.79534172266918,0.324584641735622,"Malawi","All","All",1,18841350.6633035,549
"125",125,18841293.0124714,0.152669276108627,0.11468171250172,0.0228129389025353,0.0180736931034328,57.1621411688385,0.180453336270632,56.6508321257255,1.79673653597787,0.325026038757011,"Malawi","All","All",1,18841350.6633035,549
"126",126,18841292.9813083,0.146118026502253,0.109760561820393,0.0218414159598649,0.0174299812566682,57.2057649680367,0.181080209572617,56.6819951631485,1.79807149592007,0.32544864263734,"Malawi","All","All",1,18841350.6633035,549
"127",127,18841292.9514825,0.139847900042936,0.105050584487036,0.0209108548568034,0.0168063334910546,57.2475205738848,0.181684704778893,56.7118209515415,1.79934917088716,0.325853245306646,"Malawi","All","All",1,18841350.6633035,549
"128",128,18841292.9229366,0.133846833338022,0.100542718756666,0.0200195692803864,0.0162023168323041,57.2874879131016,0.182267522854543,56.7403668741635,1.80057201905876,0.326240606136985,"Malawi","All","All",1,18841350.6633035,549
"129",129,18841292.8956156,0.128103280668583,0.0962282917481097,0.0191659382703256,0.0156174931753982,57.325743498558,0.182829349378869,56.7676878517993,1.80174239312725,0.326611453198374,"Malawi","All","All",1,18841350.6633035,549
"130",130,18841292.869467,0.12260619152714,0.0920990025671865,0.0183484040792043,0.0150514207816224,57.3623605762743,0.183370854388882,56.7938364496183,1.80286254487533,0.326966484489583,"Malawi","All","All",1,18841350.6633035,549
"131",131,18841292.8444405,0.117344989809047,0.0881469066850834,0.0175654701231484,0.0145036556036343,57.3974092616337,0.183892692277667,56.8188629761323,1.80393462941521,0.327306369090333,"Malawi","All","All",1,18841350.6633035,549
"132",132,18841292.8204879,0.112309553514003,0.0843644006860402,0.0168156989227418,0.0139737525204495,57.4309566723847,0.184395501735743,56.8428155797637,1.80496070932535,0.327631748296536,"Malawi","All","All",1,18841350.6633035,549
"133",133,18841292.7975632,0.107490194759802,0.0807442072505532,0.0160977100253728,0.0134612665010346,57.4630670596601,0.184879905729529,56.8657403439264,1.80594275872353,0.32794323674725,"Malawi","All","All",1,18841350.6633035,549
"134",134,18841292.7756221,0.102877641360982,0.077279361322767,0.015410178030761,0.0129657536133403,57.4938019287856,0.185346511525098,56.8876813746385,1.80688266702003,0.328241423474124,"Malawi","All","All",1,18841350.6633035,549
"135",135,18841292.7546226,0.098463019014553,0.0739631967281024,0.0147518306415882,0.012486771952168,57.5232201561839,0.185795910743695,56.908680885264,1.80778224254777,0.328526872923698,"Malawi","All","All",1,18841350.6633035,549
"136",136,18841292.7345242,0.0942378342263615,0.0707893333454889,0.0141214467553081,0.0120238824791308,57.5513781014804,0.186228679448261,56.9287792777349,1.80864321604167,0.328800125944545,"Malawi","All","All",1,18841350.6633035,549
"137",137,18841292.7152883,0.090193957969611,0.0677516648337478,0.0135178546010833,0.0115766497786963,57.578329714839,0.186645378258307,56.9480152202805,1.80946724396845,0.329061700738714,"Malawi","All","All",1,18841350.6633035,549
"138",138,18841292.6968778,0.0863236100527522,0.064844346889466,0.0129399299249403,0.0111446427361135,57.6041266396917,0.18704655248997,56.9664257217849,1.8102559117119,0.32931209377789,"Malawi","All","All",1,18841350.6633035,549
"139",139,18841292.6792573,0.0826193442426391,0.0620617860706764,0.0123865942333896,0.0107274351398881,57.6288183105529,0.187432732317563,56.984046202557,1.81101073660459,0.329551780680671,"Malawi","All","All",1,18841350.6633035,549
"140",140,18841292.6623929,0.079074033968859,0.0593986290587618,0.0118568130795265,0.0103246062200591,57.6524520470481,0.187804432955516,57.0009105623308,1.81173317084079,0.32978121706033,"Malawi","All","All",1,18841350.6633035,549
"141",141,18841292.6462522,0.0756808578545779,0.0568497517899283,0.0113495943033355,0.0099357411520339,57.6750731491221,0.188162154869312,57.0170512490913,1.81242460442489,0.330000839387443,"Malawi","All","All",1,18841350.6633035,549
"142",142,18841292.6308042,0.072433287504758,0.0544102502814354,0.0108639865198537,0.00956043143708189,57.6967249774399,0.188506383982692,57.0324993171657,1.81308636765984,0.33021106572285,"Malawi","All","All",1,18841350.6633035,549
"143",143,18841292.616019,0.0693250748783187,0.0520754311460792,0.0103990775444809,0.0091982752718848,57.7174490365424,0.188837591907187,57.0472844872903,1.81371973372036,0.330412296477641,"Malawi","All","All",1,18841350.6633035,549
"144",144,18841292.6018683,0.0663502399513245,0.0498408023252491,0.0099539928371504,0.00884887787638287,57.7372850561169,0.189156236187758,57.0614352052947,1.81432592116678,0.330604915158825,"Malawi","All","All",1,18841350.6633035,549
"145",145,18841292.5883248,0.0635030593032488,0.0477020645148059,0.00952789404206684,0.00851185175776682,57.7562710662219,0.189462760555412,57.0749786963952,1.81490609627092,0.330789289063039,"Malawi","All","All",1,18841350.6633035,549
"146",146,18841292.5753625,0.0607780551132123,0.0456551028995101,0.00911997756797914,0.00818681693722553,57.7744434698309,0.189757595188351,57.0879410175372,1.8154613752583,0.330965769947505,"Malawi","All","All",1,18841350.6633035,549
"147",147,18841292.5629564,0.0581699846207301,0.0436959792363335,0.00872947321526859,0.0078734011378436,57.7918371123373,0.190041156980726,57.1003471075282,1.81599282645571,0.331134694675076,"Malawi","All","All",1,18841350.6633035,549
"148",148,18841292.5510827,0.0556738300396006,0.0418209242776763,0.00835564285018488,0.00757123993659773,57.8084853480951,0.190313849817464,57.1122208350166,1.81650147234656,0.331296385833723,"Malawi","All","All",1,18841350.6633035,549
"149",149,18841292.5397184,0.0532847889036997,0.0400263305195052,0.00799777912550795,0.00727997688368437,57.8244201041276,0.190576064853831,57.1235850444138,1.81698829153808,0.331451152331395,"Malawi","All","All",1,18841350.6633035,549
"150",150,18841292.5288419,0.0509982648272481,0.0383087452608144,0.00765520424659794,0.00699926359177266,57.839671941121,0.190828180798675,57.1344615998461,1.81745422064411,0.331599289967074,"Malawi","All","All",1,18841350.6633035,549
"151",151,18841292.5184321,0.0488098586617582,0.0366648639606592,0.00732726878184977,0.00672875979779817,57.8542701118176,0.191070564200335,57.14487142722,1.81790015608711,0.3317410819789,"Malawi","All","All",1,18841350.6633035,549
"152",152,18841292.5084689,0.0467153600322521,0.0350915238804776,0.00701335051647505,0.00646813339970178,57.8682426169193,0.191303569734282,57.1548345544825,1.81832695582281,0.331876799570189,"Malawi","All","All",1,18841350.6633035,549
"153",153,18841292.4989333,0.0447107392366725,0.0335856979992326,0.00671285334851011,0.00621706047036028,57.8816162586071,0.191527540491646,57.1643701501535,1.81873544099088,0.332006702414149,"Malawi","All","All",1,18841350.6633035,549
"154",154,18841292.4898069,0.0427921394930699,0.0321444891894564,0.006425206225929,0.00597522525080363,57.8944166917783,0.191742808267862,57.1734965602054,1.81912639749473,0.332131039138092,"Malawi","All","All",1,18841350.6633035,549
"155",155,18841292.4810722,0.0409558695193187,0.0307651246433964,0.00614986212370305,0.00574232012467148,57.9066684730977,0.191949693850748,57.1822313433595,1.8195005775136,0.332250047787904,"Malawi","All","All",1,18841350.6633035,549
"156",156,18841292.4727122,0.0391983964312404,0.0294449505383514,0.00588629705965274,0.00551804557572595,57.9183951079558,0.192148507307366,57.1905913048682,1.81985870094968,0.332363956273518,"Malawi","All","All",1,18841350.6633035,549
"157",157,18841292.464711,0.0375163389456207,0.0281814269307521,0.00563400914793267,0.00530211013011032,57.9296190954235,0.192339548269112,57.1985925288471,1.82020145681313,0.332472982796109,"Malawi","All","All",1,18841350.6633035,549
"158",158,18841292.4570531,0.0359064608747697,0.0269721228694958,0.0053925176889786,0.00509423028492392,57.9403619712876,0.192523106214528,57.2062504092203,1.82052950454778,0.332577336257734,"Malawi","All","All",1,18841350.6633035,549
"159",159,18841292.4497238,0.0343656649002278,0.0258147117189858,0.00516136229476267,0.00489413042457014,57.9506443492494,0.192699460749359,57.2135796793373,1.82084347529977,0.332677216654058,"Malawi","All","All",1,18841350.6633035,549
"160",160,18841292.4427091,0.0328909866137711,0.024706966682722,0.00494010204821299,0.00470154272622836,57.9604859603648,0.192868881883467,57.2205944403191,1.82114397313191,0.332772815450864,"Malawi","All","All",1,18841350.6633035,549
"161",161,18841292.4359953,0.0314795888140233,0.0236467565191014,0.00472831469565643,0.00451620705570133,57.9699056907997,0.193031630304234,57.2273081881884,1.82143157618585,0.332864315944957,"Malawi","All","All",1,18841350.6633035,549
"162",162,18841292.4295697,0.0301287560477967,0.0226320414410747,0.00452559587116889,0.00433787085479541,57.9789216179736,0.193187957646133,57.2337338398346,1.82170683779436,0.332951893610081,"Malawi","All","All",1,18841350.6633035,549
"163",163,18841292.4234197,0.0288358893857701,0.0216608691916336,0.00433155835173682,0.00416628902130324,57.9875510451589,0.193338106756183,57.2398837578655,1.82197028754594,0.333035716428451,"Malawi","All","All",1,18841350.6633035,549
"164",164,18841292.4175337,0.0275985014222694,0.0207313712878014,0.00414583134214539,0.00400122378257636,57.9958105346027,0.193482311955056,57.2457697743925,1.82222243230373,0.333115945208467,"Malawi","All","All",1,18841350.6633035,549
"165",165,18841292.4119003,0.0264142114896012,0.0198417594258157,0.00396805978853898,0.00384244456359787,58.0037159392334,0.193620799293617,57.2514032137946,1.82246375718066,0.333192733889164,"Malawi","All","All",1,18841350.6633035,549
"166",166,18841292.4065086,0.0252807410778284,0.0189903220404688,0.00379790371962411,0.00368972785039282,58.0112824330129,0.193753786804718,57.256794914506,1.8226947264728,0.333266229831922,"Malawi","All","All",1,18841350.6633035,549
"167",167,18841292.4013482,0.0241959094510254,0.01817542101217,0.00363503761450256,0.00354285704954683,58.0185245399914,0.193881484750103,57.2619552498687,1.82291578455264,0.333336574099975,"Malawi","All","All",1,18841350.6633035,549
"168",168,18841292.3964093,0.0231576294516315,0.0173954885153281,0.00347914979615413,0.00340162234453994,58.0254561621205,0.194004095862285,57.2668941480905,1.823127356724,0.333403901726179,"Malawi","All","All",1,18841350.6633035,549
"169",169,18841292.3916824,0.0221639034849154,0.016649024001891,0.003329941849616,0.00326582054954366,58.0320906058783,0.194121815581309,57.2716211113456,1.82332985004036,0.333468341969544,"Malawi","All","All",1,18841350.6633035,549
"170",170,18841292.3871583,0.021212819675699,0.0159345913143878,0.00318712806392587,0.00313525496127429,58.0384406077555,0.194234832286313,57.276145234057,1.82352365408797,0.333530018560977,"Malawi","All","All",1,18841350.6633035,549
"171",171,18841292.3828283,0.0203025481899891,0.0152508159228708,0.00305043489692841,0.0030097352094441,58.0445183586526,0.194343327521836,57.2804752203936,1.82370914173536,0.333589049938675,"Malawi","All","All",1,18841350.6633035,549
"172",172,18841292.3786841,0.0194313377145099,0.0145963822803534,0.00291960046207221,0.00288907710630393,58.050335527234,0.194447476218814,57.2846194010161,1.8238866698508,0.333645549473599,"Malawi","All","All",1,18841350.6633035,549
"173",173,18841292.3747177,0.0185975120872626,0.0139700312917809,0.0027943740363467,0.00277310249572635,58.0559032822836,0.194547446910271,57.288585749105,1.82405657998883,0.33369962568543,"Malawi","All","All",1,18841350.6633035,549
"174",174,18841292.3709216,0.0177994670726593,0.0133705578916261,0.00267451558853912,0.00266163910223701,58.0612323141041,0.194643401941661,57.2923818957008,1.8242191990474,0.333751382449412,"Malawi","All","All",1,18841350.6633035,549
"175",175,18841292.3672883,0.0170356672750889,0.0127968087253746,0.0025597953270194,0.00255452038036299,58.0663328550015,0.194735497675894,57.2960151443853,1.82437483989684,0.33380091919444,"Malawi","All","All",1,18841350.6633035,549
"176",176,18841292.363811,0.0163046431848922,0.0122476799305426,0.00244999326628306,0.00245158536463144,58.0712146988942,0.194823884693048,57.2994924853336,1.82452380198175,0.333848331092773,"Malawi","All","All",1,18841350.6633035,549
"177",177,18841292.3604829,0.0156049883510874,0.0117221150129266,0.00234489881151101,0.00235267852051825,58.0758872200817,0.194908707984801,57.3028206087626,1.82466637189719,0.333893709241709,"Malawi","All","All",1,18841350.6633035,549
"178",178,18841292.3572976,0.0149353566754572,0.0112191028139392,0.00224431036043214,0.00225764959661567,58.0803593912128,0.194990107143616,57.3060059178029,1.82480282393999,0.333937140837567,"Malawi","All","All",1,18841350.6633035,549
"179",179,18841292.3542489,0.0142944598227236,0.0107376755652005,0.00214803492179565,0.00216635347825937,58.0846398004829,0.195068216546736,57.3090545408177,1.82493342063655,0.333978709342281,"Malawi","All","All",1,18841350.6633035,549
"180",180,18841292.3513311,0.0136810647418459,0.0102769070266228,0.00205588774978741,0.00207865004282876,58.0887366680976,0.195143165535034,57.3119723431937,1.82505841324788,0.334018494642928,"Malawi","All","All",1,18841350.6633035,549
"181",181,18841292.3485385,0.0130939912937155,0.00983591070435317,0.00196769199374957,0.00199440401690991,58.0926578620304,0.195215078586784,57.314764938626,1.82517804225304,0.334056573204485,"Malawi","All","All",1,18841350.6633035,549
"182",182,18841292.3458658,0.0125321099806285,0.00941383814521085,0.00188327836258274,0.00191348483548794,58.0964109131074,0.195284075486433,57.3174376999178,1.82529253781181,0.334093018216088,"Malawi","All","All",1,18841350.6633035,549
"183",183,18841292.3433077,0.0119943397731807,0.00900987730432553,0.00180248480323536,0.00183576650331474,58.1000030294458,0.195350271488422,57.3199957693183,1.82540212020748,0.334127899731073,"Malawi","All","All",1,18841350.6633035,549
"184",184,18841292.3408594,0.0114796460304403,0.00862325098278879,0.00172515619270754,0.0017611274585786,58.1034411102746,0.195413777476164,57.3224440684153,1.82550700027069,0.334161284801067,"Malawi","All","All",1,18841350.6633035,549
"185",185,18841292.3385162,0.0109870385093525,0.00825321533236833,0.0016511440430159,0.00168945043898478,58.1067317591648,0.195474700116248,57.3247873076048,1.82560737978504,0.33419323760436,"Malawi","All","All",1,18841350.6633035,549
"186",186,18841292.3362735,0.0105155694595543,0.00789905842439759,0.00158030621858858,0.00162062235033956,58.1098812966921,0.195533142007949,57.3270299951529,1.82570345187531,0.334223819568822,"Malawi","All","All",1,18841350.6633035,549
"187",187,18841292.334127,0.0100643317999665,0.00756009888004883,0.00151250666558042,0.00155453413771546,58.1128957725585,0.195589201828152,57.32917644587,1.82579540137904,0.334253089489574,"Malawi","All","All",1,18841350.6633035,549
"188",188,18841292.3320727,0.00963245737361682,0.00723568455939895,0.00144761515261616,0.00149108065926147,58.1157809771951,0.195642974471769,57.3312307894117,1.82588340520213,0.334281103641652,"Malawi","All","All",1,18841350.6633035,549
"189",189,18841292.3301065,0.00921911527734401,0.00692519130675886,0.0013855070224898,0.00143016056270984,58.1185424528677,0.195694551187745,57.3331969782247,1.82596763265921,0.334307915887859,"Malawi","All","All",1,18841350.6633035,549
"190",190,18841292.3282247,0.00882351026319462,0.00662802174981971,0.00132606295436733,0.001371676164619,58.1211855043078,0.19574401971075,57.3350787951506,1.82604824579937,0.334333577782026,"Malawi","All","All",1,18841350.6633035,549
"191",191,18841292.3264236,0.00844488120840808,0.00634360415034201,0.00126916873605608,0.00131553333238221,58.123715208888,0.195791464388665,57.3368798607038,1.82612539971796,0.334358138667856,"Malawi","All","All",1,18841350.6633035,549
"192",192,18841292.3246998,0.00808249965104984,0.0060713913041716,0.00121471504592242,0.00126164136902166,58.1261364263617,0.195836966305933,57.3386036400378,1.82619924285497,0.334381645773562,"Malawi","All","All",1,18841350.6633035,549
"193",193,18841292.32305,0.0077356683884979,0.0058108594884388,0.00116259724405658,0.00120991290077906,58.1284538081866,0.195880603402909,57.3402534496112,1.82626991728062,0.334404144302454,"Malawi","All","All",1,18841350.6633035,549
"194",194,18841292.321471,0.00740372013606214,0.00556150745394446,0.00111271517229791,0.00116026376750611,58.1306718064481,0.195922450591275,57.3418324635692,1.82633755896872,0.334425677519661,"Malawi","All","All",1,18841350.6633035,549
"195",195,18841292.3199598,0.00708601624315803,0.00532285546079156,0.00106497296275046,0.00111261291585084,58.1327946824013,0.195962579865639,57.3433437198495,1.82640229805822,0.334446286835151,"Malawi","All","All",1,18841350.6633035,549
"196",196,18841292.3185134,0.00678194546458385,0.00509444435538373,0.00101927885443395,0.00106688229522947,58.1348265146471,0.196001060411417,57.3447901260281,1.82646425910367,0.334466011883195,"Malawi","All","All",1,18841350.6633035,549
"197",197,18841292.317129,0.00649092278451771,0.00487583468703869,0.000975545017728453,0.00102299675656777,58.1367712069578,0.196037958709078,57.3461744649127,1.82652356131478,0.334484890598448,"Malawi","All","All",1,18841350.6633035,549
"198",198,18841292.3158041,0.00621238829097318,0.0046666058625156,0.000933687386285726,0.000980883953790464,58.1386324957686,0.196073338634868,57.347499399897,1.82658031878581,0.334502959288764,"Malawi","All","All",1,18841350.6633035,549
"199",199,18841292.314536,0.00594580609856403,0.00446635533681003,0.000893625496093707,0.0009404742480328,58.140413957347,0.196107261558108,57.3487674800845,1.8266346407151,0.334520252704906,"Malawi","All","All",1,18841350.6633035,549
"200",200,18841292.3133223,0.00569066331748971,0.004274697838679,0.000855282331392694,0.000901700614544144,58.1421190146563,0.196139786435145,57.3499811451935,1.8266866316151,0.334536804107268,"Malawi","All","All",1,18841350.6633035,549
"201",201,18841292.3121607,0.0054464690667584,0.00409126462940555,0.000818584177154512,0.000864498552249829,58.1437509439248,0.196170969900074,57.3511427302504,1.82673639151352,0.334552645329755,"Malawi","All","All",1,18841350.6633035,549
"202",202,18841292.311049,0.00521275352976268,0.0039157027933602,0.000783460477848227,0.000828805995934284,58.1453128809333,0.196200866352302,57.3522544700824,1.82678401614574,0.334567806840911,"Malawi","All","All",1,18841350.6633035,549
"203",203,18841292.309985,0.00498906705037784,0.00374767455901012,0.000749843702226587,0.000794563231005623,58.1468078270336,0.196229528041066,57.3533185036172,1.82682959713897,0.334582317802449,"Malawi","All","All",1,18841350.6633035,549
"204",204,18841292.3089666,0.00477497926784392,0.00358685664906957,0.000717669213878743,0.000761712810799435,58.1482386549096,0.196257005146979,57.3543368779981,1.8268732221886,0.334596206125266,"Malawi","All","All",1,18841350.6633035,549
"205",205,18841292.3079919,0.00457007828877818,0.00343293965852774,0.000686875147305629,0.000730199476377385,58.1496081140911,0.196283345860701,57.3553115525228,1.82691497522688,0.334609498523064,"Malawi","All","All",1,18841350.6633035,549
"206",206,18841292.3070591,0.00437396989471468,0.00328562745936985,0.00065740228928392,0.000699970078774454,58.1509188362315,0.196308596458823,57.3562444024125,1.82695493658442,0.334622220563672,"Malawi","All","All",1,18841350.6633035,549
"207",207,18841292.3061663,0.00418627678364597,0.00314463663084673,0.000629193965294442,0.00067097350364713,58.1521733401599,0.196332801377047,57.3571372224204,1.82699318314472,0.334634396718175,"Malawi","All","All",1,18841350.6633035,549
"208",208,18841292.3053118,0.00400663784411709,0.00300969591418527,0.000602195930800586,0.000643160598273608,58.153374036716,0.196356003280744,57.3579917302841,1.8270297884921,0.334646050407937,"Malawi","All","All",1,18841350.6633035,549
"209",209,18841292.3044939,0.00383470746046694,0.00288054569070074,0.000576356267170686,0.000616484100856036,58.1545232333788,0.196378243132978,57.3588095700309,1.82706482305328,0.334657204049608,"Malawi","All","All",1,18841350.6633035,549
"210",210,18841292.3037112,0.00367015484787959,0.00275693748230774,0.000551625282047143,0.000590898572074101,58.1556231386962,0.19639956026007,57.3595923151406,1.82709835423288,0.334667879098207,"Malawi","All","All",1,18841350.6633035,549
"211",211,18841292.302962,0.00351266341597437,0.00263863347345905,0.000527955413973632,0.000566360328838598,58.1566758665255,0.196419992414788,57.3603414715725,1.82713044654309,0.334678096088358,"Malawi","All","All",1,18841350.6633035,549
"212",212,18841292.302245,0.00336193015970334,0.00252540605360092,0.00050530114109915,0.000542827380193267,58.1576834400917,0.196439575837229,57.3610584806635,1.82716116172778,0.334687874673755,"Malawi","All","All",1,18841350.6633035,549
"213",213,18841292.3015588,0.00321766507638368,0.00241703737926535,0.000483618893785499,0.000520259365312936,58.1586477958723,0.196458345313484,57.3617447219005,1.82719055888132,0.334697233664948,"Malawi","All","All",1,18841350.6633035,549
"214",214,18841292.300902,0.00307959060774985,0.00231331895494885,0.000462866970952273,0.0004986174935459,58.1595707873155,0.196476334232136,57.3624015155748,1.82721869456225,0.334706191065493,"Malawi","All","All",1,18841350.6633035,549
"215",215,18841292.3002734,0.00294744110594684,0.0022140512319779,0.000443005460000062,0.000477864486448534,58.1604541883991,0.196493574638693,57.3630301253221,1.82724562290211,0.33471476410657,"Malawi","All","All",1,18841350.6633035,549
"216",216,18841292.2996717,0.00282096232243609,0.0021190432245903,0.000423996160159434,0.000457964521760311,58.1612996970368,0.196510097287991,57.3636317605537,1.82727139570958,0.334722969280103,"Malawi","All","All",1,18841350.6633035,549
"217",217,18841292.2990959,0.00269991091883638,0.00202811214248716,0.000405802509119861,0.000438883179267655,58.1621089383393,0.196525931694662,57.3642075787836,1.82729606257016,0.334730822370469,"Malawi","All","All",1,18841350.6633035,549
"218",218,18841292.2985448,0.00258405399875429,0.00194108303915375,0.000388389512798645,0.000420587388505472,58.1628834677342,0.196541106181726,57.3647586878551,1.82731967094156,0.334738338484847,"Malawi","All","All",1,18841350.6633035,549
"219",219,18841292.2980173,0.00247316865970247,0.00185778847527376,0.000371723678115895,0.000403045378245637,58.1636247739537,0.196555647927353,57.3652861480723,1.82734226624502,0.334745532082265,"Malawi","All","All",1,18841350.6633035,549
"220",220,18841292.2975125,0.00236704156424837,0.00177806819658365,0.000355772948647441,0.000386226627722306,58.1643342818934,0.196569583009888,57.3657909742405,1.82736389195269,0.334752417001397,"Malawi","All","All",1,18841350.6633035,549
"221",221,18841292.2970293,0.00226546852956486,0.00170176882555171,0.00034050664303277,0.00037010181954449,58.1650133553491,0.196582936451176,57.3662741376179,1.82738458967126,0.334759006487178,"Malawi","All","All",1,18841350.6633035,549
"222",222,18841292.2965669,0.00216825413459215,0.00162874356628947,0.000325895396020333,0.000354642794247055,58.1656632996358,0.19659573225825,57.3667365677851,1.82740439922204,0.33476531321627,"Malawi","All","All",1,18841350.6633035,549
"223",223,18841292.2961243,0.00207521134405908,0.00155885192212329,0.000311911102037721,0.000339822506432019,58.1662853640948,0.19660799346345,57.3671791544328,1.82742335871753,0.33477134932144,"Malawi","All","All",1,18841350.6633035,549
"224",224,18841292.2957007,0.00198616114863764,0.00149195942528586,0.000298526861178761,0.000325614982452801,58.1668807444935,0.196619742163014,57.367602749074,1.82744150463479,0.334777126414891,"Malawi","All","All",1,18841350.6633035,549
"225",225,18841292.2952953,0.00190093222053756,0.00142793737820882,0.000285716927504263,0.000311995279594914,58.1674505853219,0.196630999554202,57.3680081666819,1.82745887188559,0.334782655610593,"Malawi","All","All",1,18841350.6633035,549
"226",226,18841292.2949073,0.0018193605838816,0.00136666260591467,0.000273456659557601,0.000298939446707421,58.1679959819912,0.19664178597101,57.3683961872582,1.82747549388358,0.33478794754566,"Malawi","All","All",1,18841350.6633035,549
"227",227,18841292.2945359,0.00174128929922505,0.00130801721903438,0.000261722473000412,0.000286424486240395,58.1685179829378,0.19665212091851,57.3687675573337,1.8274914026086,0.3347930124008,"Malawi","All","All",1,18841350.6633035,549
"228",228,18841292.2941805,0.00166656816145928,0.00125188838688112,0.000250491795254824,0.000274428317625869,58.1690175916382,0.196662023105896,57.3691229914053,1.8275066286682,0.334797859919911,"Malawi","All","All",1,18841350.6633035,549
"229",229,18841292.2938403,0.0015950534111933,0.00119816812064551,0.000239743022166429,0.000262929742039583,58.1694957685343,0.196671510478204,57.3694631733085,1.8275212013565,0.334802499428797,"Malawi","All","All",1,18841350.6633035,549
"230",230,18841292.2935147,0.00152660745504591,0.00114675306328483,0.000229455476002801,0.000251908408013887,58.1699534328993,0.196680600247189,57.3697887575488,1.82753514871115,0.334806939853301,"Malawi","All","All",1,18841350.6633035,549
"231",231,18841292.2932031,0.00146109860660936,0.00109754429494218,0.000219609366554008,0.000241344779369356,58.1703914645654,0.196689308920055,57.3701003705329,1.82754849756611,0.334811189736112,"Malawi","All","All",1,18841350.6633035,549
"232",232,18841292.2929049,0.00139840083367743,0.00105044714306927,0.000210185753171788,0.00023122010371577,58.1708107056106,0.196697652327612,57.3703986117718,1.8275612736032,0.33481525725315,"Malawi","All","All",1,18841350.6633035,549
"233",233,18841292.2926194,0.00133839350936726,0.00100537099547418,0.000201166507391845,0.000221516381256038,58.1712119620189,0.196705645652098,57.3706840550645,1.82757350140278,0.334819150229712,"Malawi","All","All",1,18841350.6633035,549
"234",234,18841292.2923462,0.00128096118278084,0.00096222912804823,0.000192534278488842,0.000212216335820332,58.1715960052105,0.196713303452961,57.3709572495885,1.82758520449047,0.334822876155344,"Malawi","All","All",1,18841350.6633035,549
"235",235,18841292.2920848,0.00122599335718911,0.000920938538142794,0.000184272460159882,0.000203303386689774,58.1719635735217,0.196720639691872,57.3712187209557,1.82759640538239,0.334826442198226,"Malawi","All","All",1,18841350.6633035,549
"236",236,18841292.2918345,0.00117338427742708,0.000881419784864914,0.000176365158590163,0.000194761621426343,58.1723153736238,0.19672766775681,57.3714689722228,1.82760712562847,0.334829855218963,"Malawi","All","All",1,18841350.6633035,549
"237",237,18841292.291595,0.00112303272643144,0.000843596836241218,0.00016879716189072,0.000186575769714409,58.1726520818807,0.196734400485197,57.3717084848602,1.82761738585388,0.33483312178378,"Malawi","All","All",1,18841350.6633035,549
"238",238,18841292.2913658,0.0010748418305038,0.000807396922936139,0.000161553910845785,0.000178731178177748,58.1729743456486,0.196740850186127,57.3719377196771,1.82762720579875,0.334836248177152,"Malawi","All","All",1,18841350.6633035,549
"239",239,18841292.2911464,0.00102871887293092,0.000772750398247419,0.0001546214709145,0.000171213786139124,58.1732827845194,0.196747028661722,57.3721571177094,1.82763660435613,0.334839240413895,"Malawi","All","All",1,18841350.6633035,549
"240",240,18841292.2909364,0.000984575115602612,0.000739590604109615,0.000147986505433237,0.000164010102290002,58.1735779915119,0.196752947227654,57.3723671010669,1.82764559960834,0.334842104250731,"Malawi","All","All",1,18841350.6633035,549
"241",241,18841292.2907354,0.000942325628284359,0.000707853742847579,0.000141636249967038,0.000157107182238916,58.1738605342105,0.19675861673285,57.3725680737466,1.82765420886178,0.334844845197369,"Malawi","All","All",1,18841350.6633035,549
"242",242,18841292.2905431,0.000901889125216101,0.000677478754433088,0.000135558487760985,0.000150492606907894,58.1741309558565,0.196764047578425,57.3727604224092,1.82766244868017,0.334847468527098,"Malawi","All","All",1,18841350.6633035,549
"243",243,18841292.290359,0.000863187808722764,0.000648407199008616,0.000129741526244337,0.000144154461747283,58.1743897763916,0.196769249735864,57.3729445171232,1.82767033491651,0.334849979286931,"Malawi","All","All",1,18841350.6633035,549
"244",244,18841292.2901828,0.00082614721953567,0.000620583144452187,0.000124174174542332,0.000138081316740164,58.1746374934572,0.196774232764487,57.373120712077,1.82767788274347,0.334852382307319,"Malawi","All","All",1,18841350.6633035,549
"245",245,18841292.2900141,0.00079069609353689,0.00059395305876694,0.000118845721952482,0.000132262207168438,58.1748745833507,0.196779005828216,57.3732893462603,1.82768510668268,0.334854682211436,"Malawi","All","All",1,18841350.6633035,549
"246",246,18841292.2898527,0.000756766224650881,0.000568465707088426,0.000113745917343998,0.000126686615113507,58.1751015019405,0.19678357771168,57.3734507441163,1.82769202063262,0.33485688342408,"Malawi","All","All",1,18841350.6633035,549
"247",247,18841292.2896983,0.000724292333619637,0.000544072053111466,0.000108864949440804,0.000121344451665311,58.1753186855424,0.19678795683568,57.3736052161659,1.82769863789535,0.334858990180178,"Malawi","All","All",1,18841350.6633035,549
"248",248,18841292.2895504,0.000693211942408872,0.000520725164746918,0.000104193427950249,0.000116226039814297,58.1755265517581,0.196792151272034,57.373753059605,1.82770497120214,0.334861006532938,"Malawi","All","All",1,18841350.6633035,549
"249",249,18841292.2894089,0.000663465254003627,0.000498380123826837,9.97223655012738e-05,0.000111322098001713,58.1757255002775,0.196796168757833,57.3738945588766,1.82771103273792,0.334862936361645,"Malawi","All","All",1,18841350.6633035,549
"250",250,18841292.2892735,0.000634995037361997,0.000476993939684317,9.54431603573217e-05,0.000106623724304371,58.1759159136468,0.196800016709123,57.3740299862176,1.82771683416478,0.334864783379122,"Malawi","All","All",1,18841350.6633035,549
"251",251,18841292.2891439,0.000607746517305659,0.000456525466441746,9.13475798707872e-05,0.000102122381230836,58.1760981580043,0.196803702234047,57.3741596021832,1.82772238664434,0.334866551138875,"Malawi","All","All",1,18841350.6633035,549
"252",252,18841292.2890198,0.000581667269135353,0.000436935323848329,8.74277446472055e-05,9.78098811066988e-05,58.1762725837832,0.196807232145451,57.3742836561474,1.82772770085928,0.334868243041926,"Malawi","All","All",1,18841350.6633035,549
"253",253,18841292.2889011,0.000556707117768562,0.000418185821514588,8.36761133887512e-05,9.36783720273489e-05,58.1764395263858,0.196810612972991,57.3744023867835,1.82773278703387,0.334869862343361,"Malawi","All","All",1,18841350.6633035,549
"254",254,18841292.2887875,0.00053281804120532,0.000400240886398063,8.00854683879197e-05,8.97203243573741e-05,58.1765993068278,0.19681385097475,57.3745160225229,1.82773765495364,0.334871412158587,"Malawi","All","All",1,18841350.6633035,549
"255",255,18841292.2886787,0.000509954078136455,0.000383065993400703,7.66489016435103e-05,8.59285177563928e-05,58.1767522323554,0.196816952148391,57.3746247819947,1.82774231398419,0.334872895469326,"Malawi","All","All",1,18841350.6633035,549
"256",256,18841292.2885746,0.000488071239516479,0.00036662809894442,7.33598015722255e-05,8.22960287118143e-05,58.1768985970358,0.196819922241856,57.3747288744464,1.82774677308927,0.334874315129356,"Malawi","All","All",1,18841350.6633035,549
"257",257,18841292.288475,0.000467127423931011,0.000350895577397007,7.02118402903442e-05,7.8816218559675e-05,58.1770386823224,0.196822766763637,57.3748285001462,1.82775104084795,0.334875673869996,"Malawi","All","All",1,18841350.6633035,549
"258",258,18841292.2883796,0.000447082336595901,0.000335838160226109,6.71989614410208e-05,7.54827219753385e-05,58.1771727575958,0.196825490992634,57.3749238507686,1.82775512547117,0.334876974305362,"Malawi","All","All",1,18841350.6633035,549
"259",259,18841292.2882884,0.000427897411832216,0.000321426877764181,6.43153685438096e-05,7.22894359164699e-05,58.1773010806817,0.196828099987605,57.3750151097633,1.82775903481753,0.334878218937398,"Malawi","All","All",1,18841350.6633035,549
"260",260,18841292.288201,0.000409535738867931,0.000307634003472394,6.15555138440181e-05,6.92305090013021e-05,58.1774238983462,0.196830598596248,57.3751024527076,1.8277627764084,0.334879410160686,"Malawi","All","All",1,18841350.6633035,549
"261",261,18841292.2881174,0.000391961990823572,0.000294433000596252,5.89140876404494e-05,6.63003313057962e-05,58.1775414467705,0.196832991463901,57.3751860476447,1.8277663574424,0.334880550267055,"Malawi","All","All",1,18841350.6633035,549
"262",262,18841292.2880374,0.000375142356745187,0.000281798471110296,5.63860080710185e-05,6.34935245638701e-05,58.1776539520045,0.196835283041901,57.3752660554068,1.82776978480925,0.334881641449991,"Malawi","All","All",1,18841350.6633035,549
"263",263,18841292.2879609,0.00035904447655387,0.000269706106853652,5.39664113365995e-05,6.0804932755425e-05,58.1777616304015,0.196837477595592,57.3753426299246,1.82777306510303,0.334882685808856,"Malawi","All","All",1,18841350.6633035,549
"264",264,18841292.2878876,0.000343637378786696,0.00025813264276243,5.16506423443096e-05,5.82296130674343e-05,58.1778646890344,0.196839579212018,57.3754159185234,1.82777620463484,0.334883685352925,"Malawi","All","All",1,18841350.6633035,549
"265",265,18841292.2878174,0.000328891421009284,0.000247055812108982,4.94342457522367e-05,5.57628272138821e-05,58.177963326093,0.196841591807296,57.3754860622064,1.82777920944497,0.334884642005253,"Malawi","All","All",1,18841350.6633035,549
"266",266,18841292.2877503,0.000314778232785326,0.000236454303661904,4.73129573983911e-05,5.34000331008434e-05,58.1780577312659,0.196843519133691,57.3755531959265,1.82778208531452,0.334885557606377,"Malawi","All","All",1,18841350.6633035,549
"267",267,18841292.287686,0.000301270661093388,0.000226307720684365,4.52826960973994e-05,5.11368768234892e-05,58.1781480861042,0.196845364786407,57.3756174488453,1.82778483777651,0.334886433917853,"Malawi","All","All",1,18841350.6633035,549
"268",268,18841292.2876245,0.000288342718085942,0.000216596541691875,4.33395557891656e-05,4.89691849822707e-05,58.1782345643714,0.196847132210087,57.375678944582,1.82778747212653,0.334887272625647,"Malawi","All","All",1,18841350.6633035,549
"269",269,18841292.2875657,0.000275969531090134,0.000207302082893986,4.14797980244007e-05,4.68929573060011e-05,58.1783173323767,0.196848824705067,57.3757378014511,1.82778999343292,0.334888075343381,"Malawi","All","All",1,18841350.6633035,549
"270",270,18841292.2875094,0.000264127294754086,0.000198406462247677,3.96998447725693e-05,4.49043595699937e-05,58.1783965492955,0.196850445433359,57.3757941326901,1.82779240654656,0.334888843615432,"Malawi","All","All",1,18841350.6633035,549
"271",271,18841292.2874554,0.000252793225246673,0.000189892565053262,3.79962715384223e-05,4.29997167978488e-05,58.1784723674744,0.196851997424392,57.3758480466773,1.82779471611013,0.334889578919906,"Malawi","All","All",1,18841350.6633035,549
"272",272,18841292.2874038,0.000241945516422644,0.000181744011026613,3.63658007738768e-05,4.11755067358976e-05,58.178544932725,0.196853483580529,57.3758996471404,1.82779692656711,0.334890282671485,"Malawi","All","All",1,18841350.6633035,549
"273",273,18841292.2873545,0.000231563297868764,0.000173945122784374,3.48052955725725e-05,3.94283535897123e-05,58.1786143846037,0.196854906682338,57.3759490333559,1.82779904217032,0.334890956224142,"Malawi","All","All",1,18841350.6633035,549
"274",274,18841292.2873072,0.00022162659475025,0.000166480895681506,3.33117536349774e-05,3.77550220124858e-05,58.1786808566804,0.196856269393666,57.3759963003401,1.82780106699004,0.334891600873752,"Malawi","All","All",1,18841350.6633035,549
"275",275,18841292.2872619,0.000212116289380254,0.000159336968943154,3.18823014924367e-05,3.61524113354549e-05,58.1787444767947,0.196857574266493,57.3760415390323,1.82780300492194,0.334892217860582,"Malawi","All","All",1,18841350.6633035,549
"276",276,18841292.2872187,0.000203014084438457,0.000152499598035281,3.05141889790537e-05,3.46175500309122e-05,58.1788053673024,0.196858823745592,57.3760848364694,1.82780485969449,0.334892808371675,"Malawi","All","All",1,18841350.6633035,549
"277",277,18841292.2871772,0.000194302467767995,0.000145955628220919,2.92047839407718e-05,3.31475903986959e-05,58.1788636453099,0.196860020172991,57.3761262759532,1.82780663487616,0.334893373543142,"Malawi","All","All",1,18841350.6633035,549
"278",278,18841292.2871375,0.000185964675389593,0.000139692466777212,2.79515666764702e-05,3.173980294605e-05,58.1789194229224,0.196861165792692,57.3761659372268,1.82780833388299,0.334893914462551,"Malawi","All","All",1,18841350.6633035,549
"279",279,18841292.2870996,0.000177984681169119,0.000133698075233928,2.67521283851208e-05,3.03915749669725e-05,58.1789728073118,0.1968622627519,57.3762038965234,1.82780995998066,0.334894432169605,"Malawi","All","All",1,18841350.6633035,549
"280",280,18841292.2870633,0.000170347132548296,0.000127960921095808,2.56041615060728e-05,2.91004005629613e-05,58.1790239011472,0.196863313109337,57.3762402268722,1.82781151629757,0.334894927660307,"Malawi","All","All",1,18841350.6633035,549
"281",281,18841292.2870285,0.000163037326336421,0.000122469959657862,2.45054560805846e-05,2.7863876969985e-05,58.1790728027562,0.19686431883833,57.3762749982135,1.82781300582983,0.334895401888533,"Malawi","All","All",1,18841350.6633035,549
"282",282,18841292.2869952,0.000156041192869325,0.000117214622105932,2.34538973709676e-05,2.66797022061559e-05,58.1791196062306,0.196865281828792,57.3763082774739,1.82781443144443,0.33489585576706,"Malawi","All","All",1,18841350.6633035,549
"283",283,18841292.2869634,0.000149345272147704,0.000112184797592343,2.24474622741984e-05,2.55456714373042e-05,58.1791644015863,0.196866203890275,57.37634012868,1.82781579588414,0.334896290169111,"Malawi","All","All",1,18841350.6633035,549
"284",284,18841292.2869329,0.000142936681673914,0.000107370809075636,2.14842144877711e-05,2.44596720094437e-05,58.1792072749781,0.196867086756112,57.3763706131115,1.82781710177406,0.334896705930444,"Malawi","All","All",1,18841350.6633035,549
"285",285,18841292.2869037,0.000136803091749262,0.000102763394764444,2.05623007968688e-05,2.34196796456862e-05,58.1792483088647,0.196867932086598,57.3763997894182,1.82781835162663,0.334897103850954,"Malawi","All","All",1,18841350.6633035,549
"286",286,18841292.2868758,0.00013093270175985,9.83536903039594e-05,1.96799475101092e-05,2.2423754787742e-05,58.1792875821672,0.196868741472043,57.3764277137336,1.82781954784647,0.334897484696213,"Malawi","All","All",1,18841350.6633035,549
"287",287,18841292.286849,0.000125314217470698,9.41332117197846e-05,1.88354570468275e-05,2.14700390853362e-05,58.1793251704209,0.196869516435703,57.376454439782,1.82782069273504,0.334897849198939,"Malawi","All","All",1,18841350.6633035,549
"288",288,18841292.2868235,0.000119936829296425,9.00938390953629e-05,1.80272046711315e-05,2.05567520292884e-05,58.1793611459209,0.196870258436589,57.3764800189825,1.82782178849503,0.334898198060409,"Malawi","All","All",1,18841350.6633035,549
"289",289,18841292.286799,0.000114790191504336,8.62278009498071e-05,1.7253635366093e-05,1.96821877222003e-05,58.1793955778603,0.196870968872158,57.376504500548,1.82782283723459,0.33489853195181,"Malawi","All","All",1,18841350.6633035,549
"290",290,18841292.2867755,0.000109864402309932,8.25276592860933e-05,1.65132608420669e-05,1.88447117812493e-05,58.179428532464,0.19687164908089,57.3765279315791,1.82782384097145,0.334898851515524,"Malawi","All","All",1,18841350.6633035,549
"291",291,18841292.2867531,0.000105149984826542,7.89862952808561e-05,1.58046566733812e-05,1.8042758367796e-05,58.1794600731158,0.196872300344766,57.3765503571557,1.82782480163671,0.334899157366369,"Malawi","All","All",1,18841350.6633035,549
"292",292,18841292.2867317,0.000100637868832432,7.55968955882513e-05,1.51264595578923e-05,1.72748273387195e-05,58.1794902604801,0.196872923891635,57.3765718204231,1.82782572107864,0.334899450092781,"Malawi","All","All",1,18841350.6633035,549
"293",293,18841292.2867111,9.63193733203078e-05,7.23529392315377e-05,1.44773646941322e-05,1.6539481514591e-05,58.1795191526188,0.196873520897484,57.376592362675,1.82782660106618,0.334899730257945,"Malawi","All","All",1,18841350.6633035,549
"294",294,18841292.2866915,9.21861897956432e-05,6.92481850571571e-05,1.3856123271002e-05,1.58353440599871e-05,58.1795468051028,0.19687409248862,57.3766120234336,1.82782744329236,0.33489999840088,"Malawi","All","All",1,18841350.6633035,549
"295",295,18841292.2866726,8.82303662916952e-05,6.62766597271749e-05,1.32615400651831e-05,1.51610959714272e-05,58.1795732711188,0.196874639743752,57.3766308405246,1.82782824937758,0.334900255037473,"Malawi","All","All",1,18841350.6633035,549
"296",296,18841292.2866546,8.4444292070456e-05,6.34326462269806e-05,1.26924711416439e-05,1.45154736685958e-05,58.1795986015719,0.196875163695993,57.376648850151,1.82782902087268,0.334900500661475,"Malawi","All","All",1,18841350.6633035,549
"297",297,18841292.2866374,8.08206829801052e-05,6.07106728661363e-05,1.21478216528177e-05,1.38972666846803e-05,58.1796228451831,0.196875665334774,57.376666086962,1.82782975926197,0.334900735745451,"Malawi","All","All",1,18841350.6633035,549
"298",298,18841292.2866209,7.73525674407929e-05,5.81055027512132e-05,1.16265437322189e-05,1.33053154518202e-05,58.1796460485831,0.196876145607683,57.3766825841201,1.82783046596606,0.334900960741686,"Malawi","All","All",1,18841350.6633035,549
"299",299,18841292.2866051,7.4033273031789e-05,5.56121237103613e-05,1.11276344784448e-05,1.27385091778172e-05,58.1796682564022,0.196876605422224,57.3766983733648,1.82783114234461,0.334901176083056,"Malawi","All","All",1,18841350.6633035,549
"300",300,18841292.28659,7.08564136541954e-05,5.32257386502278e-05,1.06501340256842e-05,1.21957838104116e-05,58.1796895113558,0.196877045647501,57.3767134850734,1.82783178969891,0.334901382183863,"Malawi","All","All",1,18841350.6633035,549
"301",301,18841292.2865755,6.78158772445218e-05,5.09417563266735e-05,1.01931236970216e-05,1.16761200855736e-05,58.1797098543267,0.196877467115839,57.3767279483199,1.82783240927444,0.334901579440632,"Malawi","All","All",1,18841350.6633035,549
"302",302,18841292.2865617,6.49058140154871e-05,4.87557825115274e-05,9.75572423698384e-06,1.11785416563984e-05,58.1797293244438,0.196877870624328,57.3767417909306,1.82783300226322,0.334901768232871,"Malawi","All","All",1,18841350.6633035,549
"303",303,18841292.2865484,6.21206252014228e-05,4.66636115383882e-05,9.33709411992926e-06,1.07021132993313e-05,58.1797479591573,0.196878256936306,57.3767550395377,1.82783356980611,0.334901948923803,"Malawi","All","All",1,18841350.6633035,549
"304",304,18841292.2865358,5.94549522866246e-05,4.46612182112052e-05,8.93642793102451e-06,1.02459391945752e-05,58.1797657943103,0.196878626782788,57.3767677196307,1.82783411299504,0.334902121861065,"Malawi","All","All",1,18841350.6633035,549
"305",305,18841292.2865236,5.69036666959297e-05,4.27447500600722e-05,8.55295481669475e-06,9.80916127766115e-06,58.1797828642086,0.196878980863818,57.3767798556052,1.82783463287506,0.334902287377376,"Malawi","All","All",1,18841350.6633035,549
"306",306,18841292.286512,5.44618599276826e-05,4.09105199293348e-05,8.18593700156606e-06,9.39095765928154e-06,58.1797992016858,0.196879319849784,57.3767914708101,1.82783513044638,0.334902445791179,"Malawi","All","All",1,18841350.6633035,549
"307",307,18841292.2865009,5.21248341101097e-05,3.91549988837513e-05,7.83466836904668e-06,8.99054111059972e-06,58.179814838167,0.196879644382662,57.3768025875921,1.8278356066663,0.33490259740725,"Malawi","All","All",1,18841350.6633035,549
"308",308,18841292.2864902,4.98880929629292e-05,3.74748094190592e-05,7.49847310281662e-06,8.60715761136355e-06,58.1798298037289,0.196879955077216,57.3768132273392,1.82783606245104,0.334902742517289,"Malawi","All","All",1,18841350.6633035,549
"309",309,18841292.2864801,4.77473331468117e-05,3.5866718963884e-05,7.17670438661189e-06,8.24008495825486e-06,58.179844127158,0.196880252522148,57.3768234105216,1.82783649867749,0.334902881400478,"Malawi","All","All",1,18841350.6633035,549
"310",310,18841292.2864703,4.56984359840444e-05,3.43276336604898e-05,6.86874315980197e-06,7.88863143101096e-06,58.1798578360057,0.196880537281196,57.3768331567311,1.82783691618492,0.334903014324018,"Malawi","All","All",1,18841350.6633035,549
"311",311,18841292.286461,4.3737459534473e-05,3.28545924124058e-05,6.57399692636639e-06,7.55213451395233e-06,58.1798709566411,0.196880809894189,57.3768424847187,1.82783731577659,0.334903141543645,"Malawi","All","All",1,18841350.6633035,549
"312",312,18841292.2864521,4.1860631011474e-05,3.14447611874752e-05,6.29189861497918e-06,7.22995967064576e-06,58.1798835143022,0.196881070878054,57.3768514124307,1.82783769822128,0.334903263304121,"Malawi","All","All",1,18841350.6633035,549
"313",313,18841292.2864435,4.00643395233676e-05,3.0095427565369e-05,6.02190548800796e-06,6.9214991695236e-06,58.1798955331441,0.196881320727786,57.3768599570436,1.82783806425481,0.334903379839705,"Malawi","All","All",1,18841350.6633035,549
"314",314,18841292.2864353,3.83451291263053e-05,2.88039955190718e-05,5.76349809732884e-06,6.62617095836695e-06,58.1799070362855,0.196881559917376,57.3768681349966,1.82783841458138,0.334903491374603,"Malawi","All","All",1,18841350.6633035,549
"315",315,18841292.2864275,3.66996921752664e-05,2.75679804203003e-05,5.51617928494824e-06,6.34341758564552e-06,58.1799180458533,0.196881788900692,57.3768759620234,1.827838749875,0.334903598123402,"Malawi","All","All",1,18841350.6633035,549
"316",316,18841292.28642,3.5124862960372e-05,2.63850042592462e-05,5.27947322650892e-06,6.07270516678718e-06,58.179928583025,0.19688200811234,57.3768834531829,1.82783907078076,0.334903700291477,"Malawi","All","All",1,18841350.6633035,549
"317",317,18841292.2864128,3.36176116162724e-05,2.52527910694453e-05,5.05292451584001e-06,5.81352239352851e-06,58.1799386680694,0.196882217968466,57.3768906228875,1.82783937791606,0.334903798075395,"Malawi","All","All",1,18841350.6633035,549
"318",318,18841292.286406,3.21749500760752e-05,2.41690962824912e-05,4.83608402929435e-06,5.56536467775396e-06,58.179948320976,0.196882418879676,57.3768974853508,1.82783967188977,0.334903891669007,"Malawi","All","All",1,18841350.6633035,549
"319",319,18841292.2863994,3.07942832221024e-05,2.31319705045582e-05,4.62856170573318e-06,5.32779351062399e-06,58.1799575591055,0.196882611202741,57.3769040529172,1.82783995323072,0.334903981240673,"Malawi","All","All",1,18841350.6633035,549
"320",320,18841292.2863931,2.94726511115599e-05,2.21391902934277e-05,4.42991264868036e-06,5.10030843619292e-06,58.1799664022595,0.196882795344762,57.3769103396668,1.82784022254206,0.334904066982423,"Malawi","All","All",1,18841350.6633035,549
"321",321,18841292.2863871,2.82077415238966e-05,2.11890187612104e-05,4.2397893180312e-06,4.88251823251784e-06,58.1799748659065,0.196882971623921,57.3769163565983,1.82784048029494,0.334904149044261,"Malawi","All","All",1,18841350.6633035,549
"322",322,18841292.2863813,2.69971195334403e-05,2.02796268466997e-05,4.05782573038088e-06,4.67401072441913e-06,58.1799829663358,0.196883140375398,57.3769221152941,1.82784072698554,0.334904227584157,"Malawi","All","All",1,18841350.6633035,549
"323",323,18841292.2863758,2.5838455109214e-05,1.94092642832164e-05,3.88367166858946e-06,4.47439125758349e-06,58.1799907191353,0.196883301920071,57.3769276268377,1.82784096308866,0.334904302753271,"Malawi","All","All",1,18841350.6633035,549
"324",324,18841292.2863706,2.4729518332592e-05,1.85762560062198e-05,3.71699196297023e-06,4.28328191449135e-06,58.1799981392232,0.196883456565161,57.3769329018366,1.82784118905869,0.334904374696272,"Malawi","All","All",1,18841350.6633035,549
"325",325,18841292.2863655,2.36681749886783e-05,1.77789988416512e-05,3.55746582865009e-06,4.10032079064107e-06,58.1800052408773,0.196883604604825,57.3769379504426,1.82784140533051,0.334904443551618,"Malawi","All","All",1,18841350.6633035,549
"326",326,18841292.2863607,2.26523824589172e-05,1.70159584205551e-05,3.40478624820683e-06,3.92516131934665e-06,58.1800120377629,0.196883746320709,57.3769427823721,1.82784161232037,0.334904509451825,"Malawi","All","All",1,18841350.6633035,549
"327",327,18841292.2863561,2.16801857900113e-05,1.62856662261394e-05,3.25865938080605e-06,3.75747162481546e-06,58.180018542959,0.196883881982481,57.3769474069246,1.82784181042662,0.334904572523722,"Malawi","All","All",1,18841350.6633035,549
"328",328,18841292.2863516,2.07497139314971e-05,1.55867167675269e-05,3.11880399668833e-06,3.5969339023209e-06,58.1800247689832,0.196884011848335,57.3769518330001,1.82784200003053,0.334904632888695,"Malawi","All","All",1,18841350.6633035,549
"329",329,18841292.2863474,1.98591761347967e-05,1.49177648748049e-05,2.9849509359269e-06,3.443243824354e-06,58.1800307278157,0.196884136165478,57.376956069117,1.82784218149701,0.334904690662919,"Malawi","All","All",1,18841350.6633035,549
"330",330,18841292.2863433,1.90068585068158e-05,1.42775231101645e-05,2.85684259041441e-06,3.29610997167563e-06,58.1800364309231,0.196884255170601,57.3769601234279,1.82784235517529,0.334904745957585,"Malawi","All","All",1,18841350.6633035,549
"331",331,18841292.2863395,1.81911207114537e-05,1.36647592901509e-05,2.73423240808175e-06,3.15525328823447e-06,58.1800418892796,0.196884369090318,57.3769640037356,1.82784252139964,0.334904798879111,"Malawi","All","All",1,18841350.6633035,549
"332",332,18841292.2863357,1.74103928126789e-05,1.30782941142519e-05,2.61688441839474e-06,3.02040655895904e-06,58.1800471133884,0.196884478141598,57.376967717508,1.82784268048996,0.334904849529346,"Malawi","All","All",1,18841350.6633035,549
"333",333,18841292.2863322,1.66631722530937e-05,1.25169988952642e-05,2.50457277821552e-06,2.89131390947206e-06,58.1800521133023,0.196884582532173,57.3769712718923,1.82784283275242,0.334904898005771,"Malawi","All","All",1,18841350.6633035,549
"334",334,18841292.2863288,1.59480209621728e-05,1.19797933870678e-05,2.39708133715473e-06,2.76773032681513e-06,58.1800568986424,0.196884682460931,57.3769746737294,1.82784297848008,0.334904944401681,"Malawi","All","All",1,18841350.6633035,549
"335",335,18841292.2863255,1.52635625886108e-05,1.14656437056272e-05,2.29420322157779e-06,2.6494212003087e-06,58.1800614786171,0.196884778118289,57.3769779295661,1.82784311795338,0.334904988806368,"Malawi","All","All",1,18841350.6633035,549
"336",336,18841292.2863224,1.46084798514519e-05,1.09735603392207e-05,2.19574043646484e-06,2.5361618817085e-06,58.1800658620396,0.196884869686556,57.3769810456686,1.82784325144076,0.334905031305291,"Malawi","All","All",1,18841350.6633035,549
"337",337,18841292.2863194,1.39815120049044e-05,1.05025962440657e-05,2.10150348435805e-06,2.42773726385432e-06,58.1800700573447,0.196884957340275,57.376984028034,1.82784337919912,0.334905071980242,"Malawi","All","All",1,18841350.6633035,549
"338",338,18841292.2863166,1.33814524119602e-05,1.00518450216763e-05,2.0113110006629e-06,2.32394137703958e-06,58.1800740726056,0.196885041246554,57.376986882402,1.82784350147433,0.334905110909503,"Malawi","All","All",1,18841350.6633035,549
"339",339,18841292.2863138,1.28071462221497e-05,9.62043917444573e-06,1.92498940460164e-06,2.22457700236266e-06,58.1800779155488,0.19688512156538,57.376989614266,1.82784361850173,0.334905148167995,"Malawi","All","All",1,18841350.6633035,549
"340",340,18841292.2863112,1.22574881489634e-05,9.20754843609534e-06,1.84237256514713e-06,2.12945530135083e-06,58.1800815935693,0.196885198449924,57.3769922288837,1.82784373050653,0.334905183827424,"Malawi","All","All",1,18841350.6633035,549
"341",341,18841292.2863087,1.17314203426622e-05,8.81237817377756e-06,1.76330148129409e-06,2.03839546117724e-06,58.1800851137447,0.19688527204683,57.376994731287,1.82784383770431,0.334905217956419,"Malawi","All","All",1,18841350.6633035,549
"342",342,18841292.2863063,1.12279303543822e-05,8.43416785875766e-06,1.68762397605248e-06,1.95122435481941e-06,58.1800884828489,0.196885342496492,57.376997126292,1.82784394030136,0.334905250620663,"Malawi","All","All",1,18841350.6633035,549
"343",343,18841292.286304,1.07460491876167e-05,8.07218960273086e-06,1.61519440357414e-06,1.86777621553453e-06,58.1800917073652,0.196885409933318,57.3769994185079,1.82784403849515,0.334905281883021,"Malawi","All","All",1,18841350.6633035,549
"344",344,18841292.2863018,1.02848494333246e-05,7.72574675695785e-06,1.54587336884885e-06,1.78789232505288e-06,58.1800947934985,0.196885474485987,57.3770016123464,1.82784413247465,0.334905311803658,"Malawi","All","All",1,18841350.6633035,549
"345",345,18841292.2862997,9.84344348507634e-06,7.39417257152276e-06,1.47952745943063e-06,1.71142071491523e-06,58.1800977471876,0.196885536277694,57.3770037120295,1.82784422242072,0.33490534044016,"Malawi","All","All",1,18841350.6633035,549
"346",346,18841292.2862977,9.42098183080254e-06,7.07682891213321e-06,1.41602898867765e-06,1.6382158804041e-06,58.1801005741163,0.196885595426379,57.3770057215983,1.82784430850649,0.334905367847638,"Malawi","All","All",1,18841350.6633035,549
"347",347,18841292.2862958,9.01665141785716e-06,6.77310503199278e-06,1.35525575001192e-06,1.56813850654141e-06,58.1801032797246,0.196885652044952,57.3770076449203,1.82784439089762,0.334905394078839,"Malawi","All","All",1,18841350.6633035,549
"348",348,18841292.286294,8.62967408824935e-06,6.48241639638238e-06,1.29709078172558e-06,1.50105520564694e-06,58.1801058692189,0.196885706241509,57.3770094856969,1.82784446975268,0.334905419184248,"Malawi","All","All",1,18841350.6633035,549
"349",349,18841292.2862922,8.25930508103193e-06,6.20420355768837e-06,1.24142214188128e-06,1.4368382659731e-06,58.1801083475824,0.196885758119534,57.377011247471,1.82784454522343,0.334905443212181,"Malawi","All","All",1,18841350.6633035,549
"350",350,18841292.2862905,7.90483159896455e-06,5.93793107871221e-06,1.18814269287339e-06,1.37536541095145e-06,58.1801107195843,0.1968858077781,57.3770129336332,1.82784461745513,0.334905466208882,"Malawi","All","All",1,18841350.6633035,549
"351",351,18841292.2862889,7.56557143669291e-06,5.68308650218967e-06,1.13714989523537e-06,1.31651956860592e-06,58.180112989789,0.196885855312049,57.3770145474285,1.82784468658678,0.334905488218608,"Malawi","All","All",1,18841350.6633035,549
"352",352,18841292.2862874,7.24087166780386e-06,5.43917936453627e-06,1.08834561029662e-06,1.26018865070606e-06,58.1801151625653,0.196885900812179,57.3770160919628,1.82784475275143,0.334905509283719,"Malawi","All","All",1,18841350.6633035,549
"353",353,18841292.2862859,6.93010738822956e-06,5.20574025192085e-06,1.0416359113088e-06,1.20626534125127e-06,58.1801172420943,0.196885944365413,57.3770175702086,1.82784481607642,0.334905529444757,"Malawi","All","All",1,18841350.6633035,549
"354",354,18841292.2862845,6.6326805135824e-06,4.98231989685068e-06,9.9693090267835e-07,1.1546468938944e-06,58.1801192323778,0.196885986054966,57.377018985011,1.82784487668363,0.334905548740521,"Malawi","All","All",1,18841350.6633035,549
"355",355,18841292.2862831,6.34801862810585e-06,4.76848831352934e-06,9.54144546957074e-07,1.10523493792888e-06,58.1801211372459,0.1968860259605,57.3770203390928,1.82784493468969,0.334905567208148,"Malawi","All","All",1,18841350.6633035,549
"356",356,18841292.2862818,6.07557388302628e-06,4.56383397032348e-06,9.13194499258066e-07,1.05793529247961e-06,58.1801229603641,0.196886064158278,57.37702163506,1.82784499020624,0.33490558488318,"Malawi","All","All",1,18841350.6633035,549
"357",357,18841292.2862806,5.81482194218527e-06,4.36796299774558e-06,8.74001948778104e-07,1.01265778855267e-06,58.1801247052408,0.196886100721306,57.3770228754068,1.82784504334013,0.334905601799634,"Malawi","All","All",1,18841350.6633035,549
"358",358,18841292.2862794,5.56526097292343e-06,4.18049843042867e-06,8.36491467121627e-07,9.69316098613258e-07,58.1801263752339,0.196886135719475,57.3770240625203,1.82784509419361,0.334905617990067,"Malawi","All","All",1,18841350.6633035,549
"359",359,18841292.2862783,5.32641068027351e-06,4.00107948163402e-06,8.00590863134341e-07,9.27827573375213e-07,58.1801279735569,0.196886169219691,57.3770251986852,1.82784514286456,0.334905633485637,"Malawi","All","All",1,18841350.6633035,549
"360",360,18841292.2862772,5.09781138260412e-06,3.82936084889549e-06,7.66231043967084e-07,8.88113085498498e-07,58.1801295032857,0.196886201286006,57.3770262860881,1.82784518944665,0.334905648316166,"Malawi","All","All",1,18841350.6633035,549
"361",361,18841292.2862762,4.87902312693498e-06,3.6650120494644e-06,7.33345882102567e-07,8.50096879903888e-07,58.180130967364,0.196886231979733,57.3770273268217,1.82784523402952,0.334905662510199,"Malawi","All","All",1,18841350.6633035,549
"362",362,18841292.2862752,4.66962484222121e-06,3.50771678427576e-06,7.01872088089055e-07,8.13706430426126e-07,58.1801323686093,0.19688626135957,57.377028322889,1.82784527669898,0.33490567609505,"Malawi","All","All",1,18841350.6633035,549
"363",363,18841292.2862742,4.46921352897697e-06,3.35717232921181e-06,6.71749088736083e-07,7.78872302538536e-07,58.1801337097181,0.196886289481706,57.3770292762071,1.82784531753715,0.334905689096866,"Malawi","All","All",1,18841350.6633035,549
"364",364,18841292.2862733,4.27740348367892e-06,3.21308895249148e-06,6.42918910537769e-07,7.45528021893205e-07,58.1801349932712,0.196886316399932,57.3770301886105,1.82784535662263,0.334905701540669,"Malawi","All","All",1,18841350.6633035,549
"365",365,18841292.2862724,4.09382555645681e-06,3.07518935706425e-06,6.15326068099376e-07,7.13609948431599e-07,58.1801362217387,0.196886342165739,57.3770310618554,1.82784539403063,0.334905713450408,"Malawi","All","All",1,18841350.6633035,549
