"","time","S","E","I","H","C","R","D","inci","hosp","crits","lvl2","lvl3","lvl4","ID","POP","runNum"
"1",1,18841349.6633035,0,1,0,0,0,0,0,0,0,"Malawi","All","All",1,18841350.6633035,764
"2",2,18841348.8174201,0.680544390196629,0.820978628087439,0.0091680229723597,0.000115429622514726,0.335075319131399,1.56393079872711e-06,0.845883353941141,0.00965870798753993,0.000118073009915739,"Malawi","All","All",1,18841350.6633035,764
"3",3,18841348.0104487,1.09544980091684,0.884525437829354,0.0170472512714347,0.000419880133418535,0.655400960774715,1.15205928163339e-05,1.65285485151858,0.0188731018574959,0.00043935247191822,"Malawi","All","All",1,18841350.6633035,764
"4",4,18841347.0811233,1.46592943630024,1.06504140905765,0.0255023428280061,0.000896030241793654,1.02477414693311,3.68082634807835e-05,2.58218017362429,0.0294845918190015,0.000958244311634506,"Malawi","All","All",1,18841350.6633035,764
"5",5,18841345.937848,1.88097236114024,1.32784472881632,0.0354689801431783,0.00155862261592173,1.47952645170813,8.43944318804648e-05,3.72545553885567,0.0425390684808131,0.00170126778802911,"Malawi","All","All",1,18841350.6633035,764
"6",6,18841344.5036487,2.38716272966528,1.67198891429715,0.0476364594963772,0.00243991092015225,2.0502646075343,0.000162193259823052,5.15965481517309,0.0589154576090001,0.00271405324147134,"Malawi","All","All",1,18841350.6633035,764
"7",7,18841342.6946509,3.02059555477753,2.11110802843581,0.0627035425206497,0.00358621810882527,2.77037956905422,0.000279665266722932,6.96865257816376,0.0795714810345006,0.00405891398715826,"Malawi","All","All",1,18841350.6633035,764
"8",8,18841340.4094781,3.8190182219824,2.66756065523812,0.0814921265764866,0.00505876493224311,3.68024726944414,0.000448377916437391,9.25382541608983,0.105664707773559,0.00581662233627128,"Malawi","All","All",1,18841350.6633035,764
"9",9,18841337.5215976,4.82741834903677,3.37138003949466,0.105018327194011,0.00693651957996672,4.83026999951164,0.000682642274169416,12.1417058770912,0.138639950940711,0.00809033532961942,"Malawi","All","All",1,18841350.6633035,764
"10",10,18841333.8716361,6.10171552073118,4.26113871264428,0.134557200072062,0.00932042742249812,6.28393525028036,0.00100028905379738,15.7916674002042,0.180317018701847,0.0110111361701814,"Malawi","All","All",1,18841350.6633035,764
"11",11,18841329.2583468,7.71226305773644,5.38580196390299,0.171715895965528,0.0123389878265601,8.12141314076614,0.00142363758093022,20.4049566837786,0.232993851326224,0.0147452487992977,"Malawi","All","All",1,18841350.6633035,764
"12",12,18841323.4274372,9.7478691232383,6.80733087992887,0.218523055998039,0.0161553843413648,10.4440071106428,0.00198071286349113,26.2358662670128,0.299574096877367,0.0195032252002047,"Malawi","All","All",1,18841350.6633035,764
"13",13,18841316.0575476,12.3207329253695,8.60405928988465,0.277540601401911,0.0209765219224043,13.3797397759529,0.00270677730955143,33.6057558918409,0.383727216690493,0.0255515715622218,"Malawi","All","All",1,18841350.6633035,764
"14",14,18841306.7424317,15.572680162345,10.8750232083375,0.352005656223739,0.0270645487268408,17.0904519641234,0.00364627676304868,42.9208718165195,0.490091959381475,0.0332275593049904,"Malawi","All","All",1,18841350.6633035,764
"15",15,18841294.968685,19.6829423356681,13.7453861016625,0.446007867382027,0.0347512756603862,21.7806756144905,0.0048552708347411,54.6946184656982,0.624530676390222,0.0429577524197839,"Malawi","All","All",1,18841350.6633035,764
"16",16,18841280.0874273,24.8780139983325,17.3733514253048,0.564715219085094,0.0444565511107019,27.7089344971403,0.00640452588042103,69.5758762168538,0.794453223306304,0.0552816100171096,"Malawi","All","All",1,18841350.6633035,764
"17",17,18841264.2311688,29.0209468753507,21.492403922818,0.712937835227411,0.0567007365374882,35.1407620196742,0.00838332427611189,85.4321347138837,1.00745936504988,0.0708704004306201,"Malawi","All","All",1,18841350.6633035,764
"18",18,18841244.8610537,34.5556855984651,26.0505550205971,0.891732700620762,0.0720339171712205,44.2213402352956,0.0109023219936659,104.802249794143,1.26766938471974,0.0904612418477976,"Malawi","All","All",1,18841350.6633035,764
"19",19,18841221.4696346,41.4088914635039,31.3855456856989,1.10465152631771,0.0910182042892309,55.1894681924916,0.0140938155438844,128.193668887845,1.58190027619098,0.114839855778688,"Malawi","All","All",1,18841350.6633035,764
"20",20,18841193.3191047,49.7177256709702,37.7446441381871,1.35783673518366,0.114297230973386,68.3915814526773,0.0181136101718904,156.344198838163,1.96006366104406,0.1449132204751,"Malawi","All","All",1,18841350.6633035,764
"21",21,18841159.4763174,59.7289132193182,45.3673332922348,1.65933055663467,0.142642156534186,84.2656217059551,0.0231451941116003,190.186986124788,2.41469538809964,0.181762630763864,"Malawi","All","All",1,18841350.6633035,764
"22",22,18841118.8030234,71.7687287303871,54.5204101187077,2.01901903438134,0.176987050336719,103.345729716328,0.0294054554480718,230.860280105589,2.96108674468028,0.226688744628912,"Malawi","All","All",1,18841350.6633035,764
"23",23,18841069.9253,86.2400616710774,65.5168464274175,2.44884573895994,0.21846432218845,126.276633522292,0.0371517715682076,279.738003453503,3.61769520746337,0.281258996331732,"Malawi","All","All",1,18841350.6633035,764
"24",24,18841011.1899722,103.63095564718,78.7299525498811,2.96317062266358,0.268444800057461,153.834117133012,0.0466905698526137,338.473331322647,4.40672998325812,0.347362143583765,"Malawi","All","All",1,18841350.6633035,764
"25",25,18840940.6097029,124.529305978506,94.6072844490192,3.57923880616469,0.328585090938025,186.950798651081,0.0583876048914846,409.0536005806,5.35488980577336,0.427272999169701,"Malawi","All","All",1,18841350.6633035,764
"26",26,18840855.7962737,149.641998757918,113.686260719488,4.31775547924853,0.400884195144804,226.7474504283,0.0726802526656737,493.867029832765,6.49425946919607,0.523729825114652,"Malawi","All","All",1,18841350.6633035,764
"27",27,18840753.8794055,179.818769189433,136.612590019228,5.20358765766818,0.487752037270653,274.57110674214,0.090092362051396,595.783898007791,7.86340070397316,0.640027965954958,"Malawi","All","All",1,18841350.6633035,764
"28",28,18840631.4104868,216.080578296948,164.162039242109,6.26659662918491,0.592090787366741,332.040259925255,0.111251822202501,718.252816703065,9.50864597188597,0.780130862662385,"Malawi","All","All",1,18841350.6633035,764
"29",29,18840484.2453524,259.654278839906,197.266819460031,7.54265193251441,0.717393883690144,401.099895083949,0.136911910139619,865.41795111023,11.4856739106272,0.948805157517763,"Malawi","All","All",1,18841350.6633035,764
"30",30,18840307.404758,312.013940173085,237.046923341063,9.07483848872968,0.867863945030227,484.087002913079,0.167976667203983,1042.25854552819,13.8613847311562,1.15178149823178,"Malawi","All","All",1,18841350.6633035,764
"31",31,18840094.9056515,374.93062611272,284.848208372653,10.9149155540212,1.04855562689601,583.809814784942,0.205531587908925,1254.75765203914,16.7161684127397,1.39594926504856,"Malawi","All","All",1,18841350.6633035,764
"32",32,18839839.5589715,450.532383060106,342.28768656362,13.1250666329005,1.26554662894393,703.64276881873,0.250880344479145,1510.10433204878,20.1466232444318,1.6895896507309,"Malawi","All","All",1,18841350.6633035,764
"33",33,18839532.7269016,541.375960563054,411.308171591956,15.7799992002182,1.52614334058567,847.640538343869,0.305588900146879,1816.93640193983,24.2688200238315,2.04265586735164,"Malawi","All","All",1,18841350.6633035,764
"34",34,18839164.0312424,650.532813969575,494.244062566525,18.9694669090299,1.83912814160382,1020.67505100591,0.371538523242606,2185.63206111589,29.2222243713394,2.46711005239541,"Malawi","All","All",1,18841350.6633035,764
"35",35,18838721.0028171,781.693118408038,593.899766557083,22.801305012696,2.21505630734674,1228.60025069978,0.450989459227989,2628.66048644417,35.1744132674532,2.97732779370866,"Malawi","All","All",1,18841350.6633035,764
"36",36,18838188.6609237,939.289790280821,713.644455290091,27.4050690938176,2.66661293701712,1478.44979483161,0.5466574147432,3161.00237984809,42.3267343333061,3.59058433266877,"Malawi","All","All",1,18841350.6633035,764
"37",37,18837549.0084642,1128.64722712791,857.52588503499,32.9364040380622,3.20904177119949,1778.67447591744,0.661805435379185,3800.65483932498,50.9211022399381,4.3276386753765,"Malawi","All","All",1,18841350.6633035,764
"38",38,18836780.4249993,1356.16130672782,1030.40591887659,39.5823033157509,3.8606599664302,2139.42776098765,0.800354290430849,4569.23830416468,61.2481726398759,5.21343494176382,"Malawi","All","All",1,18841350.6633035,764
"39",39,18835856.9394361,1629.51321679696,1238.12461210795,47.5674060483103,4.64347689123509,2572.90814050632,0.967015064055857,5492.72386741483,73.6571421552508,6.27794526988425,"Malawi","All","All",1,18841350.6633035,764
"40",40,18834747.3568712,1957.92629497654,1487.69681115851,57.1615614203516,5.58393739419274,3093.77037888557,1.16744847326396,6602.30643230843,88.5675207234226,7.55718236645717,"Malawi","All","All",1,18841350.6633035,764
"41",41,18833414.2101694,2352.4764366681,1787.54583363183,68.6889259646476,6.71381326737007,3719.61966844592,1.40845616197233,7935.45313413984,106.483277287863,9.0944142993767,"Malawi","All","All",1,18841350.6633035,764
"42",42,18831812.5050019,2826.45943753109,2147.78685732157,82.5388435043576,8.07127489685058,4471.60367786234,1.6982104948951,9537.1583016111,128.009787393184,10.94162455051,"Malawi","All","All",1,18841350.6633035,764
"43",43,18829888.2145624,3395.83262181676,2580.56505008472,99.1789119485465,9.70217725246657,5375.12344947711,2.04653055613225,11461.4487411357,153.874182929223,13.1612645038149,"Malawi","All","All",1,18841350.6633035,764
"44",44,18827576.4737514,4079.74749971817,3100.45723713083,119.170688924019,11.6616022726221,6460.68731042339,2.46521362668286,13773.1895520957,184.949795925872,15.8283561001461,"Malawi","All","All",1,18841350.6633035,764
"45",45,18824799.4227208,4901.17649685207,3724.95927934621,143.188432906377,14.0157116427886,7764.93222881641,2.96843312203659,16550.2405826859,222.285394601139,19.0330172178994,"Malawi","All","All",1,18841350.6633035,764
"46",46,18821463.6337302,5887.6608711672,4475.06249483991,172.041569767241,16.8439631636587,9331.84745888547,3.57321544894029,19886.0295732724,267.140210164911,22.8834840340969,"Malawi","All","All",1,18841350.6633035,764
"47",47,18819152.1038416,5685.96145117748,5104.13618643574,205.689703359996,20.2354675014124,11178.2366882855,4.29996513466046,22197.5594618948,319.9874954747,27.5033553587316,"Malawi","All","All",1,18841350.6633035,764
"48",48,18816599.5926217,5747.85015871332,5513.90426238575,241.307168942233,24.2351763881187,13218.6019642591,5.17195111816661,24750.0706818067,378.35184027552,32.9769125541585,"Malawi","All","All",1,18841350.6633035,764
"49",49,18813874.6027147,5926.41140440005,5838.5591158401,277.227540776463,28.8275066367273,15398.8221197887,6.2129013831982,27475.0605888253,440.668728147369,39.3286779503486,"Malawi","All","All",1,18841350.6633035,764
"50",50,18811002.5887191,6160.51702079173,6134.47177809288,312.874463588999,33.9733209240639,17698.7926240057,7.44537707023814,30347.0745844736,506.357631300072,46.5576475191259,"Malawi","All","All",1,18841350.6633035,764
"51",51,18807990.8782288,6424.90533460127,6425.49803949944,348.11856845569,39.6284769323915,20112.7443890685,8.8902661543074,33358.7850747116,575.252456044956,54.6549842197185,"Malawi","All","All",1,18841350.6633035,764
"52",52,18804839.082998,6709.31718717062,6721.91372529399,383.009652157523,45.7510759113896,22641.0219130168,10.5667519801163,36510.5803055304,647.363624537806,63.6112133782149,"Malawi","All","All",1,18841350.6633035,764
"53",53,18801543.4447993,7009.77649243233,7028.32911468823,417.665601651921,52.3040421702469,25286.6507917268,12.4924615293389,39806.2185041989,722.778760497814,73.4190527839967,"Malawi","All","All",1,18841350.6633035,764
"54",54,18798098.648367,7324.94226044492,7347.00092913131,452.226700311726,59.255800437055,28053.9055739929,14.6836722497362,43251.0149365677,801.621263205032,84.0744396358913,"Malawi","All","All",1,18841350.6633035,764
"55",55,18794498.5706335,7654.59027882007,7679.21150685725,486.83731512957,66.5802003794555,30947.7178411718,17.1555276567102,46851.0926700148,884.03319545291,95.5768194769157,"Malawi","All","All",1,18841350.6633035,764
"56",56,18790736.5914247,7998.97093345978,8025.85289486214,521.638770633313,74.2561791429279,33973.4308579394,19.922242809978,50613.0718788475,970.168198352873,107.929156033388,"Malawi","All","All",1,18841350.6633035,764
"57",57,18786805.7148497,8358.549002745,8387.66395829345,556.76710154219,82.267309561802,37136.7037826128,22.9972990552892,54543.9484538106,1060.18873435678,121.137808582319,"Malawi","All","All",1,18841350.6633035,764
"58",58,18782698.6178399,8733.8902749526,8765.33409079356,592.352598751858,90.6013510034828,40443.4735289743,26.3936192018844,58651.0454636778,1154.26499712854,135.212378884115,"Malawi","All","All",1,18841350.6633035,764
"59",59,18778407.6575439,9125.6174260133,9159.54498918837,628.520023400319,99.249910506957,43899.9496931997,30.1237173733012,62942.005759682,1252.57476995603,150.16562560194,"Malawi","All","All",1,18841350.6633035,764
"60",60,18773924.8798754,9534.38804200767,9570.9904205368,665.389282484076,108.207983195441,47512.6078504713,34.1998494286997,67424.783428124,1355.30324801106,166.013258959525,"Malawi","All","All",1,18841350.6633035,764
"61",61,18769242.0069219,9960.88939223125,10000.3826279551,703.075992093487,117.473688425169,51288.2005465092,38.6341344531636,72107.6563816674,1462.64335844745,182.773882235312,"Malawi","All","All",1,18841350.6633035,764
"62",62,18764350.4319029,10405.8338679879,10448.4568620855,741.692148856062,127.047940336383,55233.7619070653,43.4386743315008,76999.2314006627,1574.79590263556,200.468864419501,"Malawi","All","All",1,18841350.6633035,764
"63",63,18759241.1964114,10869.9597784441,10915.9731999907,781.346577691396,136.934306361629,59356.6273755068,48.6256541534824,82108.4668921482,1691.97012117343,219.122368429302,"Malawi","All","All",1,18841350.6633035,764
"64",64,18753904.9933226,11354.0295998972,11403.716973407,822.145697554712,147.13863026595,63664.4316299555,54.2074498878416,87444.6699809683,1814.38364939097,238.761156141894,"Malawi","All","All",1,18841350.6633035,764
"65",65,18748332.1575742,11858.8295847726,11912.4995685034,864.194000014543,157.668838974407,68165.1170273609,60.1967097202001,93017.505729346,1942.262764478,259.414532700959,"Malawi","All","All",1,18841350.6633035,764
"66",66,18742512.6479687,12385.171234377,12443.1585775897,907.594436785297,168.534831509403,72866.9498238461,66.6064307706449,98837.0153348782,2075.84285034304,281.114365123592,"Malawi","All","All",1,18841350.6633035,764
"67",67,18736436.0392367,12933.8908819835,12996.5582449506,952.44886483548,179.748300473758,77778.5277416814,73.4500329182764,104913.624066843,2215.36861940181,303.895028563123,"Malawi","All","All",1,18841350.6633035,764
"68",68,18730091.5105592,13505.8489198966,13573.5904877898,998.858462261795,191.32258179477,82908.7908592964,80.741433335569,111258.152744375,2361.09442756375,327.793382032659,"Malawi","All","All",1,18841350.6633035,764
"69",69,18723467.8351831,14101.9306897466,14175.1741839789,1046.92405249161,203.272551086155,88267.031540718,88.4951024027256,117881.828120424,2513.28456049031,352.848759274592,"Malawi","All","All",1,18841350.6633035,764
"70",70,18716553.3697457,14723.0466187057,14802.2550088419,1096.74642604964,215.614519888598,93862.9048623454,96.7261220259297,124796.293557857,2672.21353379821,379.102963571839,"Malawi","All","All",1,18841350.6633035,764
"71",71,18709336.0442287,15370.1305119584,15455.8067851357,1148.42662447568,228.366140931765,99706.4387695806,105.45024280812,132013.61907489,2838.16638484498,406.600269641048,"Malawi","All","All",1,18841350.6633035,764
"72",72,18701803.3514282,16044.1402172194,16136.830459499,1202.06620508026,241.546333655518,105808.044725983,114.683933903523,139546.31187534,3011.43897815449,435.387433418956,"Malawi","All","All",1,18841350.6633035,764
"73",73,18693942.3362272,16746.0583729082,16846.3527646539,1257.76749484102,255.175215747834,112178.528795613,124.444432567669,147407.327076332,3192.33832284828,465.513707350735,"Malawi","All","All",1,18841350.6633035,764
"74",74,18685739.5878384,17476.8889947519,17585.4284188943,1315.63375397159,269.27404910382,118829.100459747,134.749788664699,155610.075465133,3381.18282425946,497.030861576169,"Malawi","All","All",1,18841350.6633035,764
"75",75,18677181.2267752,18237.6590513976,18355.1377760586,1375.76939926727,283.865194903793,125771.386192125,145.618914567312,164168.43652832,3578.30267109896,529.993223349621,"Malawi","All","All",1,18841350.6633035,764
"76",76,18668252.900996,19029.4165170504,19156.5867087967,1438.28014049733,298.972063054997,133017.435258844,157.071619290053,173096.762307533,3784.04000149716,564.457684174526,"Malawi","All","All",1,18841350.6633035,764
"77",77,18658939.7818484,19853.2292582275,19990.9054873987,1503.27310449129,314.619069946171,140579.725894156,169.128640934724,182409.881455154,3998.74907942993,600.483712397848,"Malawi","All","All",1,18841350.6633035,764
"78",78,18649226.550108,20710.1839772387,20859.2481671665,1570.85696868576,330.831622729964,148471.180760369,181.811699390976,192123.113195582,4222.79673312503,638.1334265681,"Malawi","All","All",1,18841350.6633035,764
"79",79,18639097.3832148,21601.3848891147,21762.7918851893,1641.14207040453,347.63610769868,156705.18158965,195.14354671328,202252.280088771,4456.56276989106,677.47166895926,"Malawi","All","All",1,18841350.6633035,764
"80",80,18628535.9568737,22527.9517784331,22702.7348957086,1714.24046181574,365.059850194727,165295.571451424,209.14799222907,212813.706429805,4700.44004083556,718.566007919513,"Malawi","All","All",1,18841350.6633035,764
"81",81,18617525.4488476,23491.0179837287,23680.2943096422,1790.2659312111,383.131080168438,174256.655229377,223.849921815779,223824.214455944,4954.83445441548,761.486736011501,"Malawi","All","All",1,18841350.6633035,764
"82",82,18606048.5251848,24491.7278441636,24696.7054091467,1869.33405212752,401.878938469091,183603.216519706,239.275355111746,235301.138118724,5220.16545356247,806.306973002383,"Malawi","All","All",1,18841350.6633035,764
"83",83,18594087.3415606,25531.2341688455,25753.2192048242,1951.56217683473,421.333453523549,193350.521264176,255.451474745978,247262.32174295,5496.86611756714,853.102691947199,"Malawi","All","All",1,18841350.6633035,764
"84",84,18581623.5426402,26610.6960688676,26851.0993566515,2037.0694222728,441.525526106491,203514.323628629,272.406660844957,259726.120663373,5785.38332710695,901.952762283206,"Malawi","All","All",1,18841350.6633035,764
"85",85,18568638.2636814,27731.2752309853,27991.6199070911,2125.97661539613,462.486914694175,214110.870428946,290.170525011337,272711.399622124,6086.17788739619,952.938992615123,"Malawi","All","All",1,18841350.6633035,764
"86",86,18555112.1339277,28894.1319336057,29176.0625935224,2218.40621392385,484.250220186079,225156.904470901,308.773943737973,286237.529375877,6399.72462014889,1006.14617191384,"Malawi","All","All",1,18841350.6633035,764
"87",87,18541025.2814199,30100.4218583497,30405.7127390927,2314.48221540467,506.848869127385,236669.667110447,328.249091204485,300324.381883626,6726.51243328901,1061.6621081723,"Malawi","All","All",1,18841350.6633035,764
"88",88,18526357.3403407,31351.2918236876,31681.8553900609,2414.33002920946,530.317095541842,248666.899152928,348.629471384671,314992.322962813,7067.04434297259,1119.57766450698,"Malawi","All","All",1,18841350.6633035,764
"89",89,18511087.4611403,32647.874309331,33005.7717794241,2518.07630861923,554.689920848893,261166.839895613,369.949949384347,330262.202163221,7421.8374423383,1179.98679204287,"Malawi","All","All",1,18841350.6633035,764
"90",90,18495194.322713,33991.2826329121,34378.7343754922,2625.8487661177,580.003130543467,274188.22490352,392.246781944224,346155.34059053,7791.42283414408,1242.98655814982,"Malawi","All","All",1,18841350.6633035,764
"91",91,18478656.1472605,35382.6059066082,35802.0012719206,2737.77595921135,606.293247405496,287750.282010872,415.557646971116,362693.516042989,8176.34551268442,1308.6771695663,"Malawi","All","All",1,18841350.6633035,764
"92",92,18461450.718765,36822.9023396686,37276.8111930126,2853.98702661077,633.597501232329,301872.724806047,439.921671927867,379898.944538499,8577.16417360215,1377.1619901171,"Malawi","All","All",1,18841350.6633035,764
"93",93,18443555.4045175,38313.1924355468,38804.3776632434,2974.6113935281,661.953793894707,316575.744038921,465.379460943636,397794.258786077,8994.45096439386,1448.54755159156,"Malawi","All","All",1,18841350.6633035,764
"94",94,18424947.1796363,39854.4526626367,40385.8817776293,3099.77845214183,691.400658898815,331879.996995478,491.973120466069,416402.483667251,9428.79117700899,1522.94355666353,"Malawi","All","All",1,18841350.6633035,764
"95",95,18405602.6557245,41447.6077437438,42022.4652418159,3229.61719132289,721.977215607761,347806.593903317,519.746283209944,435747.007579017,9880.78285555017,1600.46287359128,"Malawi","All","All",1,18841350.6633035,764
"96",96,18385498.1137195,43093.5219157876,43715.2233376621,3364.25577853747,753.72311739165,364377.081304485,548.744130173581,455851.549584038,10351.0363173465,1681.22152158016,"Malawi","All","All",1,18841350.6633035,764
"97",97,18364609.5403604,44792.990782114,45465.1963096394,3503.82111353588,786.67849246131,381613.422834882,579.013410494231,476740.122943127,10840.1736002283,1765.33864517632,"Malawi","All","All",1,18841350.6633035,764
"98",98,18342912.6690944,46546.7325685172,47273.3602492861,3648.43833656204,820.883877265717,399537.976718668,610.602458839313,498436.994209138,11348.8278161105,1852.93647705917,"Malawi","All","All",1,18841350.6633035,764
"99",99,18320383.0261383,48355.3777959639,49140.6183808037,3798.23027641805,856.380142255751,418173.469359818,643.561210010303,520966.63716527,11877.6423931282,1944.14028848887,"Malawi","All","All",1,18841350.6633035,764
"100",100,18296995.9810821,50219.4590528176,51067.7912108751,3953.31685886379,893.208408746903,437542.965479647,677.941210461205,544353.682221412,12427.2702194439,2039.07832563784,"Malawi","All","All",1,18841350.6633035,764
"101",101,18272726.8020634,52139.4010191406,53055.6054595895,4113.8144769192,931.409956445083,457669.834701695,713.795626375635,568622.861240165,12998.3726859828,2137.8817307686,"Malawi","All","All",1,18841350.6633035,764
"102",102,18247550.7171789,54115.5089391173,55104.6832376814,4279.83529224676,971.026120688095,478577.713286965,751.17924794373,593798.946124643,13591.6185908156,2240.68444670416,"Malawi","All","All",1,18841350.6633035,764
"103",103,18221442.9783474,56147.956981359,57215.5313947912,4451.48651707767,1012.0981845803,500290.463388891,790.148489411404,619906.684956111,14207.6829731664,2347.62310904594,"Malawi","All","All",1,18841350.6633035,764
"104",104,18194378.9392629,58236.77562277,59388.5278383347,4628.86955670046,1054.66724441579,522832.122393867,830.761384513012,646970.724040601,14847.2456645483,2458.83690387715,"Malawi","All","All",1,18841350.6633035,764
"105",105,18166334.1279882,60381.8405578108,61623.9094146962,4812.07922267952,1098.77408247952,546226.854461162,873.077576542273,675015.535315371,15510.9899036282,2574.46742378155,"Malawi","All","All",1,18841350.6633035,764
"106",106,18137284.3302918,62582.8592056085,63921.7597443688,5001.20282877316,1144.45902106369,570498.893908779,917.158303111903,704065.333011705,16199.6007184189,2694.65849610034,"Malawi","All","All",1,18841350.6633035,764
"107",107,18107205.6807185,64839.3575371469,66281.9953647502,5196.3192226977,1191.76175948005,595672.482326215,963.066374708905,734143.982584999,16913.7631300711,2819.55598369811,"Malawi","All","All",1,18841350.6633035,764
"108",108,18076074.7560333,67150.6677313809,68704.3514762727,5397.49780651485,1240.72120403129,621771.802904188,1010.86614782703,765274.907270215,17654.1602779376,2949.3075695222,"Malawi","All","All",1,18841350.6633035,764
"109",109,18043868.6765124,69515.9148832289,71188.3679487467,5604.79748280431,1291.37528168107,648820.907704951,1060.62348972547,797480.986791137,18421.4713438592,3084.06251070718,"Malawi","All","All",1,18841350.6633035,764
"110",110,18010565.2129618,71934.0035510798,73733.3753101845,5818.26555290025,1343.76074044039,676843.639451375,1112.40573570986,830784.45034169,19216.3693207855,3223.97136675665,"Malawi","All","All",1,18841350.6633035,764
"111",111,17976142.8987823,74403.6047273164,76338.4804254833,6037.93657881106,1397.9129367516,705863.548214212,1166.28163867611,865206.764521251,20039.5186366972,3369.18570164528,"Malawi","All","All",1,18841350.6633035,764
"112",112,17940581.1470996,76923.1433196151,79002.5519787421,6263.83120970343,1453.86560936036,735903.802776269,1222.32131020863,900768.516203899,20891.5726276165,3519.85775813377,"Malawi","All","All",1,18841350.6633035,764
"113",113,17903860.3731337,79490.7859376248,81724.2061617028,6495.95497044539,1511.65063918863,766987.096308497,1280.59615240479,937489.290169864,21773.1708493584,3676.14010241016,"Malawi","All","All",1,18841350.6633035,764
"114",114,17865962.1214921,82104.429060671,84501.7927718811,6734.29701682468,1571.29779529696,799135.546386905,1341.17877984812,975387.541811428,22684.9362289516,3838.18523816971,"Malawi","All","All",1,18841350.6633035,764
"115",115,17826869.1977154,84761.6879341518,87333.3817175284,6978.82886762896,1632.83446739982,832370.589670133,1404.14293132385,1014480.46558817,23627.4720649861,4006.14518990992,"Malawi","All","All",1,18841350.6633035,764
"116",116,17786565.8034278,87459.8864695969,90216.7500060632,7229.50312281445,1696.28538544479,866712.871521005,1469.56337082921,1054783.85987575,24601.3588850951,4180.17105519549,"Malawi","All","All",1,18841350.6633035,764
"117",117,17745037.6745623,90196.0482516263,93149.3694561297,7486.25217468524,1761.67232676959,902182.130754655,1537.51577734581,1096311.98874121,25607.1511658857,4360.41252550628,"Malawi","All","All",1,18841350.6633035,764
"118",118,17702272.2220471,92966.8887595695,96128.3953879656,7748.98692003039,1829.01381149561,938797.079754505,1608.07662284862,1139077.44125642,26645.3739223131,4547.01737543924,"Malawi","All","All",1,18841350.6633035,764
"119",119,17658258.6741457,95768.8090257907,99150.6564675753,8017.59548411712,1898.3247870648,976575.280355189,1681.32303810248,1183090.98915784,27716.519178011,4740.13092041176,"Malawi","All","All",1,18841350.6633035,764
"120",120,17612988.2195078,98597.8909909352,102212.64586245,8291.9419691464,1969.61630307691,1015533.01600425,1757.33266586406,1228361.44379572,28821.0423313077,4939.89544337798,"Malawi","All","All",1,18841350.6633035,764
"121",121,17566454.1499389,101449.894763243,105310.513920363,8571.86523997497,2042.89517779645,1055685.16076211,1836.18350114581,1274895.51336464,29959.3584330118,5146.44959134669,"Malawi","All","All",1,18841350.6633035,764
"122",122,17518652.0018451,104320.257951871,108440.062617229,8857.17776029775,2118.16365789941,1097045.04575294,1917.95371823822,1322697.66145847,31131.8383935512,5359.92774275741,"Malawi","All","All",1,18841350.6633035,764
"123",123,17469579.6952165,107204.097262531,111596.742002779,9147.66449373152,2195.41907325151,1139624.32377052,2002.7214842506,1371769.96808706,32338.8051396706,5580.45934710172,"Malawi","All","All",1,18841350.6633035,764
"124",124,17419237.6689102,110096.212564091,114775.648848996,9443.081885559,2274.65348875915,1183432.83284692,2090.56475901434,1422111.99439334,33580.5297438304,5808.16823856647,"Malawi","All","All",1,18841350.6633035,764
"125",125,17367629.0109234,112991.093617118,117971.527707444,9743.15694162962,2355.85335559204,1228478.45967704,2181.56108128163,1473720.6523801,34857.2275518893,6043.1719258853,"Malawi","All","All",1,18841350.6633035,764
"126",126,17314759.5823042,115882.929618314,121178.774588852,10047.5864212855,2438.9991643261,1274767.00386532,2275.78734124619,1526590.08099935,36169.0543367149,6285.58086099145,"Malawi","All","All",1,18841350.6633035,764
"127",127,17260638.1333307,118765.621670998,124391.443463342,10356.0361615665,2524.06510279279,1322302.04403457,2373.31953951423,1580711.52997278,37516.1025074562,6535.49768947493,"Malawi","All","All",1,18841350.6633035,764
"128",128,17205276.4103801,121632.798431629,127603.255772387,10668.1405503894,2611.01872165327,1371084.80691457,2474.23253276775,1636073.2529234,38898.3974064183,6793.01648627166,"Malawi","All","All",1,18841350.6633035,764
"129",129,17148689.2522503,124477.834807056,130807.613103243,10983.502166565,2699.8206109442,1421114.04059897,2578.59976648704,1692660.41105327,40315.8937274714,7058.22198045142,"Malawi","All","All",1,18841350.6633035,764
"130",130,17090894.6743735,127293.87388389,133997.613143102,11301.6916042114,2790.42409105556,1472385.8932125,2686.49299523151,1750454.98892999,41768.4720914402,7331.18877340876,"Malawi","All","All",1,18841350.6633035,764
"131",131,17031913.9394875,130073.852117273,137166.069016052,11622.2474984853,2882.77492178957,1524893.79827134,2797.98199111763,1809435.72381605,43255.9358150466,7611.98055518537,"Malawi","All","All",1,18841350.6633035,764
"132",132,16971771.613382,132810.527740898,140305.532083712,11944.6767688221,2976.8110333064,1578628.36805351,2913.13424127869,1869578.04992153,44778.0079109245,7900.64932405621,"Malawi","All","All",1,18841350.6633035,764
"133",133,16910495.6044304,135496.512297947,143408.318241422,12268.4550949487,3072.46228288967,1633577.29632067,3032.01463524343,1930854.05887312,46334.3283568958,8197.23461489606,"Malawi","All","All",1,18841350.6633035,764
"134",134,16848117.1856848,138124.305172677,146466.537683851,12593.027639553,3169.65024155747,1689725.27173776,3154.68514332731,1993232.47761873,47924.4516728069,8501.76274220092,"Malawi","All","All",1,18841350.6633035,764
"135",135,16784670.9984182,140686.330967172,149472.128067461,12917.8100296212,3268.28801459505,1747053.90331921,3281.20448728957,2056678.66488535,49547.8448426776,8814.24606395874,"Malawi","All","All",1,18841350.6633035,764
"136",136,16720195.0361369,143174.979504866,152416.890957078,13242.1896062526,3368.28010008318,1805541.65919365,3411.62780466972,2121154.62716659,51203.88561883,9134.68227283236,"Malawi","All","All",1,18841350.6633035,764
"137",137,16654730.6082556,145582.648178762,155292.531393876,13565.5269503607,3469.52228943733,1865163.81992713,3546.00630837588,2186619.05504794,52891.8612431425,9463.05372132827,"Malawi","All","All",1,18841350.6633035,764
"138",138,16588322.2828079,147901.786314063,158090.700361741,13887.1576889856,3571.90161385834,1925892.44757371,3684.38694325362,2253027.38049561,54610.9676185005,9799.32678777272,"Malawi","All","All",1,18841350.6633035,764
"139",139,16521017.8077673,150124.94117318,160803.039869762,14206.3945838727,3675.29634041984,1987696.37152748,3826.81204151347,2320331.85553622,56360.3089607784,10143.451289996,"Malawi","All","All",1,18841350.6633035,764
"140",140,16452868.0107677,152244.805185785,163421.230316588,14522.5299005689,3779.57602127876,2050541.19213252,3973.31897903778,2388481.65253578,58138.8979582815,10495.3599536257,"Malawi","All","All",1,18841350.6633035,764
"141",141,16383926.6772527,154254.263941458,165937.039753499,14834.8380526732,3884.60159918681,2114389.30286934,4123.93983471851,2457422.98605088,59945.656461607,10854.9679418043,"Malawi","All","All",1,18841350.6633035,764
"142",142,16314250.4073238,156146.444445985,168342.374613577,15142.5785121458,3990.2255721045,2179199.93178077,4278.70105509508,2527099.25597968,61779.4167224097,11222.1724529669,"Malawi","All","All",1,18841350.6633035,764
"143",143,16243898.4518147,157914.763115829,170629.331427394,15444.9989727135,4096.29221927682,2244929.20262693,4437.62312666369,2597451.21148881,63638.9231945694,11596.8523930478,"Malawi","All","All",1,18841350.6633035,764
"144",144,16172932.5283655,159552.9729659,172790.24900594,15741.3387494556,4202.63789062397,2311530.21606781,4600.72025831169,2668417.13493804,65522.8349057829,11978.8681281156,"Malawi","All","All",1,18841350.6633035,764
"145",145,16101416.6185325,161055.209433131,174817.760540514,16030.8323936854,4309.09136073302,2378953.15096654,4768.00007639316,2739933.044771,67429.7284017127,12368.0613229747,"Malawi","All","All",1,18841350.6633035,764
"146",146,16029416.7472097,162416.034275712,176704.845045898,16312.7134983886,4415.47424811257,2447145.38569071,4939.46333499989,2811932.91609382,69358.1012586463,12764.254870715,"Malawi","All","All",1,18841350.6633035,764
"147",147,15957000.7458693,163630.477000747,178444.877558352,16586.2186658048,4521.60149969856,2516051.63906566,5115.1036439951,2884348.91743426,71306.3761542352,13167.2529175343,"Malawi","All","All",1,18841350.6633035,764
"148",148,15884238.001373,164694.073269806,180031.677491865,16850.5916053101,4627.28193988498,2585614.13040627,5294.90721736271,2957111.6619305,73272.9054793884,13576.8409864239,"Malawi","All","All",1,18841350.6633035,764
"149",149,15811199.1922779,165602.899787163,181459.554560011,17105.0873266334,4732.31888260719,2655772.75782482,5478.852644382,3030150.47102562,75255.9764678593,13992.7862024869,"Malawi","All","All",1,18841350.6633035,764
"150",150,15737956.0147297,166353.605215553,182723.351689938,17348.97639072,4836.51080423815,2726465.2937873,5666.91068606448,3103393.64857382,77253.8168136527,14414.8376217678,"Malawi","All","All",1,18841350.6633035,764
"151",151,15664580.9002007,166943.436693396,183818.484383404,17581.5491783616,4939.65207428095,2797627.59667416,5859.04409918651,3176768.76310279,79264.6007402228,14842.7266645214,"Malawi","All","All",1,18841350.6633035,764
"152",152,15591146.727442,167370.261584801,184740.976013856,17802.1201350624,5041.53374006889,2869193.83689763,6055.20749011747,3250202.93586154,81286.4554796412,15276.1676528502,"Malawi","All","All",1,18841350.6633035,764
"153",153,15517726.5310963,167632.584165343,185487.488592435,18010.0319495419,5141.94436092915,2941096.73593848,6255.34720047943,3323623.13220721,83317.4681145506,15714.8584516083,"Malawi","All","All",1,18841350.6633035,764
"154",154,15444393.2094596,167729.557020858,186055.348592913,18204.6596228114,5240.67088654216,3013267.81649431,6459.40122648133,3396956.45384391,85355.6927308945,16158.4812104168,"Malawi","All","All",1,18841350.6633035,764
"155",155,15371219.2338858,167660.987008474,186442.567492709,18385.41438499,5337.49957354794,3085637.66178447,6667.29917354999,3470130.42941774,87399.1578252649,16606.7032035874,"Malawi","All","All",1,18841350.6633035,764
"156",156,15298276.3623044,167427.335704406,186647.856759085,18551.7474179759,5432.21693382769,3158136.18193618,6878.962247634,3543073.30099911,89445.8739073371,17059.1777637054,"Malawi","All","All",1,18841350.6633035,764
"157",157,15225635.3592548,167029.714343781,186670.637084992,18703.1533437183,5524.61070733669,3230692.88528457,7094.30328428741,3615714.30404869,91493.8412353055,17515.5453036201,"Malawi","All","All",1,18841350.6633035,764
"158",158,15153365.7247397,166469.873339128,186511.041759013,18839.1734401245,5614.47085189432,3303237.15235728,7313.22681635011,3687983.93856379,93541.0576205365,17975.4344206302,"Malawi","All","All",1,18841350.6633035,764
"159",159,15081535.4340692,165750.186541617,186169.914137639,18959.398549539,5701.59054195935,3375698.51028284,7535.62918073592,3759814.22923434,95585.5262368321,18438.463075754,"Malawi","All","All",1,18841350.6633035,764
"160",160,15010210.6907055,164873.630481589,185648.799272462,19063.4716482364,5785.76716814072,3448006.90536304,7761.3986645202,3831138.97259799,97625.2633698116,18904.2398401603,"Malawi","All","All",1,18841350.6633035,764
"161",161,14939455.6939327,163843.758892919,184949.929826778,19151.090049413,5866.80332902369,3520092.97158255,7990.41569019072,3901893.96937087,99658.3060429454,19372.3652001099,"Malawi","All","All",1,18841350.6633035,764
"162",162,14869332.4229649,162664.672887733,184076.206494387,19222.0072166521,5944.50780683312,3591888.29289347,8222.55303959306,3972017.24033867,101682.719458691,19842.4329111354,"Malawi","All","All",1,18841350.6633035,764
"163",163,14799900.4388846,161340.987201887,183031.173207399,19276.0341696845,6018.69651851262,3663325.65720564,8457.67611576948,4041449.22441889,103696.604195928,20314.0313916857,"Malawi","All","All",1,18841350.6633035,764
"164",164,14731216.7055604,159877.792976085,181818.987487918,19313.0404693798,6089.19343396933,3734339.30013416,8695.64324156196,4110132.95774308,105698.10310841,20786.7451460761,"Malawi","All","All",1,18841350.6633035,764
"165",165,14663335.4304496,158280.617572489,180444.38635888,19332.9547741976,6155.83145351827,3804865.13670133,8936.3059935312,4178014.23285395,107685.407873185,21260.1562063289,"Malawi","All","All",1,18841350.6633035,764
"166",166,14596307.9259366,156555.381956003,178912.648281337,19335.764965695,6218.45323695204,3874840.97935747,9179.50956943752,4245041.7373669,109656.76514278,21733.8455823667,"Malawi","All","All",1,18841350.6633035,764
"167",167,14530182.4915625,154708.35622333,177229.551634884,19321.5178460612,6276.91197715596,3944206.74087231,9425.09318724138,4311167.17174099,111610.48226036,22207.3947100266,"Malawi","All","All",1,18841350.6633035,764
"168",168,14465004.3175903,152746.113572174,175401.330254473,19290.3184157661,6331.07211177633,4012904.62084567,9672.89051331409,4376345.34571318,113544.932502736,22680.3868864984,"Malawi","All","All",1,18841350.6633035,764
"169",169,14400815.4093802,150675.483706656,173434.626594647,19242.3287442926,6380.8099671175,4080879.27479328,9922.73011730719,4440534.2539233,115458.559822075,23152.4086830517,"Malawi","All","All",1,18841350.6633035,764
"170",170,14337654.5325437,148503.505917685,171336.443124918,19177.7664517254,6426.01432918342,4148077.96498535,10174.435950914,4503695.13075978,117349.883063514,23623.0513252891,"Malawi","All","All",1,18841350.6633035,764
"171",171,14275557.1784008,146237.382321951,169114.09252942,19096.9028234472,6466.58693758072,4214450.69244275,10427.8278475733,4565792.48490272,119217.499642413,24091.9120316592,"Malawi","All","All",1,18841350.6633035,764
"172",172,14214555.5490532,143884.431768209,166775.147247272,19000.0605839258,6502.44289884946,4279950.30971202,10682.722040012,4626794.11425029,121060.088671165,24558.5953015481,"Malawi","All","All",1,18841350.6633035,764
"173",173,14154678.5611821,141452.044916684,164327.388891515,18887.6113586237,6533.51101666303,4344532.6142455,10938.9316924074,4686671.1021214,122876.413531347,25022.7141449509,"Malawi","All","All",1,18841350.6633035,764
"174",174,14095951.8675717,138947.640889401,161778.758089149,18759.9728557682,6559.73403722534,4408156.42241637,11196.2674438661,4745397.79573178,124665.32389279,25483.8912464671,"Malawi","All","All",1,18841350.6633035,764
"175",175,14038397.8952708,136378.625811482,159137.305249082,18617.6058021454,6581.06880908099,4470783.62440109,11454.5379598658,4802951.76803275,126425.757186942,25941.7600571706,"Malawi","All","All",1,18841350.6633035,764
"176",176,13982035.8991927,133752.353543785,156411.142702803,18461.0106688554,6597.48635743599,4532379.22034968,11713.5504882986,4859313.76411086,128156.739547226,26395.9658087638,"Malawi","All","All",1,18841350.6633035,764
"177",177,13926882.0298633,131076.088885566,153608.39861228,18290.7242238929,6608.97187394579,4592911.33842776,11973.1114167682,4914467.63344022,129857.386233736,26846.1664453226,"Malawi","All","All",1,18841350.6633035,764
"178",178,13872949.4139702,128356.973469581,150737.173005617,18107.3159486899,6615.52462374552,4652351.23545788,12233.0268278528,4968400.24933338,131526.901563681,27292.0334688416,"Malawi","All","All",1,18841350.6633035,764
"179",179,13820248.2463417,125601.994506205,147805.496260711,17911.3843556569,6617.15777226325,4710673.2810179,12493.1030491273,5021101.41696187,133164.578372661,27733.2526957073,"Malawi","All","All",1,18841350.6633035,764
"180",180,13768785.8919751,122817.956484847,144821.290300876,17703.5532432625,6613.89813506417,4767854.92596949,12753.147194854,5072563.7713284,134769.797035078,28169.524922118,"Malawi","All","All",1,18841350.6633035,764
"181",181,13718566.9967317,120011.455904829,141792.332707254,17484.4679241642,6605.78585461985,4823876.65648459,13012.9676963908,5122782.66657185,136342.024074679,28600.5664973598,"Malawi","All","All",1,18841350.6633035,764
"182",182,13669593.6053373,117188.859068143,138726.223902937,17254.7914603179,6592.87400847055,4878721.93470785,13272.3748185308,5171756.05796626,137880.810398132,29026.1098046968,"Malawi","All","All",1,18841350.6633035,764
"183",183,13621865.285366,114356.282922637,135630.35751978,17015.2009370433,6575.22815374421,4932377.12724518,13531.1811591723,5219484.37793757,139385.789185992,29445.9036504424,"Malawi","All","All",1,18841350.6633035,764
"184",184,13575379.2559313,111519.578905802,132511.894013636,16766.3838058299,6552.925813408,4984831.42270359,13789.2021299228,5265970.4073722,140856.673476321,29859.7135625372,"Malawi","All","All",1,18841350.6633035,764
"185",185,13530130.5198706,108684.319709631,129377.737547406,16509.034323254,6526.05590995947,5036076.7395272,14046.2564154576,5311219.14343292,142293.253476777,30267.3220006572,"Malawi","All","All",1,18841350.6633035,764
"186",186,13486111.9982765,105855.78885883,126234.516118948,16243.8501107206,6494.71815251481,5086107.62537637,14302.1664096831,5355237.66502707,143695.393640914,30668.5284805149,"Malawi","All","All",1,18841350.6633035,764
"187",187,13443314.6663403,103038.972943502,123088.564870427,15971.5288568871,6459.02238342114,5134921.14928195,14556.758626994,5398034.99696319,145063.029544019,31063.1496155857,"Malawi","All","All",1,18841350.6633035,764
"188",188,13401727.6893229,100238.556530223,119945.912508999,15692.7651817729,6419.08789061026,5182516.78778183,14809.8640871546,5439621.97398059,146396.164592992,31451.0190799963,"Malawi","All","All",1,18841350.6633035,764
"189",189,13361338.5580469,97458.9192841799,116812.270717376,15408.2476787167,6375.04269192725,5228896.30621185,15061.3186725803,5480011.10525664,147694.866603739,31831.987496738,"Malawi","All","All",1,18841350.6633035,764
"190",190,13322133.2229235,94704.1353121306,113693.026392908,15118.6561473601,6327.02279761411,5274063.636273,15310.9634570402,5519216.44038006,148959.264278072,32205.9222557298,"Malawi","All","All",1,18841350.6633035,764
"191",191,13284096.225762,91977.9745619297,110593.236554369,14824.6590278521,6275.17145700822,5318024.75093535,15558.6450050412,5557253.43754156,150189.543610284,32572.7072665419,"Malawi","All","All",1,18841350.6633035,764
"192",192,13247210.828711,89283.9060738485,107517.62576064,14526.9110437491,6219.63839533496,5360787.53767756,15804.2156413893,5594138.83459253,151385.944251776,32932.2426508061,"Malawi","All","All",1,18841350.6633035,764
"193",193,13211459.1397941,86625.1028525432,104470.585863321,14226.0510586441,6160.57904624243,5402361.670998,16047.5336906507,5629890.52350941,152548.755860293,33284.4443794928,"Malawi","All","All",1,18841350.6633035,764
"194",194,13176822.2345582,84004.4481726077,101456.17788724,13922.700149148,6098.15378545298,5442758.48506446,16288.4636864525,5664527.42874536,153678.314458295,33629.2438603268,"Malawi","All","All",1,18841350.6633035,764
"195",195,13143280.2734104,81424.5431581548,98478.1358291591,13617.4598944125,6032.52717059477,5481990.84729002,16526.8765507662,5698069.38989311,154774.998822708,33966.5874806472,"Malawi","All","All",1,18841350.6633035,764
"196",196,13110812.6142994,78887.7154661931,95539.8721791103,13310.9108801765,5963.86719192923,5520073.03354324,16762.6497435123,5730537.04900417,155839.226926015,34296.4361110001,"Malawi","All","All",1,18841350.6633035,764
"197",197,13079397.9204741,76396.0288923905,92644.4849758058,13003.6114134797,5892.34453831646,5557020.60562644,16995.6673829998,5761951.74282944,156871.452446467,34618.7645746722,"Malawi","All","All",1,18841350.6633035,764
"198",198,13049014.2631228,73951.2937297144,89794.7662032448,12696.0964426295,5818.13188236956,5592850.29158491,17225.8203378785,5792335.40018075,157872.161363207,34933.5610882661,"Malawi","All","All",1,18841350.6633035,764
"199",199,13019639.2187442,71555.0777311567,86993.2113349572,12388.8766755559,5741.4031883491,5627579.86933787,17453.0062914301,5821710.44455932,158841.868649981,35240.8266782603,"Malawi","All","All",1,18841350.6633035,764
"200",200,12991249.9611591,69208.717539448,84242.0298429619,12082.4378883619,5662.33304594287,5661228.05404854,17677.1297791552,5850099.70214442,159781.115079038,35540.5745783184,"Malawi","All","All",1,18841350.6633035,764
"201",201,12963823.3481187,66913.3304516844,81543.1565028528,11777.2404147898,5581.09603266648,5693814.38958209,17898.1022007269,5877526.31518481,160690.464144846,35832.8296118955,"Malawi","All","All",1,18841350.6633035,764
"202",202,12937336.0025131,64669.8263955556,78898.263336495,11473.7188065234,5497.86610721401,5725359.14433713,18115.8418074857,5904013.66079041,161570.499115454,36117.6275644517,"Malawi","All","All",1,18841350.6633035,764
"203",203,12911764.3882202,62478.9200076928,76308.7720413205,11172.2816536402,5412.81603569093,5755883.21167822,18330.2736667297,5929585.2750833,162421.820217666,36395.014549327,"Malawi","All","All",1,18841350.6633035,764
"204",204,12887084.8806693,60341.1427177936,73775.8667654442,10873.3115540509,5326.11685227825,5785408.01514054,18541.3296041245,5954264.78263424,163245.041960598,36665.0463710664,"Malawi","All","All",1,18841350.6633035,764
"205",205,12863273.8322227,58256.8547520678,71300.5071011391,10577.1652204267,5237.93735550918,5813955.41852605,18748.9481256107,5978075.83108081,164040.790600709,36927.7878897031,"Malawi","All","All",1,18841350.6633035,764
"206",206,12840307.6325058,56226.256978846,68883.4411822547,10284.1737129518,5148.44364098859,5841547.6409624,18953.0743202272,6001042.03079768,164809.70175005,37183.312389227,"Malawi","All","All",1,18841350.6633035,764
"207",207,12818162.7638323,54249.402531508,66525.2187826325,9994.64278624576,5057.79867105557,5868207.17695449,19153.6597452911,6023186.89947122,165552.418128289,37431.7009531768,"Malawi","All","All",1,18841350.6633035,764
"208",208,12796815.8519062,52326.2081398289,64226.2043213595,9708.85333891148,4966.16188158144,5893956.72142024,19350.6622953937,6044533.81139732,166269.587458002,37673.0418500124,"Malawi","All","All",1,18841350.6633035,764
"209",209,12776243.7119632,50456.4651420169,61986.5896932008,9427.06195436825,4873.68882581233,5918819.0996682,19544.0460566699,6065105.95134027,166961.860501756,37907.4299306402,"Malawi","All","All",1,18841350.6633035,764
"210",210,12756423.3905526,48639.850126933,59806.4068549713,9149.50152192968,4780.53085490613,5942817.20224435,19733.781147791,6084926.27275089,167629.889238677,38134.9660401931,"Malawi","All","All",1,18841350.6633035,764
"211",211,12737332.2031619,46875.9351724545,57685.5401077076,8876.38192747947,4686.83483457879,5965973.92455033,19919.8435491129,6104017.46014167,168274.325177479,38355.7564459,"Malawi","All","All",1,18841350.6633035,764
"212",212,12718947.7678907,45164.1976555712,55623.7380222047,8607.89080355236,4592.74289706545,5988312.11111307,20102.2149213841,6122401.89541285,168895.817802322,38569.9122826229,"Malawi","All","All",1,18841350.6633035,764
"213",213,12701248.0353812,43504.029618563,53620.6249645894,8344.19432911797,4498.3922274172,6009854.50436725,20280.882415382,6140101.62792232,169495.013147343,38777.5490173974,"Malawi","All","All",1,18841350.6633035,764
"214",214,12684211.3152136,41894.7466789177,51675.7121882446,8085.43806989712,4403.91488299365,6030623.69779608,20455.8384738063,6157138.34808995,170072.552495295,38978.785934082,"Malawi","All","All",1,18841350.6633035,764
"215",215,12667816.2989772,40335.5964738906,49788.4084661968,7831.74785061563,4309.4376448741,6050642.09326401,20627.0806267092,6173533.3643263,170629.071195355,39173.7456389999,"Malawi","All","All",1,18841350.6633035,764
"216",216,12652042.0802254,38825.7666359316,47958.0302439474,7583.23065119916,4215.08189979587,6069931.86236554,20794.6112816891,6189307.58307812,171165.197594971,39362.5535882602,"Malawi","All","All",1,18841350.6633035,764
"217",217,12636868.1715164,37364.392300511,46183.8112983007,7339.97551951198,4120.9635511349,6088514.91160764,20958.4375100206,6204481.49178713,171681.552080394,39545.3376372497,"Malawi","All","All",1,18841350.6633035,764
"218",218,12622274.5187398,35950.5631513296,44464.9118936723,7102.05449383686,4027.1929573716,6106412.85123765,21118.5708298299,6219075.1445637,172178.74622042,39722.2276126184,"Malawi","All","All",1,18841350.6633035,764
"219",219,12608241.5129215,34583.3300101547,42800.427432768,6869.52352888819,3933.8748964305,6123646.96752642,21275.0269873664,6233108.15038204,172657.382007818,39893.3549069189,"Malawi","All","All",1,18841350.6633035,764
"220",220,12594749.9996937,33261.7109808377,41189.3966027192,6642.42341974265,3841.10855424603,6140238.19831491,21427.8257373529,6246599.66360981,173118.05119289,40058.8520959172,"Malawi","All","All",1,18841350.6633035,764
"221",221,12581781.2866114,31984.6971595169,39630.8090211216,6420.78071864805,3748.98753588635,6156207.1116336,21576.9906233365,6259568.37669211,173561.334703649,40218.85257846,"Malawi","All","All",1,18841350.6633035,764
"222",222,12569317.1484864,30751.2579249388,38123.6123895562,6204.6086402228,3657.59989756155,6171573.88720594,21722.5487588919,6272032.51481711,173987.802147168,40373.4902386683,"Malawi","All","All",1,18841350.6633035,764
"223",223,12557339.8309051,29560.3458240707,36666.7191650976,5993.90795108572,3567.02819785033,6186358.30064983,21864.5306104658,6284009.83239841,174398.011386764,40522.8991301242,"Malawi","All","All",1,18841350.6633035,764
"224",224,12545832.0520866,28410.9010690755,35259.0127627094,5788.66784046078,3477.34956649837,6200579.71019558,22002.9697825861,6295517.61121692,174792.50818978,40667.2131816246,"Malawi","All","All",1,18841350.6633035,764
"225",225,12534777.0032304,27301.8556625321,33899.3533032008,5588.86676878109,3388.63578917159,6214257.04574336,22137.9028060936,6306572.66007315,175171.825940907,40806.5659239997,"Malawi","All","All",1,18841350.6633035,764
"226",226,12524158.3474945,26232.1371685572,32586.5829228418,5394.47329176653,3300.95340658599,6227408.80008932,22269.3689299924,6317191.31580907,175536.485416147,40941.0902374245,"Malawi","All","All",1,18841350.6633035,764
"227",227,12513960.2177353,25200.6721491345,31319.5306621685,5205.44685786939,3214.36382648278,6240053.02215513,22397.4099174549,6327389.44556825,175886.9946127,41070.9181185971,"Malawi","All","All",1,18841350.6633035,764
"228",228,12504167.2131437,24206.3892750374,30097.0169512529,5021.73857736773,3128.92344697047,6252207.31206272,22522.0698464551,6337182.45015981,176223.848630256,41196.1804671074,"Malawi","All","All",1,18841350.6633035,764
"229",229,12494764.3948796,23248.2221441894,28917.857710479,4843.29196174233,3044.68378981438,6263888.81790222,22643.3949154512,6346585.26842391,176547.529599371,41317.006890287,"Malawi","All","All",1,18841350.6633035,764
"230",230,12485737.2808228,22325.1118159404,27780.8680869418,4670.04363230761,2961.69164231681,6275114.23404872,22761.433254479,6355612.38248072,176858.506652812,41433.5255257963,"Malawi","All","All",1,18841350.6633035,764
"231",231,12477071.8395433,21436.0090778363,26684.8658457256,4501.92399737372,2879.98920649772,6285899.80089078,22876.234741971,6364277.82376019,177157.235935977,41545.8628811885,"Malawi","All","All",1,18841350.6633035,764
"232",232,12468754.4835863,20579.8764628087,25628.6744343509,4338.85789748602,2799.61425435484,6296261.3058407,22987.8508275614,6372595.17971727,177444.160652722,41654.1436896715,"Malawi","All","All",1,18841350.6633035,764
"233",233,12460772.0621576,19755.690035424,24611.1257390859,4180.76521852343,2720.60028805273,6306214.0855037,23096.3343610949,6380577.60114589,177719.711143087,41758.490781284,"Malawi","All","All",1,18841350.6633035,764
"234",234,12453111.8532932,18962.4409631787,23631.0625525241,4027.56147265304,2642.97670396184,6315773.02889,23201.7394280108,6388237.81001034,177984.304989675,41859.0249686975,"Malawi","All","All",1,18841350.6633035,764
"235",235,12445761.5555857,18199.1368870814,22687.3407713607,3879.1583473392,2566.76895954015,6324952.58156124,23304.1211912332,6395588.1077178,178238.347149592,41955.8649468579,"Malawi","All","All",1,18841350.6633035,764
"236",236,12438709.2795413,17464.8031059424,21778.8313420497,3735.46422278125,2491.99874212172,6333766.75060967,23403.5357396624,6402640.38376224,178482.230109108,42049.1272056903,"Malawi","All","All",1,18841350.6633035,764
"237",237,12431943.5386277,16758.4835890323,20904.4219712016,3596.38465829852,2418.68413874707,6342229.11037524,23500.0399433221,6409406.12467584,178716.334058346,42138.9259550973,"Malawi","All","All",1,18841350.6633035,764
"238",238,12425453.2400736,16079.2418309506,20063.0186173741,3461.82284830326,2346.83980624005,6350352.8088119,23593.6913151907,6415896.42322997,178941.027083538,42225.3730614996,"Malawi","All","All",1,18841350.6633035,764
"239",239,12419227.6754716,15426.1615613223,19253.5467805709,3331.68004860976,2276.4771408032,6358150.57442088,23684.5478797099,6422121.9878319,179156.665374511,42308.577995182,"Malawi","All","All",1,18841350.6633035,764
"240",240,12413256.5112347,14798.3473211843,18474.9526049125,3205.85597392287,2207.60444646951,6365634.72367441,23772.6680479382,6428093.15206885,179363.593445288,42388.6477877279,"Malawi","All","All",1,18841350.6633035,764
"241",241,12407529.7789487,14194.9249175245,17726.2038089681,3084.24916742589,2140.22710181166,6372817.16885982,23858.1104992949,6433819.88435485,179562.144365821,42465.6869988484,"Malawi","All","All",1,18841350.6633035,764
"242",242,12402037.8656629,13615.0417668885,17006.2904575069,2966.75734344553,2074.34772437126,6379709.42627863,23940.9340698114,6439311.79764066,179752.64000305,42539.7976919332,"Malawi","All","All",1,18841350.6633035,764
"243",243,12396771.5041531,13057.8671381968,16314.2255878649,2853.27770421612,2009.9663323285,6386322.62474104,24021.1976467948,6444578.15915045,179935.391269629,42611.0794176773,"Malawi","All","All",1,18841350.6633035,764
"244",244,12391721.7631906,12522.5923041764,15649.0457034536,2743.70723179953,1947.08050298845,6392667.51430069,24098.9600697833,6449627.9001129,180110.698378769,42679.6292051608,"Malawi","All","All",1,18841350.6633035,764
"245",245,12386880.037846,12008.4306102297,15009.8111461362,2637.94295624289,1885.68552771262,6398754.47517957,24174.280037663,6454469.62545756,180278.851103833,42745.5415597872,"Malawi","All","All",1,18841350.6633035,764
"246",246,12382238.039853,11514.617469046,14395.6063584295,2535.88220106993,1825.7745629742,6404593.52683719,24247.216021799,6459111.62345052,180440.129041395,42808.9084675111,"Malawi","All","All",1,18841350.6633035,764
"247",247,12377787.788057,11040.4102887813,13805.540045847,2437.42280720644,1767.33877726193,6410194.33714237,24317.8261850231,6463561.8752465,180594.801876619,42869.8194048138,"Malawi","All","All",1,18841350.6633035,764
"248",248,12373521.5989672,10585.0883413112,13238.7452489919,2342.46333643702,1710.3674936017,6415566.23160966,24386.1683063105,6467828.06433632,180743.129649919,42928.3613539109,"Malawi","All","All",1,18841350.6633035,764
"249",249,12369432.0774305,10147.952578278,12694.3793344531,2250.9032554813,1654.84832750524,6420718.20266632,24452.2997109685,6471917.58587301,180885.363023955,42984.6188227054,"Malawi","All","All",1,18841350.6633035,764
"250",250,12365512.1074432,9728.3254003415,12171.6239129594,2162.64310176395,1600.76732019352,6425658.9189189,24516.2772061553,6475837.55586032,181021.743550121,43038.673869024,"Malawi","All","All",1,18841350.6633035,764
"251",251,12361754.8431134,9325.55038523581,11669.6846925665,2077.5846319338,1548.10906697729,6430396.73439182,24578.1570215408,6479594.82019007,181152.503933776,43090.6061287001,"Malawi","All","All",1,18841350.6633035,764
"252",252,12358153.6997866,8938.9919799179,11187.7912740252,1995.63095416275,1496.85684070963,6434939.69771314,24637.9947549159,6483195.96351687,181277.868297532,43140.4928470953,"Malawi","All","All",1,18841350.6633035,764
"253",253,12354702.3453431,8568.03516173868,10725.1968949989,1916.68664522729,1446.99271025483,6439295.56122566,24695.8453225575,6486647.31796044,181398.052442026,43188.4089136733,"Malawi","All","All",1,18841350.6633035,764
"254",254,12351394.6916762,8212.08507301223,10281.1781293541,1840.65785334529,1398.497653945,6443471.79000354,24751.7629141505,6489954.97162735,181513.264103614,43234.4268992655,"Malawi","All","All",1,18841350.6633035,764
"255",255,12348224.886358,7870.56663290781,9855.03454724664,1767.45238770879,1351.35166802029,6447475.57075754,24805.8009520717,6493124.7769455,181623.703208566,43278.6170956915,"Malawi","All","All",1,18841350.6633035,764
"256",256,12345187.3044979,7542.92413030593,9446.08834121335,1696.97979562012,1305.53387007078,6451313.82061359,24858.0120548368,6496162.35880564,181729.562123326,43321.0475574184,"Malawi","All","All",1,18841350.6633035,764
"257",257,12342276.5407974,7228.62080099822,9053.68392303116,1629.1514281023,1261.02259751788,6454993.19575191,24908.448004516,6499073.12250608,181831.025900512,43361.7841449682,"Malawi","All","All",1,18841350.6633035,764
"258",258,12339487.4018064,6927.13839229163,8677.1874957379,1563.88049481816,1217.79550119118,6458520.09989514,24957.1597179243,6501862.26149711,181928.272520352,43400.8905697986,"Malawi","All","All",1,18841350.6633035,764
"259",259,12336814.8983802,6637.97671775525,8315.98660484828,1501.08210909551,1175.82963407203,6461900.69263615,25004.1972213938,6504534.76492332,182021.473127308,43438.4284404072,"Malawi","All","All",1,18841350.6633035,764
"260",260,12334254.2383413,6360.65320458112,7969.4896724308,1440.6733238187,1135.10153528931,6465140.8975972,25049.6096289412,6507095.42496226,182110.792261678,43474.4573094253,"Malawi","All","All",1,18841350.6633035,764
"261",261,12331800.8193443,6094.70243580759,7637.12551736008,1382.57315891,1095.58730946472,6468246.410414,25093.445123645,6509548.84395919,182196.388086006,43509.0347214862,"Malawi","All","All",1,18841350.6633035,764
"262",262,12329450.2219456,5839.67568943503,7318.34286475222,1326.70262108686,1057.26270151562,6471222.70653911,25135.7509420513,6511899.44135795,182278.412606171,43542.2162616708,"Malawi","All","All",1,18841350.6633035,764
"263",263,12327198.2028745,5595.1404762459,7012.60984731605,1272.98471654463,1020.10316703191,6474075.04886046,25176.5733614329,6514151.46042903,182357.011887046,43574.0556043497,"Malawi","All","All",1,18841350.6633035,764
"264",264,12325040.6885075,5360.68007794107,6719.4135010895,1221.34445717847,984.083938351532,6476808.49513172,25215.9576897297,6516308.97479601,182432.326262649,43604.6045622553,"Malawi","All","All",1,18841350.6633035,764
"265",265,12322973.7685411,5135.89308702956,6438.25925777678,1171.70886092322,949.180086464586,6479427.90521223,25253.9482580035,6518375.89476243,182504.490540751,43633.9131356328,"Malawi","All","All",1,18841350.6633035,764
"266",266,12320993.6898621,4920.39294974896,6168.67043566884,1124.00694675585,915.366578881604,6481937.94811509,25290.5884152461,6520355.97344139,182573.634201892,43662.029561334,"Malawi","All","All",1,18841350.6633035,764
"267",267,12319096.850613,4713.80751313099,5910.18773091803,1078.16972487208,882.618333604965,6484343.10886259,25325.9205253858,6522252.81269051,182639.881592826,43689.0003617277,"Malawi","All","All",1,18841350.6633035,764
"268",268,12317279.7944481,4515.77857727322,5662.36871075752,1034.13018251642,850.910269345388,6486647.69514915,25359.9859663397,6524069.86885539,182703.352114382,43714.8703933155,"Malawi","All","All",1,18841350.6633035,764
"269",269,12315539.2049788,4325.96145355096,5424.78731006659,991.823265914254,820.217352127258,6488855.84381213,25392.8251309698,6525810.45832477,182764.160403794,43739.6828949519,"Malawi","All","All",1,18841350.6633035,764
"270",270,12313871.9004026,4144.02452958999,5197.03333250944,951.185858724939,790.514638427587,6490971.52711189,25424.4774298008,6527477.76290094,182822.41651152,43763.4795355786,"Malawi","All","All",1,18841350.6633035,764
"271",271,12312274.8283143,3969.64884165085,4978.71195733133,912.156757406126,761.777314993696,6492998.55882246,25454.9812953693,6529074.83498921,182878.226072627,43786.3004613918,"Malawi","All","All",1,18841350.6633035,764
"272",272,12310745.0606933,3802.52765496423,4769.4432527671,874.676643852586,733.980735484279,6494940.60013508,25484.3741880739,6530604.60261022,182931.6904728,43808.184342372,"Malawi","All","All",1,18841350.6633035,764
"273",273,12309279.7890642,3642.36605245815,4568.86169688739,838.688055646737,707.100454077538,6496801.16537679,25512.6926034064,6532069.87423927,182982.907009046,43829.1684181141,"Malawi","All","All",1,18841350.6633035,764
"274",274,12307876.3198269,3488.88053225511,4376.61570658349,804.135354233465,681.112256188508,6498583.62754695,25539.9720804458,6533473.34347666,183031.969045192,43849.2885429021,"Malawi","All","All",1,18841350.6633035,764
"275",275,12306532.0697502,3341.7986142574,4192.3671752858,770.964691308346,655.992186435701,6500291.22367451,25566.2472115061,6534817.5935533,183078.966162264,43868.5792299817,"Malawi","All","All",1,18841350.6633035,764
"276",276,12305244.5616276,3200.85845606776,4015.7910199218,739.123973686041,631.716573994767,6501927.05999945,25591.551652831,6536105.10167596,183123.984303835,43887.0736949907,"Malawi","All","All",1,18841350.6633035,764
"277",277,12304011.4200873,3065.80847842702,3846.57473753534,708.562826894646,608.262055474082,6503494.11698163,25615.9181362358,6537338.2432162,183167.105916469,43904.8038985124,"Malawi","All","All",1,18841350.6633035,764
"278",278,12302830.3675558,2936.40700029835,3684.41797190762,679.232557721971,585.605595444099,6504995.25414071,25639.3784816024,6538519.29574769,183208.410085342,43921.8005877241,"Malawi","All","All",1,18841350.6633035,764
"279",279,12301699.2203677,2812.42188368616,3529.03209044616,651.086115921002,563.724504748952,6506433.21473086,25661.9636101371,6539650.44293581,183247.972665178,43938.0933371167,"Malawi","All","All",1,18841350.6633035,764
"280",280,12300615.8850193,2693.63018823622,3380.13977154519,624.078055264188,542.596456725221,6507810.63025413,25683.7035583065,6540733.77828421,183285.866406585,43953.7105882688,"Malawi","All","All",1,18841350.6633035,764
"281",281,12299578.3545612,2579.8178356244,3237.47460256562,598.164494119628,522.199501449077,6509130.02481622,25704.6274923716,6541771.30874235,183322.161077939,43968.6796886598,"Malawi","All","All",1,18841350.6633035,764
"282",282,12298584.7051251,2470.77928370718,3100.78068853161,573.303075706764,502.512078129094,6510393.81932892,25724.7637234455,6542764.95817844,183356.9235829,43983.0269295129,"Malawi","All","All",1,18841350.6633035,764
"283",283,12297633.0925817,2366.31721037848,2969.81227159326,549.452928174675,483.51302575809,6511604.3355629,25744.1397230033,6543716.57072181,183390.218073709,43996.7775826626,"Malawi","All","All",1,18841350.6633035,764
"284",284,12296721.7493245,2266.24220705289,2844.33336126342,526.574624632538,465.181592133253,6512763.8000552,25762.7821387783,6544627.91397907,183422.106060358,44009.9559364429,"Malawi","All","All",1,18841350.6633035,764
"285",285,12295848.9811757,2170.37248167225,2724.11737540067,504.63014324915,447.497441349738,6513874.3478752,25780.7168109826,6545500.68212786,183452.646515765,44022.5853305968,"Malawi","All","All",1,18841350.6633035,764
"286",286,12295013.164411,2078.53357111222,2608.94679187895,483.58282752662,430.440659868765,6514938.02625334,25797.9687887937,6546336.49889253,183481.895977076,44034.6881902108,"Malawi","All","All",1,18841350.6633035,764
"287",287,12294212.7428982,1990.55806284296,2498.61281085481,463.397346842395,413.991761257132,6515956.79807646,25814.5623470531,6547136.92040532,183509.908643195,44046.286058679,"Malawi","All","All",1,18841350.6633035,764
"288",288,12293446.2253463,1906.28532572183,2392.91502752236,444.039657343621,398.131689690911,6516932.54525386,25830.521003127,6547903.43795727,183536.736468668,44057.3996297043,"Malawi","All","All",1,18841350.6633035,764
"289",289,12292712.1826612,1825.56124969566,2291.66111522018,425.476963268429,382.841822312043,6517867.07195793,25845.8675338814,6548637.48064231,183562.42925404,44068.0487783474,"Malawi","All","All",1,18841350.6633035,764
"290",290,12292009.2454051,1748.23799426936,2194.66651873301,407.677678759991,368.103970522463,6518762.10774343,25860.6239927291,6549340.41789845,183587.034732784,44078.2525911337,"Malawi","All","All",1,18841350.6633035,764
"291",291,12291336.1013541,1674.17374555842,2101.75415761882,390.611390231101,353.900380296466,6519619.31054905,25874.811726708,6550013.56194946,183610.598654923,44088.0293952315,"Malawi","All","All",1,18841350.6633035,764
"292",292,12290691.4931527,1603.23248172949,2012.75413938166,374.248819329603,340.21373158805,6520440.26958528,25888.4513935529,6550658.17015087,183633.164867456,44097.3967867154,"Malawi","All","All",1,18841350.6633035,764
"293",293,12290074.2160603,1535.28374662286,1927.50348229718,358.561786548201,327.027136906211,6521226.50811216,25901.5629787285,6551275.44724326,183654.775391681,44106.3716579302,"Malawi","All","All",1,18841350.6633035,764
"294",294,12289483.1157868,1470.20243135456,1845.84584768453,343.523175515876,314.324139127387,6521979.4861106,25914.1658123908,6551866.54751667,183675.470497539,44114.9702239718,"Malawi","All","All",1,18841350.6633035,764
"295",295,12288917.0864146,1407.86856369661,1767.63128141057,329.106898002344,302.08870861063,6522700.60285094,25926.2785862478,6552432.57688891,183695.288775063,44123.2080483017,"Malawi","All","All",1,18841350.6633035,764
"296",296,12288375.0684023,1348.16710502962,1692.71596440927,315.287859661685,290.305239677554,6523391.19936217,25937.9193702957,6552974.59490125,183714.267203049,44131.1000675137,"Malawi","All","All",1,18841350.6633035,764
"297",297,12287856.0466692,1290.98775465695,1620.96197199523,302.041926536451,278.958546515668,6524052.56080521,25949.1056294035,6553493.61663432,183732.441215032,44138.6606152695,"Malawi","All","All",1,18841350.6633035,764
"298",298,12287359.0487561,1236.22476127034,1552.23704174555,289.345892339171,268.033858560389,6524685.91875373,25959.8542397278,6553990.61454737,183749.844762672,44145.9034454249,"Malawi","All","All",1,18841350.6633035,764
"299",299,12286883.14306,1183.77674135919,1486.4143497206,277.177446524173,257.516815407844,6525292.45338561,25970.1815049353,6554466.52024356,183766.510376638,44152.8417543626,"Malawi","All","All",1,18841350.6633035,764
"300",300,12286427.4371393,1133.54650435703,1423.37229479366,265.515143158994,247.393461307457,6525873.29558838,25980.1031722179,6554922.22616422,183782.469225081,44159.4882025533,"Malawi","All","All",1,18841350.6633035,764
"301",301,12285991.0760888,1085.44088431958,1362.99429086009,254.338370601331,237.650239280369,6526429.52898155,25989.634448083,6555358.5872147,183797.751169789,44165.8549353644,"Malawi","All","All",1,18841350.6633035,764
"302",302,12285573.2409791,1039.37057793053,1305.16856669716,243.627321984529,228.273984906874,6526962.19185899,25998.7900139071,6555776.42232442,183812.384820097,44171.9536031346,"Malawi","All","All",1,18841350.6633035,764
"303",303,12285173.1473599,995.249988633899,1249.78797324626,233.362966511943,219.251919823316,6527472.2790542,26007.5840412382,6556176.51594365,183826.397584648,44177.7953805369,"Malawi","All","All",1,18841350.6633035,764
"304",304,12284790.0438241,952.997076695645,1196.74979809089,223.527021558097,210.571644966274,6527960.74373131,26016.030206838,6556559.61947946,183839.81572108,44183.3909852468,"Malawi","All","All",1,18841350.6633035,764
"305",305,12284423.2106304,912.533214999996,1145.95558690639,214.1019255724,202.221133599357,6528428.49910463,26024.1417074548,6556926.45267316,183852.664383709,44188.7506959377,"Malawi","All","All",1,18841350.6633035,764
"306",306,12284071.958382,873.78305038942,1097.31097166056,205.070811779291,194.188724155534,6528876.42008922,26031.931274317,6557277.70492152,183864.967669298,44193.8843696222,"Malawi","All","All",1,18841350.6633035,764
"307",307,12283735.6267595,836.674370359686,1050.72550534733,196.417482666975,186.463112925635,6529305.34488538,26039.4111873441,6557614.03654403,183876.748660976,44198.8014583586,"Malawi","All","All",1,18841350.6633035,764
"308",308,12283413.5833054,801.137974934143,1006.11250303978,188.12638525542,179.033346621509,6529716.07649922,26046.5932890659,6557936.07999814,183888.029470373,44203.511025342,"Malawi","All","All",1,18841350.6633035,764
"309",309,12283105.2222588,767.10755352562,963.388889052266,180.18258713299,171.888814840217,6530109.38420196,26053.4889982491,6558244.44104476,183898.831278054,44208.0217603991,"Malawi","All","All",1,18841350.6633035,764
"310",310,12282809.9634377,734.519566618907,922.475050004435,172.571753249933,165.019242453728,6530486.00493022,26060.1093232245,6558539.69986577,183909.1743723,44212.3419949048,"Malawi","All","All",1,18841350.6633035,764
"311",311,12282527.251168,703.313132104104,883.294693585784,165.280123455936,158.414681946665,6530846.64462955,26066.4648749152,6558822.41213556,183919.078186315,44216.4797161403,"Malawi","All","All",1,18841350.6633035,764
"312",312,12282256.5532551,673.429916094091,845.774712824193,158.294490768169,152.065505722944,6531191.97954343,26072.5658795627,6559093.1100484,183928.561333907,44220.442581109,"Malawi","All","All",1,18841350.6633035,764
"313",313,12281997.3600001,644.814028062818,809.845055666397,151.602180355453,145.962398400421,6531522.65744978,26078.4221911496,6559352.30330341,183937.641643721,44224.2379298293,"Malawi","All","All",1,18841350.6633035,764
"314",314,12281749.1832547,617.411920147361,775.438599682133,145.191029223683,140.096349111139,6531839.2988471,26084.0433035204,6559600.48004878,183946.336192055,44227.8727981208,"Malawi","All","All",1,18841350.6633035,764
"315",315,12281511.5555166,591.17229046213,742.491031708674,139.049366587059,134.458643823231,6532142.49809215,26089.4383621998,6559838.10778693,183954.661334339,44231.3539299019,"Malawi","All","All",1,18841350.6633035,764
"316",316,12281284.0290613,566.045990277425,710.940732257966,133.165994909356,129.040857699173,6532432.82449111,26094.6161759093,6560065.63424216,183962.632735316,44234.687789014,"Malawi","All","All",1,18841350.6633035,764
"317",317,12281066.1751112,541.985934918241,680.728664513734,127.530171599099,123.834847503717,6532710.82334597,26099.585227785,6560283.48819229,183970.265397981,44237.88057059,"Malawi","All","All",1,18841350.6633035,764
"318",318,12280857.5830378,518.947018243746,651.798267750489,122.131591342363,118.832744073641,6532977.01695804,26104.3536862983,6560492.08026575,183977.573691324,44240.9382119815,"Malawi","All","All",1,18841350.6633035,764
"319",319,12280657.859598,496.886030572658,624.095355011029,116.960369056695,114.026944860234,6533231.90559017,26108.9294158812,6560691.80370555,183984.571376935,44243.8664032616,"Malawi","All","All",1,18841350.6633035,764
"320",320,12280466.6282021,475.761579924122,597.568014884042,112.007023449646,109.410106554381,6533475.96838937,26113.3199872607,6560883.03510144,183991.271634497,44246.6705973168,"Malawi","All","All",1,18841350.6633035,764
"321",321,12280283.528212,455.534016447706,572.166517228462,107.262461165315,104.975137803062,6533709.66427138,26117.5326875052,6561066.13509152,183997.687086235,44249.356019544,"Malawi","All","All",1,18841350.6633035,764
"322",322,12280108.2142688,436.165359920168,547.843222696078,102.717961502359,100.715192025128,6533933.43276875,26121.5745297858,6561241.44903467,184003.829820345,44251.9276771658,"Malawi","All","All",1,18841350.6633035,764
"323",323,12279940.3556487,417.619230190864,524.552495908434,98.3651616870334,96.6236603333348,6534147.69484386,26125.4522628583,6561409.30765484,184009.711413449,44254.3903681779,"Malawi","All","All",1,18841350.6633035,764
"324",324,12279779.6356451,399.860780461724,502.250622148721,94.1960426848693,92.6941645687352,6534352.85366831,26129.1723802684,6561570.02765844,184015.342952126,44256.7486899434,"Malawi","All","All",1,18841350.6633035,764
"325",325,12279625.7509775,382.856633291631,480.895727433976,90.2029155348351,88.9205504528101,6534549.29536998,26132.7411292856,6561723.91232597,184020.735053536,44259.0070474449,"Malawi","All","All",1,18841350.6633035,764
"326",326,12279478.4112247,366.57481921878,460.447701837477,86.3784081899465,85.2968808619426,6534737.38974913,26136.1645195707,6561871.25207881,184025.897885196,44261.1696612086,"Malawi","All","All",1,18841350.6633035,764
"327",327,12279337.3382812,350.984717898109,440.868125935553,82.7154528485433,81.8174292281939,6534917.49096483,26139.4483315807,6562012.32502232,184030.841183923,44263.2405749117,"Malawi","All","All",1,18841350.6633035,764
"328",328,12279202.2658373,336.057001656216,422.12020025751,79.207273760679,78.4766730697039,6535089.93819272,26142.5981247176,6562147.39746618,184035.574273989,44265.2236626859,"Malawi","All","All",1,18841350.6633035,764
"329",329,12279072.9388806,321.763581365868,404.168677621372,75.8473754943328,75.2692876534611,6535255.05625554,26145.6192452251,6562276.7244229,184040.106084526,44267.1226361271,"Malawi","All","All",1,18841350.6633035,764
"330",330,12278949.1132181,308.07755454962,386.979798242191,72.6295316464316,72.1901397926533,6535413.15622737,26148.5168338389,6562400.55008543,184044.445166192,44268.9410510236,"Malawi","All","All",1,18841350.6633035,764
"331",331,12278830.5550188,294.97315562401,370.521227503821,69.5477739839645,69.2342817803139,6535564.53601259,26151.2958331957,6562519.10828468,184048.599707146,44270.682313813,"Malawi","All","All",1,18841350.6633035,764
"332",332,12278717.0403757,282.425708198808,354.761996289137,66.5963820007769,66.3969454605242,6535709.48090088,26153.960995007,6562632.62292784,184052.577548354,44272.349687778,"Malawi","All","All",1,18841350.6633035,764
"333",333,12278608.3548852,270.411579348748,339.672443767356,63.7698728759561,63.6735364380122,6535848.26409885,26156.516887002,6562741.30841827,184056.386198255,44273.9462989914,"Malawi","All","All",1,18841350.6633035,764
"334",334,12278504.2932457,258.908135778594,325.224162540668,61.0629918200417,61.0596284266068,6535981.14723958,26158.967899646,6562845.37005778,184060.03284681,44275.47514202,"Malawi","All","All",1,18841350.6633035,764
"335",335,12278404.6588716,247.893701805531,311.389946055974,58.4707027956273,58.5509577366517,6536108.38087083,26161.3182526392,6562945.00443187,184063.524378961,44276.9390853966,"Malawi","All","All",1,18841350.6633035,764
"336",336,12278309.2635247,237.347519085633,298.143738191159,55.9881795992581,56.1434179011631,6536230.20492284,26163.5720012015,6563040.39977882,184066.867387528,44278.3408768687,"Malawi","All","All",1,18841350.6633035,764
"337",337,12278217.9269602,227.2497080138,285.460584928695,53.6107972918672,53.8330544402244,6536346.84915645,26165.733042149,6563131.73634327,184070.068185567,44279.6831484337,"Malawi","All","All",1,18841350.6633035,764
"338",338,12278130.4765887,217.581230729271,273.316588032634,51.3341239653369,51.616059762843,6536458.53359258,26167.8051197673,6563219.18671483,184073.132818196,44280.9684211679,"Malawi","All","All",1,18841350.6633035,764
"339",339,12278046.7471511,208.323855661511,261.688860648129,49.1539128331165,49.488768205256,6536565.4689236,26169.7918314874,6563302.91615243,184076.067073942,44282.1991098577,"Malawi","All","All",1,18841350.6633035,764
"340",340,12277966.5804085,199.460123553814,250.555484745725,47.0660946331653,47.4476512044529,6536667.85690751,26171.6966333685,6563383.08289501,184078.876495596,44283.3775274411,"Malawi","All","All",1,18841350.6633035,764
"341",341,12277889.8248444,190.973314904315,239.89547033568,45.0667703318335,45.4893126054905,6536765.8907455,26173.5228453944,6563459.83845907,184081.566390618,44284.5058892669,"Malawi","All","All",1,18841350.6633035,764
"342",342,12277816.3353798,182.847418766497,229.68871638044,43.1522041176293,43.6104841010001,6536859.75544378,26175.2736565878,6563533.32792372,184084.141841102,44285.5863171783,"Malawi","All","All",1,18841350.6633035,764
"343",343,12277745.9730999,175.067102853486,219.915973336139,41.318816674155,41.8080208011312,6536949.62816,26176.9521299481,6563603.69020361,184086.607713322,44286.6208434288,"Malawi","All","All",1,18841350.6633035,764
"344",344,12277678.6049931,167.61768489269,210.558807256673,39.5631787218293,40.0788969320398,6537035.67853538,26178.5612072172,6563671.05831039,184088.968666877,44287.6114144363,"Malawi","All","All",1,18841350.6633035,764
"345",345,12277614.1037004,160.485105179419,201.599565396479,37.8820048183332,38.4202016609089,6537118.06901257,26180.1037134794,6563735.5596031,184091.229163444,44288.5598943821,"Malawi","All","All",1,18841350.6633035,764
"346",346,12277552.3472755,153.655900280128,193.021343250682,36.2721474080429,36.8291350453827,6537196.95514041,26181.5823615986,6563797.31602799,184093.393475172,44289.4680686614,"Malawi","All","All",1,18841350.6633035,764
"347",347,12277493.2189553,147.117177837867,184.807952973659,34.7305911110249,35.3030041052058,6537272.48586565,26182.9997565001,6563856.44434818,184095.465692711,44290.3376471911,"Malawi","All","All",1,18841350.6633035,764
"348",348,12277436.6069399,140.8565924347,176.943893119401,33.2544472424818,33.8392190137801,6537344.8038125,26184.3583992987,6563913.0563636,184097.449732912,44291.1702675795,"Malawi","All","All",1,18841350.6633035,764
"349",349,12277382.4041818,134.862322466977,169.414319649299,31.8409485538373,32.4352894072883,6537414.04555035,26185.6606912812,6563967.25912171,184099.349346194,44291.9674981662,"Malawi","All","All",1,18841350.6633035,764
"350",350,12277330.5081844,129.123047991809,162.205018155081,30.4874441869481,31.0888208089784,6537480.34185024,26186.9089377446,6564019.15511913,184101.168123603,44292.7308409339,"Malawi","All","All",1,18841350.6633035,764
"351",351,12277280.8208086,123.627929504527,155.302377246773,29.1913948332205,29.7975111661575,6537543.81793048,26188.1053516969,6564068.84249493,184102.909503573,44293.4617343006,"Malawi","All","All",1,18841350.6633035,764
"352",352,12277233.2480879,118.366587608491,148.693363057551,27.9503680896917,28.5591474974133,6537604.59369193,26189.2520574235,6564116.4152156,184104.576778404,44294.161555795,"Malawi","All","All",1,18841350.6633035,764
"353",353,12277187.7000513,113.32908354012,142.365494819295,26.7620340044133,27.3716026475539,6537662.78394332,26190.351093924,6564161.96325225,184106.173100456,44294.8316246203,"Malawi","All","All",1,18841350.6633035,764
"354",354,12277144.0905532,108.505900513591,136.306821464464,25.6241608037459,26.2328321477387,6537718.49861713,26191.404418224,6564205.57275028,184107.701488094,44295.4732041117,"Malawi","All","All",1,18841350.6633035,764
"355",355,12277102.3371116,103.887925851126,130.5058992117,24.5346107944324,25.1408711782662,6537771.84297627,26192.4139085646,6564247.32619187,184109.164831373,44296.0875040906,"Malawi","All","All",1,18841350.6633035,764
"356",356,12277062.3607519,99.4664338661496,124.951770094322,23.4913364335763,24.0938316314797,6537822.91781207,26193.3813674756,6564287.30255157,184110.565897483,44296.6756831215,"Malawi","All","All",1,18841350.6633035,764
"357",357,12277024.0858582,95.2330694679136,119.633941392525,22.4923765598972,23.089899272255,6537871.81963391,26194.3085247339,6564325.57744533,184111.907335969,44297.2388506732,"Malawi","All","All",1,18841350.6633035,764
"358",358,12276987.4400303,91.1798324574591,114.54236593167,21.5358527798782,22.1273309935432,6537918.6408508,26195.1970402137,6564362.22327318,184113.191683722,44297.7780691914,"Malawi","All","All",1,18841350.6633035,764
"359",359,12276952.3539477,87.2990624860468,109.66742321059,20.6199660026527,21.2044521644573,6537963.46994537,26196.048506629,6564397.30935586,184114.421369767,44298.2943560827,"Malawi","All","All",1,18841350.6633035,764
"360",360,12276918.7612378,83.5834246483646,104.999901325287,19.7429931177076,20.3196540684069,6538006.39164034,26196.864452175,6564430.90206568,184115.59871984,44298.7886856169,"Malawi","All","All",1,18841350.6633035,764
"361",361,12276886.5983517,80.0258956839524,100.530979654841,18.903283809696,19.4713914288091,6538047.48705816,26197.6463430701,6564463.0649518,184116.725960779,44299.2619907491,"Malawi","All","All",1,18841350.6633035,764
"362",362,12276855.8044433,76.6197507613732,96.2522122776791,18.0992575048692,18.6581800199313,6538086.83387368,26198.3955860015,6564493.85886025,184117.80522472,44299.7151648651,"Malawi","All","All",1,18841350.6633035,764
"363",363,12276826.3212548,73.3585508207108,92.1555120876968,17.3294004438422,17.8785943604489,6538124.50646055,26199.1135304802,6564523.34204874,184118.838553127,44300.1490634538,"Malawi","All","All",1,18841350.6633035,764
"364",364,12276798.0930067,70.236130450985,88.2331355809217,16.5922628756083,17.1312654873348,6538160.57603128,26199.8014711053,6564551.57029678,184119.827900637,44300.56450571,"Malawi","All","All",1,18841350.6633035,764
"365",365,12276771.0662926,67.2465862800408,84.4776682846607,15.8864563679098,16.4148788077307,6538195.11077144,26200.4606497431,6564578.59701092,184120.775138754,44300.9622760684,"Malawi","All","All",1,18841350.6633035,764
