"","time","S","E","I","H","C","R","D","inci","hosp","crits","lvl2","lvl3","lvl4","ID","POP","runNum"
"1",1,18841349.6633035,0,1,0,0,0,0,0,0,0,"Malawi","All","All",1,18841350.6633035,102
"2",2,18841348.9495567,0.590032764646804,0.774713158875378,0.00817139978608051,0.000106204764715303,0.340722119340031,1.14183681208121e-06,0.71374678924982,0.00872128791859918,0.000108164832046191,"Malawi","All","All",1,18841350.6633035,102
"3",3,18841348.3236135,0.926195084467624,0.75842649934396,0.0143866042560567,0.000375900489375488,0.64029764667038,8.26142763258469e-06,1.33968999665503,0.0163697021864867,0.000390081985573368,"Malawi","All","All",1,18841350.6633035,102
"4",4,18841347.6677062,1.1838439627562,0.835965826040832,0.0202181388339384,0.000775196369080572,0.954768390301282,2.58019415381187e-05,1.99559731624287,0.0243842488943122,0.000819487761814865,"Malawi","All","All",1,18841350.6633035,102
"5",5,18841346.9245805,1.43443225517607,0.965136913508939,0.0263645950967859,0.00129763532994453,1.31143396671638,5.76394885369321e-05,2.73872300531666,0.0334645192131867,0.00139657878425867,"Malawi","All","All",1,18841350.6633035,102
"6",6,18841346.0582581,1.7098713475107,1.13241436946154,0.0332003220494008,0.00194937264861876,1.72750231553063,0.00010766770984886,3.60504539491074,0.0440501333730112,0.00213419412085846,"Malawi","All","All",1,18841350.6633035,102
"7",7,18841345.0384663,2.02755159468206,1.33587810968335,0.0409909308159287,0.00274370766778922,2.21749280830369,0.000180089917386524,4.6248372410702,0.0565109951454507,0.00305284848367196,"Malawi","All","All",1,18841350.6633035,102
"8",8,18841343.8341515,2.40016540834522,1.57870495633215,0.0499800047060656,0.0036992945537812,2.79632274237412,0.000279607274957279,5.8291520135863,0.0712265479840779,0.0041792660167117,"Malawi","All","All",1,18841350.6633035,102
"9",9,18841342.4104216,2.83967871368549,1.86675989272301,0.0604265765670891,0.0048398468778088,3.48076525731004,0.000411578070986189,7.25288186523442,0.0886231404690369,0.005546358283392,"Malawi","All","All",1,18841350.6633035,102
"10",10,18841340.7267193,3.35906420854444,2.20779621819917,0.0726241906950556,0.00619450141619472,4.29032287465414,0.000582178970542061,8.93658417247953,0.109196344919796,0.00719386487060105,"Malawi","All","All",1,18841350.6633035,102
"11",11,18841338.7353481,3.97321107613452,2.61129901765774,0.0869137160342621,0.00779853338750451,5.24793446805345,0.000798583763758212,10.9279553950312,0.133528966617977,0.00916937546384942,"Malawi","All","All",1,18841350.6633035,102
"12",12,18841336.3799995,4.69955270329411,3.08861014384497,0.103694651043985,0.00969432119443842,6.38068300828617,0.00106916829360891,13.2833039959573,0.162309041591293,0.0115296463664347,"Malawi","All","All",1,18841350.6633035,102
"13",13,18841333.5941124,5.55864138223075,3.65319195246029,0.123437032457128,0.0119325382613219,7.72058448359119,0.00140374881118677,16.0691911378119,0.196349884512742,0.0143422014955679,"Malawi","All","All",1,18841350.6633035,102
"14",14,18841330.2989739,6.57475986997606,4.32098614435247,0.146694907593799,0.0145735883380586,9.30550124682301,0.00181386092096093,19.3643296180044,0.236613292109793,0.0176872465213769,"Malawi","All","All",1,18841350.6633035,102
"15",15,18841326.4015028,7.77661576517493,5.11085226617765,0.174121933672937,0.0176893065184928,11.1802083938217,0.00231308519435273,23.2618007505601,0.284236631675197,0.0216599288307556,"Malawi","All","All",1,18841350.6633035,102
"16",16,18841321.7915809,9.19816467597263,6.04510652878804,0.206490096124439,0.0213650260101428,13.3976788373811,0.00291743871499419,27.8717226029913,0.340565483357173,0.0263730764203469,"Malawi","All","All",1,18841350.6633035,102
"17",17,18841317.1858593,10.1680486808242,7.03145720435695,0.244307514805442,0.0256994006124345,16.004285614252,0.00364580683490281,32.4774442216859,0.406774311742398,0.0319577615237438,"Malawi","All","All",1,18841350.6633035,102
"18",18,18841311.8842735,11.4138636575728,8.03743749634546,0.287041070282791,0.0307839489248207,19.0053836692905,0.00452009744637908,37.7790299398628,0.482986445329811,0.0385431096414311,"Malawi","All","All",1,18841350.6633035,102
"19",19,18841305.8460876,12.8842197504592,9.13173916762176,0.334664832889481,0.0366968996334533,22.4243304086343,0.00556481383301453,43.8172158730712,0.569787488623653,0.0462494115871426,"Malawi","All","All",1,18841350.6633035,102
"20",20,18841298.994566,14.5733034147756,10.3527679175178,0.387639145288213,0.0435184579586866,26.304701618191,0.00680688676746064,50.6687374404988,0.668280550979026,0.0552031017158261,"Malawi","All","All",1,18841350.6633035,102
"21",21,18841291.2304429,16.4957052831855,11.7280947254015,0.446672986192523,0.0513391095453573,30.7027725549615,0.00827588111736024,58.4328605404037,0.779892628631404,0.0655454164719036,"Malawi","All","All",1,18841350.6633035,102
"22",22,18841282.4363126,18.6765056275402,13.2825054337853,0.512635997145593,0.0602638398923347,35.6850755570884,0.0100043861003367,67.2269908415522,0.906311487880763,0.0774372837272058,"Malawi","All","All",1,18841350.6633035,102
"23",23,18841272.4772119,21.1475576303255,15.0414701284841,0.586531903437867,0.0704148679570201,41.3280885224851,0.0120285095954389,77.1860915622851,1.04947729686071,0.0910629049162821,"Malawi","All","All",1,18841350.6633035,102
"24",24,18841261.1994945,23.946332139763,17.0327763709138,0.669497986761651,0.0819339524542959,47.7188801033121,0.0143884492886317,88.4638090024934,1.21159880722523,0.106633041758825,"Malawi","All","All",1,18841350.6633035,102
"25",25,18841248.4288482,27.1158228653719,19.2874660613174,0.762816118283761,0.09498472649287,54.9562363797904,0.0171291347170218,101.234455285973,1.39518185903447,0.124388453023658,"Malawi","All","All",1,18841350.6633035,102
"26",26,18841233.9677392,30.7049476875538,21.8405196337584,0.867930111324906,0.109755273189016,63.1521106753924,0.0203009491050281,115.695564330324,1.60306612665617,0.144603709240284,"Malawi","All","All",1,18841350.6633035,102
"27",27,18841217.5924686,34.7691820637328,24.7314725317587,0.986466638847645,0.126460978135917,72.4332921637603,0.0239605191365589,132.070834895372,1.83846742981789,0.167591400884415,"Malawi","All","All",1,18841350.6633035,102
"28",28,18841199.0496847,39.3713856937508,28.005069928623,1.12026037019927,0.14534788336724,82.9433832904218,0.0281716272630245,150.613618793625,2.10502788275554,0.193707058401697,"Malawi","All","All",1,18841350.6633035,102
"29",29,18841178.0524867,44.5827566258555,31.7119671295867,1.27138211480259,0.166696445801636,94.845008289034,0.0330062155891525,171.61081682067,2.40687190579058,0.223354633914036,"Malawi","All","All",1,18841350.6633035,102
"30",30,18841154.2760902,50.4838971988252,35.9095043554502,1.44217006042235,0.190825748056297,108.32227040653,0.0385454942621678,195.387213263546,2.74866854321606,0.256992614684566,"Malawi","All","All",1,18841350.6633035,102
"31",31,18841127.3525706,57.1661166532623,40.6626365398711,1.63526762686949,0.218098627215552,123.58373212701,0.0448812768816889,222.31073285111,3.13570704448356,0.295141444239482,"Malawi","All","All",1,18841350.6633035,102
"32",32,18841096.8653684,64.7327976474689,46.0448999661897,1.85366295777898,0.248927064440474,140.865530095749,0.0521173675514582,252.797935099179,3.57397586019475,0.338391292978813,"Malawi","All","All",1,18841350.6633035,102
"33",33,18841062.3428303,73.3009938533967,52.1395573188161,2.10073523738218,0.283778546112064,160.435037010458,0.0603711891548884,287.32047315532,4.07025550728069,0.387411214403521,"Malawi","All","All",1,18841350.6633035,102
"34",34,18841023.2508593,83.0032489209251,59.0408998641216,2.38030733497912,0.323183325741769,182.595029150106,0.069775631026784,326.4124442269,4.63222425582749,0.442959578723532,"Malawi","All","All",1,18841350.6633035,102
"35",35,18840978.9846716,93.9896528938016,66.8556907392521,2.69670488335279,0.367742571032323,207.688359656644,0.0804811135273868,370.67863185761,5.26857664263309,0.505895763948773,"Malawi","All","All",1,18841350.6633035,102
"36",36,18840928.8594465,106.430159571296,75.7048179229729,3.05482315593234,0.418137638336002,236.103260773716,0.0926579295752518,420.803856991829,5.98915793193901,0.577193449802782,"Malawi","All","All",1,18841350.6633035,102
"37",37,18840872.0997452,120.517195545772,85.7251772307081,3.46020260651596,0.475140594500842,268.279343409692,0.106498892927977,477.563558280116,6.80511625711817,0.657955685585044,"Malawi","All","All",1,18841350.6633035,102
"38",38,18840807.8275108,136.46865450257,97.0717727805573,3.91911474063686,0.539626128944035,304.714402194215,0.122222333788741,541.835792680713,7.72907519268385,0.749431944477001,"Malawi","All","All",1,18841350.6633035,102
"39",39,18840735.0484872,154.531274070453,109.920105397439,4.43865918559834,0.61258505778657,345.972117027011,0.140075488578931,614.614816226867,8.77532905849545,0.853037446531488,"Malawi","All","All",1,18841350.6633035,102
"40",40,18840652.6368738,174.984406875897,124.468915562349,5.02687305666901,0.695139638632209,392.690756190936,0.160338335571891,697.026429660055,9.96006361601647,0.970375057667857,"Malawi","All","All",1,18841350.6633035,102
"41",41,18840559.317912,198.144356606152,140.943238373991,5.69285540791911,0.788560900478157,445.593052279599,0.183327936853822,790.345391504993,11.3016065123534,1.10326007295571,"Malawi","All","All",1,18841350.6633035,102
"42",42,18840453.6481589,224.369307404943,159.597846368852,6.44690831287189,0.894288267262902,505.497390868952,0.209403353410727,896.015144576292,12.820711016056,1.25374827735905,"Malawi","All","All",1,18841350.6633035,102
"43",43,18840333.9932263,254.064781307461,180.721239092038,7.3006953724906,1.01395181785628,573.33043842404,0.238971207940774,1015.67007722183,14.5408762359645,1.42416775480258,"Malawi","All","All",1,18841350.6633035,102
"44",44,18840198.5025336,287.689892254788,204.640101740442,8.26742189560524,1.1493974733746,650.141464527404,0.272491983177346,1151.16076987479,16.4887103130834,1.61715488713448,"Malawi","All","All",1,18841350.6633035,102
"45",45,18840045.0806566,325.76454680811,231.724260464012,9.36204005484751,1.30271548480806,737.118596888009,0.310487153578502,1304.58264685337,18.6943426387085,1.83569508395108,"Malawi","All","All",1,18841350.6633035,102
"46",46,18839871.3550257,368.877366567329,262.392462263356,10.601478901783,1.47627275534221,835.607150001616,0.353547257295679,1478.30827774672,21.1918886321929,2.08316896119093,"Malawi","All","All",1,18841350.6633035,102
"47",47,18839674.6393544,417.694667096042,297.118907245239,12.0049048622793,1.67274943464349,947.130379436379,0.402341035169961,1675.02394910975,24.0199760284909,2.36340462334345,"Malawi","All","All",1,18841350.6633035,102
"48",48,18839451.8920435,472.970960159819,336.440385081414,13.5940199310988,1.89518025490504,1073.41308876646,0.457625781070902,1897.77125997477,27.2223435422253,2.68073676679792,"Malawi","All","All",1,18841350.6633035,102
"49",49,18839199.6692907,535.560513904515,380.964594657585,15.3933960361624,2.14700142251683,1216.40824774286,0.520259057244655,2149.99401282088,30.8485158572656,3.04007368198045,"Malawi","All","All",1,18841350.6633035,102
"50",50,18838914.0721606,606.430190640777,431.379740506288,17.4308511246077,2.43210377401727,1378.32704488099,0.591211955854879,2435.59114288253,34.9545656777606,3.4469731739534,"Malawi","All","All",1,18841350.6633035,102
"51",51,18838590.6862656,686.674687519917,488.464852091614,19.737881809377,2.75489274867703,1561.67313962298,0.671584120303455,2758.97703791287,39.6039823513361,3.90772832047035,"Malawi","All","All",1,18841350.6633035,102
"52",52,18838224.5136596,777.533513812818,553.10165650338,22.3501504335587,3.12035635333262,1769.2813460548,0.762620749161944,3125.14964390706,44.8686528428798,4.42946462561323,"Malawi","All","All",1,18841350.6633035,102
"53",53,18837809.8962889,880.409313246876,626.288670750679,25.3080276614623,3.53414234589266,2004.36112875816,0.865731838397851,3539.76701460147,50.8299646340899,5.0202502343402,"Malawi","All","All",1,18841350.6633035,102
"54",54,18837340.4286878,996.88977269589,709.156247678871,28.6572180487343,4.00264526112868,2270.54621799442,0.982513977338499,4009.23461565638,57.5800639242145,5.68922037304191,"Malawi","All","All",1,18841350.6633035,102
"55",55,18836808.8590339,1128.77269931334,802.983361909677,32.4494708157106,4.5331048221131,2571.95085770647,1.11477502651773,4540.80426959383,65.2232820659822,6.4467181227608,"Malawi","All","All",1,18841350.6633035,102
"56",56,18836206.9784646,1278.09225007029,909.21818327361,36.7433632679556,5.13371791988088,2913.23276231385,1.26456203360969,5142.6848388792,73.8777318849756,7.30445431910637,"Malawi","All","All",1,18841350.6633035,102
"57",57,18835525.4950743,1447.14998196859,1029.50027780576,41.6052007190656,5.81376493680928,3299.66481086393,1.43419284828585,5824.16822914244,83.6771257016095,8.27568814542895,"Malawi","All","All",1,18841350.6633035,102
"58",58,18834753.8902423,1638.55196728699,1165.68417285139,47.110054156179,6.58375211269918,3737.21682287211,1.62629192893433,6595.7730612083,94.7728492352249,9.37543096440982,"Malawi","All","All",1,18841350.6633035,102
"59",59,18833880.2585325,1855.24672368779,1319.86898862969,53.3428946636768,7.4555737626215,4232.64675939427,1.84383083385215,7469.40477097189,107.336274069212,10.620678042743,"Malawi","All","All",1,18841350.6633035,102
"60",60,18832891.1264941,2100.5684355482,1494.43161705923,60.3998798884094,8.44269568807088,4793.60400715231,2.09017405523921,8458.53680939146,121.561376525727,12.0306706405317,"Malawi","All","All",1,18841350.6633035,102
"61",61,18831771.2444723,2378.29157845959,1692.05980156675,68.3898653140764,9.56036099609582,5428.74809389998,2.36913095156647,9578.41883118806,137.667748486504,13.6271909770791,"Malawi","All","All",1,18841350.6633035,102
"62",62,18830503.3549492,2692.68646945909,1915.79405915121,77.4360528196586,10.8258246283809,6147.88093381456,2.68501446178649,10846.3083543347,155.90395063711,15.434897548283,"Malawi","All","All",1,18841350.6633035,102
"63",63,18829067.9314089,3048.57944488473,2169.07722534013,87.6778344476431,12.2586204602461,6962.09606162821,3.0427077995034,12281.7318945605,176.551296139415,17.4817067122789,"Malawi","All","All",1,18841350.6633035,102
"64",64,18827442.8800597,3451.43217383855,2455.80032647728,99.272968980511,13.8808559086623,7883.94917952484,3.4477390692455,13906.7832437991,199.928176097228,19.7992153831118,"Malawi","All","All",1,18841350.6633035,102
"65",65,18825603.2079263,3907.41743090001,2780.36583944426,112.399924822662,15.7175528513108,8927.64826264646,3.90636649290535,15746.4553771576,226.394879356209,22.4231882487766,"Malawi","All","All",1,18841350.6633035,102
"66",66,18823520.6388579,4423.51527137638,3147.75209287758,127.260648730787,17.797033889004,10109.2737228626,4.42567588015818,17829.0244456165,256.359175519505,25.3941113505269,"Malawi","All","All",1,18841350.6633035,102
"67",67,18821163.1973954,5007.61318288689,3563.58673911802,144.083543452906,20.1513457080342,11447.0174097304,5.01368721866036,20186.4659081149,290.282375067108,28.7577984170492,"Malawi","All","All",1,18841350.6633035,102
"68",68,18818494.7251008,5668.62249977109,4034.23167715307,163.126933048846,22.8167519333916,12961.4608618185,5.67947893912952,22854.938202664,328.686384679418,32.5660970300579,"Malawi","All","All",1,18841350.6633035,102
"69",69,18815474.3326028,6416.61194904012,4566.87694918827,184.683005752822,25.8342909074836,14675.8911768548,6.43332896012376,25875.3307007036,372.16171660416,36.8776885192787,"Malawi","All","All",1,18841350.6633035,102
"70",70,18812055.8103985,7262.94768805913,5169.64445809688,209.082037960075,29.2503804101291,16616.6414729116,7.2868675633348,29293.8529050011,421.376121029887,41.7589551068677,"Malawi","All","All",1,18841350.6633035,102
"71",71,18808186.9336524,8220.45984730232,5851.70807171959,236.6973961186,33.1175313907712,18813.4935461993,8.25325834487838,33162.7296510755,477.084795574372,47.2850042590645,"Malawi","All","All",1,18841350.6633035,102
"72",72,18803808.6733782,9303.63092365668,6623.42911731387,267.951220407905,37.4951608038758,21300.1360983264,9.34740474153154,37540.9899252503,540.142003568126,53.540836042769,"Malawi","All","All",1,18841350.6633035,102
"73",73,18798854.3795466,10528.7878494814,7496.49779193756,303.320308934745,42.4504397517372,24114.6412007977,10.586165936194,42495.2837568393,611.51315420126,60.6225618898197,"Malawi","All","All",1,18841350.6633035,102
"74",74,18793248.7902166,11914.333593759,8484.10431879585,343.343264255127,48.0593262170788,27300.0439635249,11.9886203867657,48100.8730869386,692.289499014029,68.6388897010174,"Malawi","All","All",1,18841350.6633035,102
"75",75,18786906.9544507,13480.9995377212,9601.12134757446,388.628292241758,54.4076924248572,30904.9756281366,13.5763546708523,54442.7088527697,783.7041827348,77.7127470362866,"Malawi","All","All",1,18841350.6633035,102
"76",76,18779733.0293064,15252.1227062865,10864.3086610702,439.861916929474,61.5925948776413,34984.3743280872,15.3737897930517,61616.6339970441,887.15026234823,87.9831112863597,"Malawi","All","All",1,18841350.6633035,102
"77",77,18771618.9368964,17253.9489850924,12292.5433255283,497.818711450319,69.7237061190459,39600.2831286555,17.408550266535,69730.7264071121,1004.20093772866,99.6070749985026,"Malawi","All","All",1,18841350.6633035,102
"78",78,18762442.8683458,19515.9720320079,13907.0690101666,563.372200394043,78.92491871667,44822.7449164114,19.711879946113,78906.7949576428,1136.63223721916,112.762163674949,"Malawi","All","All",1,18841350.6633035,102
"79",79,18752067.6241698,22071.3030902808,15731.770979215,637.506985568085,89.3361439062284,50730.8028240763,22.3191106864351,89282.0391337329,1286.4483772227,127.648938911698,"Malawi","All","All",1,18841350.6633035,102
"80",80,18740338.7840468,24957.0633056742,17793.484691227,721.33210998857,101.115328096763,57413.6136316779,25.270190044511,101010.879256709,1455.90998285431,144.49392075337,"Malawi","All","All",1,18841350.6633035,102
"81",81,18727082.6842111,28214.8158916482,20122.325542195,816.095933500528,114.440704237221,64971.6907455837,28.6102751853612,114266.97909235,1647.56559195183,163.552858553164,"Malawi","All","All",1,18841350.6633035,102
"82",82,18712104.1934616,31891.0347153403,22752.0415352829,923.202596489793,129.513302064555,73518.2872919902,32.390400717537,129245.469841885,1864.28670845113,185.114387621706,"Malawi","All","All",1,18841350.6633035,102
"83",83,18695184.29516,36037.5805558638,25720.4076969663,1044.22990297124,146.55974889249,83180.9220101425,36.6682286688401,146165.368143505,2109.30646900907,209.504117417745,"Malawi","All","All",1,18841350.6633035,102
"84",84,18676077.4561745,40712.205680488,29069.6411171517,1180.94893926719,165.83537841772,94103.0671236098,41.5088900864258,165272.207129021,2386.26241070302,237.089185037907,"Malawi","All","All",1,18841350.6633035,102
"85",85,18654508.7743422,45979.0954171244,32846.8208656952,1335.34562524506,187.627667508902,106446.013457273,46.9859284292896,186840.888961276,2699.24372700992,268.283311425177,"Malawi","All","All",1,18841350.6633035,102
"86",86,18630170.9378807,51909.3813356294,37104.3500552221,1509.64370444546,212.260049854933,120390.907919949,53.1823576384861,211178.725422739,3052.84287932237,303.552431291495,"Malawi","All","All",1,18841350.6633035,102
"87",87,18602721.0514914,58581.6254582999,41900.4277920915,1706.32894561807,240.096055570855,136140.941732597,60.191827878464,238628.611812055,3452.21101659978,343.420833825289,"Malawi","All","All",1,18841350.6633035,102
"88",88,18571777.162906,66082.3457546667,47299.491580519,1928.17628459636,271.543980559221,153923.82282725,68.119969911808,269572.500397503,3903.12058742674,388.478139795056,"Malawi","All","All",1,18841350.6633035,102
"89",89,18536914.8954712,74506.3843240666,53372.6654817049,2178.27623552757,307.061772322649,173994.29419123,77.0858274489345,304434.7678323,4412.02908956093,439.386646121181,"Malawi","All","All",1,18841350.6633035,102
"90",90,18497663.8924285,83957.2232633492,60198.1744590066,2460.06344675192,347.162486182066,196636.923722424,87.2234972984602,343685.770875012,4986.14967739306,496.889597562317,"Malawi","All","All",1,18841350.6633035,102
"91",91,18453504.3250837,94547.1481041105,67861.6812887236,2777.34553576365,392.420180098375,222169.0591538,98.6839572998271,387845.338219796,5633.52591699881,561.820219350595,"Malawi","All","All",1,18841350.6633035,102
"92",92,18403863.7955194,106397.184614205,76456.5229030953,3134.32957872182,443.475822927353,250943.717902796,111.636962368281,437485.867784114,6363.10485843538,635.110880181169,"Malawi","All","All",1,18841350.6633035,102
"93",93,18348114.2796497,119636.75770528,86083.8326435341,3535.64963722122,501.044087934913,283352.826266937,126.273312900789,493235.383653809,7184.81889530375,717.80377965371,"Malawi","All","All",1,18841350.6633035,102
"94",94,18285569.8422055,134402.99445769,96852.4300272396,3986.38945997451,565.920040084333,319830.279900689,142.807212340767,555779.821098018,8109.66303725187,811.06168253515,"Malawi","All","All",1,18841350.6633035,102
"95",95,18215485.1175708,150839.564432342,108878.458017966,4492.10086135073,638.986032650182,360854.957535204,161.47885317104,625864.545732684,9149.77091695709,916.179254467054,"Malawi","All","All",1,18841350.6633035,102
"96",96,18137054.9442708,169094.877265813,122284.707287326,5058.81481653531,721.218663776226,406953.543763452,182.557235824215,704294.719032726,10318.4858510977,1034.59485744102,"Malawi","All","All",1,18841350.6633035,102
"97",97,18049415.5326424,189319.498880434,137199.481673844,5693.04265709721,813.695716556805,458703.068440559,206.343292583743,791934.130661074,11630.4245795626,1167.90285234198,"Malawi","All","All",1,18841350.6633035,102
"98",98,17951647.581217,211662.942299164,153754.841383601,6401.76407896429,917.60220972373,516732.759081726,233.173033274548,889702.082086454,13101.52348572,1317.8650495008,"Malawi","All","All",1,18841350.6633035,102
"99",99,17842781.931556,236269.231796755,172084.324923639,7192.39701526898,1034.2357243183,581725.121360355,263.420927152819,998567.731747489,14749.0650620757,1486.42184068943,"Malawi","All","All",1,18841350.6633035,102
"100",100,17721808.3471155,263271.076237237,192320.008362829,8072.74367287299,1165.01073934827,654415.973647675,297.50352799227,1119541.31618796,16591.6776238184,1675.70275757009,"Malawi","All","All",1,18841350.6633035,102
"101",101,17587687.6333366,292783.310214028,214588.289532215,9050.91335853385,1311.46092645703,735593.172807664,335.883127980257,1253662.02996688,18649.3016874539,1888.03503861126,"Malawi","All","All",1,18841350.6633035,102
"102",102,17439368.0376132,324894.811043013,239004.779828245,10135.2106497132,1475.23901456942,826093.513692079,379.071462684649,1401981.6256903,20943.1097860209,2125.9498536481,"Malawi","All","All",1,18841350.6633035,102
"103",103,17275806.7371595,359658.402622243,265668.602865905,11333.9773013954,1658.11365174679,926797.196342195,427.633360528624,1565542.92614401,23495.364270465,2392.18543039479,"Malawi","All","All",1,18841350.6633035,102
"104",104,17095995.9510065,397080.321657587,294654.922173792,12655.3969609888,1861.96197605971,1038619.91929171,482.190236861096,1745353.712297,26329.2147484276,2689.68562320869,"Malawi","All","All",1,18841350.6633035,102
"105",105,16898994.2009802,437108.916455277,326006.161903701,14107.2516479773,2088.75707568517,1162501.95195217,543.423288515084,1942355.46232333,29468.4186918507,3021.59285693922,"Malawi","All","All",1,18841350.6633035,102
"106",106,16683963.5821203,479621.311818868,359723.36892995,15696.6081084543,2340.54984789539,1299393.16628003,612.0761980022,2157386.0811832,32936.9591652548,3391.23462791387,"Malawi","All","All",1,18841350.6633035,102
"107",107,16450211.0209173,524411.126930496,395756.08343471,17429.4583571944,2619.44356438854,1450234.57292654,688.957172825806,2391138.64238616,36758.5738597806,3802.10156993646,"Malawi","All","All",1,18841350.6633035,102
"108",108,16197232.6747476,571178.33952838,433990.815097938,19310.315375682,2927.55967926736,1615936.01879749,774.940077110179,2644116.98855587,40956.1868414014,4257.81520481074,"Malawi","All","All",1,18841350.6633035,102
"109",109,15924761.5164452,619518.086527535,474242.50032018,21341.7306558675,3266.99603533254,1797348.8689835,870.964335858633,2916588.14685827,45551.2127884061,4762.08598428409,"Malawi","All","All",1,18841350.6633035,102
"110",110,15632813.031822,668916.08631333,516244.050413542,23523.8071003921,3639.77447720342,1995235.8797258,978.033451255331,3208536.63148152,50562.7906193807,5318.65835626456,"Malawi","All","All",1,18841350.6633035,102
"111",111,15321728.879994,718746.531316184,559639.77686518,25853.6671504494,4047.77920642997,2210236.81707082,1097.21170046842,3519620.78330953,56006.9094133,5931.24345140985,"Malawi","All","All",1,18841350.6633035,102
"112",112,14992212.9790676,768277.341934371,603980.864037633,28324.9422904726,4492.68544830986,2442832.23174944,1229.61877571405,3849136.68423594,61895.4884956288,6603.43854912406,"Malawi","All","All",1,18841350.6633035,102
"113",113,14645357.4567726,816682.319870201,648725.441892149,30927.2941925829,4975.87936433554,2693305.84922,1376.42199166499,4195992.20653093,68235.4234294298,7338.63361330885,"Malawi","All","All",1,18841350.6633035,102
"114",114,14282654.1132674,863060.814742814,693243.441979023,33646.0293298251,5498.37417792354,2961709.06354344,1538.82626303836,4558695.55003606,75027.686765142,8139.91021370533,"Malawi","All","All",1,18841350.6633035,102
"115",115,13905989.3320813,906466.717160298,736827.240892491,36461.8161321288,6060.71864965154,3247826.7774814,1718.06090621217,4935360.33122218,82266.4647234514,9009.92734489866,"Malawi","All","All",1,18841350.6633035,102
"116",116,13517619.4684677,945943.37563985,778709.214601782,39350.5787218715,6662.90800879732,3551149.75393693,1915.36392653243,5323730.19483577,89938.4610032211,9950.80538558248,"Malawi","All","All",1,18841350.6633035,102
"117",117,13120126.7183362,980564.192085092,818085.043413115,42283.5925839277,7304.29942523289,3870854.85377237,2131.96368754414,5721222.94496728,98022.4027587165,10964.0101040112,"Malawi","All","All",1,18841350.6633035,102
"118",118,12716354.2206377,1009478.06334812,854142.589367119,45227.8287700615,7983.53465258024,4205795.36897304,2369.05755487143,6124995.4426658,106488.805166777,12050.2386414229,"Malawi","All","All",1,18841350.6633035,102
"119",119,12309324.8817391,1031953.33472979,886095.517296032,48146.5564056311,8698.47949971267,4554504.10520536,2627.78842784509,6532024.78156438,115300.061414986,13209.3186979322,"Malawi","All","All",1,18841350.6633035,102
"120",120,11902152.7774184,1047413.83647718,913218.389905038,51000.1748008718,9446.1869583503,4915210.07686,2909.2208836161,6939196.88588505,124410.879175468,14440.1307093151,"Malawi","All","All",1,18841350.6633035,102
"121",121,11497943.0484685,1055474.60534259,934879.297300629,53747.3140626991,10222.8815221459,5285869.20148746,3214.31511948364,7343406.61483501,133769.074097897,15740.5474357167,"Malawi","All","All",1,18841350.6633035,102
"122",122,11099695.441741,1055962.19108102,950571.233222837,56346.0996091125,11023.9742766735,5664207.82189349,3543.90147939641,7741654.22156253,143316.688736127,17107.4053240501,"Malawi","All","All",1,18841350.6633035,102
"123",123,10710216.3454338,1048919.97275486,959939.977168758,58755.4964255799,11844.1099454409,6047776.10574157,3898.65583353053,8131133.31786974,152991.361119393,18536.5092908016,"Malawi","All","All",1,18841350.6633035,102
"124",124,10332040.0285942,1034606.81281988,962797.518738762,60936.7810321016,12677.2439630097,6434013.20120334,4279.07695225233,8509309.63470935,162727.99109054,20022.6709554889,"Malawi","All","All",1,18841350.6633035,102
"125",125,9967369.75454367,1013477.83600339,959130.910186764,62854.8945941873,13516.7506716364,6820315.05056706,4685.46673678811,8873979.90875983,172460.47094378,21559.782901438,"Malawi","All","All",1,18841350.6633035,102
"126",126,9618039.21216836,986153.008354994,949102.74942695,64479.6313689414,14355.5587903278,7204102.58904251,5117.91415140972,9223310.45113514,182123.422347389,23140.926562966,"Malawi","All","All",1,18841350.6633035,102
"127",127,9285490.13630273,953385.577853186,933034.527641053,65786.7307708052,15186.3031958072,7582891.10373643,5576.28380348779,9555859.52700077,191653.960373555,24758.5044029634,"Malawi","All","All",1,18841350.6633035,102
"128",128,8970772.89961933,916018.443763924,911389.557668608,66758.5771896272,16001.4939873795,7954349.48168493,6060.2093896953,9870576.76368417,200993.195614335,26404.3977275689,"Malawi","All","All",1,18841350.6633035,102
"129",129,8674563.0866873,874940.54449378,884749.006941934,67384.5986787778,16793.6909163425,8316350.64313481,6569.09245055699,10166786.5766162,210087.508764822,28070.1389776503,"Malawi","All","All",1,18841350.6633035,102
"130",130,8397187.21464475,831053.299840277,853775.732193211,67661.4780536927,17555.6707752507,8667015.16112684,7102.1066694793,10444162.4486587,218889.650211644,29747.0864977468,"Malawi","All","All",1,18841350.6633035,102
"131",131,8138663.19736159,785230.814049949,819188.179996339,67592.8736227108,18280.5915816213,9004736.79963691,7658.20705437678,10702686.4659419,227359.375566819,31426.6044808763,"Malawi","All","All",1,18841350.6633035,102
"132",132,7898743.54632392,738292.64248664,781728.892171293,67188.953912004,18962.135933932,9328198.34827255,8236.14420316145,10942606.1169796,235463.833677707,33100.2308125505,"Malawi","All","All",1,18841350.6633035,102
"133",133,7676959.22180977,690985.01011948,742133.936422941,66465.7666061061,19594.6313009944,9636377.61475379,8834.48229042181,11164390.4414937,243177.704060619,34759.8282359284,"Malawi","All","All",1,18841350.6633035,102
"134",134,7472666.88622895,643963.994398658,701111.193428837,65444.314209561,20173.1512803778,9928539.50273758,9451.62101953089,11368682.7770745,250482.978911546,36397.7232930411,"Malawi","All","All",1,18841350.6633035,102
"135",135,7285089.7964667,597789.7176168,659320.028799422,64149.63623028,20693.5827450785,10204222.0820226,10085.8194226306,11556259.8668368,257368.594347409,38006.8143263116,"Malawi","All","All",1,18841350.6633035,102
"136",136,7113357.46243736,552923.84443771,617357.405734745,62609.7692904537,21152.6706365781,10463214.2884701,10735.2222965066,11727992.2008661,263829.848936513,39580.66165121,"Malawi","All","All",1,18841350.6633035,102
"137",137,6956538.81595827,509732.906849726,575748.366507359,60854.7640273183,21548.0328456555,10705529.8901727,11397.8869425076,11884810.8473452,269867.729604382,41113.5483385829,"Malawi","All","All",1,18841350.6633035,102
"138",138,6813671.07510683,468494.165559893,534941.777071929,58915.7286249686,21878.1520497956,10931377.9546194,12071.8102706391,12027678.5881967,275488.150200724,42600.5185787187,"Malawi","All","All",1,18841350.6633035,102
"139",139,6683782.95648281,429404.222112249,495309.270963007,56823.9825164323,22142.3460158165,11141132.9302419,12754.9549712955,12157566.7068207,280701.182621639,44037.3929101463,"Malawi","All","All",1,18841350.6633035,102
"140",140,6565913.75754115,392588.997642061,457147.511935651,54610.2941875906,22340.7196343418,11335304.1072613,13445.2751013789,12275435.9057624,285520.274051537,45420.7641750209,"Malawi","All","All",1,18841350.6633035,102
"141",141,6459127.70027394,358113.735741376,420683.137451712,52304.2606212069,22474.1030424309,11514506.986805,14140.7393677968,12382221.9630296,289961.515025649,46747.9756100077,"Malawi","All","All",1,18841350.6633035,102
"142",142,6362524.64819971,325993.246049147,386078.92716579,49933.8096881438,22543.9793805401,11679436.7002712,14839.3525489795,12478825.0151038,294042.96149363,48017.0853752371,"Malawi","All","All",1,18841350.6633035,102
"143",143,6275247.66183815,296201.553812649,353441.009218328,47524.8256762312,22552.4057392544,11830844.0324632,15539.174555683,12566102.0014653,297784.024797485,49226.8202206485,"Malawi","All","All",1,18841350.6633035,102
"144",144,6196487.96795327,268680.584728151,322826.642162299,45100.8888910197,22501.9306231462,11969514.3119764,16238.3369691593,12644861.6953502,301204.936000635,50376.5213391305,"Malawi","All","All",1,18841350.6633035,102
"145",145,6125487.72109829,243347.909988634,294251.753115993,42683.1236608949,22395.5114160256,12096249.5871562,16935.0568674409,12715861.9422052,304326.294962336,51466.0855658534,"Malawi","All","All",1,18841350.6633035,102
"146",146,6061541.22982448,220103.614893417,267698.421655318,40290.1285366855,22236.4314808113,12211853.1884054,17627.6485073705,12779808.433479,307168.68103657,52495.9025314127,"Malawi","All","All",1,18841350.6633035,102
"147",147,6003994.80113161,198836.096264823,243121.874153805,37937.9860454925,22028.2204752583,12317117.1527895,18314.5324430486,12837354.8621719,309752.337302057,53466.7906302061,"Malawi","All","All",1,18841350.6633035,102
"148",148,5952245.4146245,179426.106383983,220456.202165091,35640.3490195598,21774.5862411018,12412813.7637158,18994.241153476,12889104.248679,312096.959740638,54379.9385699408,"Malawi","All","All",1,18841350.6633035,102
"149",149,5905739.12269227,161751.140231295,199619.91110794,33408.540904426,21479.3452916547,12499687.1789037,19665.4241721997,12935610.5406112,314221.488923842,55236.8446647368,"Malawi","All","All",1,18841350.6633035,102
"150",150,5863968.67327119,145688.362565043,180520.465238587,31251.7116619923,21146.363199695,12578448.2370066,20326.8503604259,12977380.9900323,316143.982697042,56039.2611250214,"Malawi","All","All",1,18841350.6633035,102
"151",151,5826470.99098194,131116.646716845,163058.526834695,29177.009263215,20779.5011768405,12649770.5797183,20977.4086116616,13014878.6723216,317881.522241758,56789.1418464852,"Malawi","All","All",1,18841350.6633035,102
"152",152,5792824.32149293,117918.529745165,147130.870773143,27189.7681241025,20382.5706713493,12714288.4955562,21616.1069405889,13048525.3418106,319450.16174484,57488.5954438515,"Malawi","All","All",1,18841350.6633035,102
"153",153,5762645.35483695,105981.507825792,132632.934440853,25293.7033674441,19959.2940389492,12772595.7984332,22242.070360264,13078704.3084666,320864.904193379,58139.8422777251,"Malawi","All","All",1,18841350.6633035,102
"154",154,5735586.49313028,95198.6151007145,119461.229152835,23491.0953925109,19513.2726411612,12825245.4203081,22854.5375779387,13105763.1701732,322139.694927815,58745.1768809898,"Malawi","All","All",1,18841350.6633035,102
"155",155,5711332.95127776,85469.1857887293,107514.610953944,21782.9819065732,19047.9605271125,12872750.1160466,23452.8568028177,13130016.7120257,323287.443292238,59306.9344442537,"Malawi","All","All",1,18841350.6633035,102
"156",156,5689600.11200469,76699.1630409525,96695.3841130754,20169.3318481906,18566.644485779,12915583.5468444,24036.480966456,13151749.5512988,324320.053436656,59827.4626634669,"Malawi","All","All",1,18841350.6633035,102
"157",157,5670130.95586963,68800.9287163658,86910.546585399,18649.2120825984,18072.4284133659,12954181.6296279,24604.9620082308,13171218.7074339,325248.46166974,60309.0962977919,"Malawi","All","All",1,18841350.6633035,102
"158",158,5652693.66491133,61693.4817494161,78071.9624310747,17220.9374853081,17568.2234013235,12988944.448016,25157.9453090664,13188655.9983922,326082.687576109,60754.1377025988,"Malawi","All","All",1,18841350.6633035,102
"159",159,5637079.35648174,55302.2354457101,70096.7475936206,15882.2101455531,17056.7411230836,13020238.2089561,25695.1635576978,13204270.3068218,326831.886071369,61164.8396870823,"Malawi","All","All",1,18841350.6633035,102
"160",160,5623100.00322938,49558.6155362056,62907.6582396618,14630.242658394,16540.4907612208,13048397.2224708,26216.4304078852,13218249.6600741,327504.399720281,61543.3915534514,"Malawi","All","All",1,18841350.6633035,102
"161",161,5610586.45334799,44399.9204437313,56432.8766570631,13461.8701011802,16021.7790767318,13073726.1293878,26721.6342889818,13230763.2099555,328107.817051461,61891.9085414822,"Malawi","All","All",1,18841350.6633035,102
"162",162,5599386.61022927,39768.9255015885,50605.9899097458,12373.6484622387,15502.7130755861,13096502.0441444,27210.7319806734,13241963.0530742,328649.028470293,62212.4234655219,"Malawi","All","All",1,18841350.6633035,102
"163",163,5589363.84769427,35613.5157770606,45365.8581937139,11361.9349320029,14985.2047302389,13116976.5593479,27683.7426283242,13251985.8156092,329134.27832636,62506.8811627941,"Malawi","All","All",1,18841350.6633035,102
"164",164,5580395.48204161,31886.3473304466,40656.359438056,10422.9621348617,14470.9770953484,13135377.7935125,28140.7417507103,13260954.1812619,329569.21794304,62777.1343228441,"Malawi","All","All",1,18841350.6633035,102
"165",165,5572371.40042245,28544.4815650696,36426.1428644131,9552.89915593915,13961.5719747831,13151912.3118599,28581.8554609711,13268978.2628811,329958.955189168,63024.9412342794,"Malawi","All","All",1,18841350.6633035,102
"166",166,5565192.85752468,25549.0529103194,32628.3520544289,8747.9015826429,13458.3580743657,13166766.8859838,29007.2551732954,13276156.8057788,330308.09977378,63251.9648510571,"Malawi","All","All",1,18841350.6633035,102
"167",167,5558771.28108933,22864.911028718,29220.3280141251,8004.15697558815,12962.5405804387,13180110.2935076,29417.1521076805,13282578.3822142,330620.809456632,63459.7729379653,"Malawi","All","All",1,18841350.6633035,102
"168",168,5553027.27210855,20460.3191740282,26163.3082598718,7317.91823114927,12475.1707414327,13192094.8823149,29811.7924735639,13288322.391195,330900.830090007,63649.8393844544,"Malawi","All","All",1,18841350.6633035,102
"169",169,5547889.67720911,18306.657571211,23422.1321840117,6685.53159767143,11997.1557396369,13202858.0561439,30191.4528579655,13293459.9860944,331151.533574239,63823.5461597328,"Malawi","All","All",1,18841350.6633035,102
"170",170,5543294.76112211,16378.1373727075,20964.9707948901,6103.45827053566,11529.2685776899,13212523.6312114,30556.4359541723,13298054.9021814,331375.952438754,63982.1858671528,"Malawi","All","All",1,18841350.6633035,102
"171",171,5539185.39631225,14651.5263514308,18763.0329228761,5568.29234926473,11072.1586547829,13221203.1904228,30907.066290146,13302164.2669913,331576.814289122,64126.9649878369,"Malawi","All","All",1,18841350.6633035,102
"172",172,5535510.4365016,13105.9386641145,16790.3121320838,5076.77114739904,10626.3609391877,13228997.1570948,31243.6868243244,13305839.2268019,331756.569040421,64259.007209585,"Malawi","All","All",1,18841350.6633035,102
"173",173,5532224.10260461,11722.6001318979,15023.35665911,4625.78368618601,10192.3054551187,13235995.8592315,31566.6555350504,13309125.5606989,331917.41587684,64379.3570591814,"Malawi","All","All",1,18841350.6633035,102
"174",174,5529285.40935461,10484.6334000389,13441.0401733135,4212.37647270612,9770.32665899637,13242280.535034,31876.3422098094,13312064.2539489,332061.328677131,64488.9837670891,"Malawi","All","All",1,18841350.6633035,102
"175",175,5526657.66842066,9376.89234671211,12024.328330049,3833.75571996405,9360.67221864868,13247924.2206255,32173.1256419877,13314691.9948828,332190.078403052,64588.7852346319,"Malawi","All","All",1,18841350.6633035,102
"176",176,5524308.04565324,8385.78351591865,10756.0956004854,3487.28732501708,8963.51136491599,13252992.5487721,32457.3910718247,13317041.6176503,332305.253203049,64679.5919927588,"Malawi","All","All",1,18841350.6633035,102
"177",177,5522207.16317219,7499.10320745591,9620.95685604387,3170.4949978107,8578.9428114698,13257544.4743832,32729.5278753197,13319142.5001313,332408.276635398,64762.1711546597,"Malawi","All","All",1,18841350.6633035,102
"178",178,5520328.73259784,6705.91589605403,8605.07702645804,2881.05757034904,8207.00216647934,13261632.950548,32989.9274983493,13321020.9307057,332500.424628234,64837.2302811563,"Malawi","All","All",1,18841350.6633035,102
"179",179,5518649.23098138,5996.41824525743,7696.02844091986,2616.80450126512,7847.66899231477,13265305.5305573,33238.9815850475,13322700.4323221,332582.840540967,64905.4212275987,"Malawi","All","All",1,18841350.6633035,102
"180",180,5517147.62288198,5361.8181745243,6882.66954374411,2375.71058747834,7500.87313962273,13268604.8885928,33477.0803833078,13324202.0404215,332656.548162223,64967.3437408376,"Malawi","All","All",1,18841350.6633035,102
"181",181,5515805.08955618,4794.24493068079,6154.99535476603,2155.89058357388,7166.50083633057,13271569.3307666,33704.6112753854,13325544.5737473,332722.464461354,65023.5490258757,"Malawi","All","All",1,18841350.6633035,102
"182",182,5514604.79704338,4286.64610947988,5504.03395467267,1955.59267398892,6844.40032528597,13274233.2356996,33921.9574970967,13326744.8662601,332781.410543934,65074.5431848932,"Malawi","All","All",1,18841350.6633035,102
"183",183,5513531.69033009,3832.70484299481,4921.74396126368,1773.19199267236,6534.38692103062,13276627.4482007,34129.4970547002,13327817.9729734,332834.121426881,65120.790414751,"Malawi","All","All",1,18841350.6633035,102
"184",184,5512572.3030135,3426.76660615992,4400.91495186434,1607.18396416967,6236.24774626236,13278779.6452531,34327.6017684768,13328777.36029,332881.255112257,65162.7161016688,"Malawi","All","All",1,18841350.6633035,102
"185",185,5511714.59416481,3063.76882324522,3935.08882543333,1456.17757667426,5949.7459518843,13280714.6514824,34516.6364790744,13329635.0691387,332923.400388133,65200.7096788939,"Malawi","All","All",1,18841350.6633035,102
"186",186,5510947.79425974,2739.17994449945,3518.4790044836,1318.88859555249,5674.62470218862,13282454.7384464,34696.9583506001,13330401.8690438,332961.084220193,65235.1274155775,"Malawi","All","All",1,18841350.6633035,102
"187",187,5510262.27507215,2448.94522835229,3145.90430795432,1194.13310814426,5410.6106167859,13284019.8786477,34868.9163223927,13331087.3882314,332994.778010343,65266.2949176226,"Malawi","All","All",1,18841350.6633035,102
"188",188,5509649.42610308,2189.43562433691,2812.72521912712,1080.82094432089,5157.4170571318,13285427.9877244,35032.8506311111,13331700.2372004,333024.903554657,65294.509593831,"Malawi","All","All",1,18841350.6633035,102
"189",189,5509101.54470868,1957.40301959475,2514.78605693932,977.949296011667,4914.74706529846,13286695.1407187,35189.0924382536,13332248.1185948,333051.838352467,65320.042955278,"Malawi","All","All",1,18841350.6633035,102
"190",190,5508611.74800966,1749.94327299327,2248.36926106866,884.597085519424,4682.29573710871,13287835.7463551,35337.9635820274,13332737.9152938,333075.919873815,65343.142562507,"Malawi","All","All",1,18841350.6633035,102
"191",191,5508173.88056445,1564.45739690787,2010.14741933933,799.918965417967,4459.75268816103,13288862.729928,35479.7763412194,13333175.782739,333097.45003548,65364.0340862184,"Malawi","All","All",1,18841350.6633035,102
"192",192,5507782.43858542,1398.62080378763,1797.14247366344,723.139904678057,4246.8040672286,13289787.6841642,35614.8333045496,13333567.2247181,333116.698882682,65382.9230964008,"Malawi","All","All",1,18841350.6633035,102
"193",193,5507432.50126054,1250.3544256339,1606.68959429405,653.549989911758,4043.13437004092,13290621.0063705,35743.4272925829,13333917.162043,333133.907929771,65399.9967420672,"Malawi","All","All",1,18841350.6633035,102
"194",194,5507119.66915421,1117.79831530605,1436.40512666787,590.499519076687,3848.42804069996,13291372.0218167,35865.8413308016,13334229.9941493,333149.293160212,65415.4253064483,"Malawi","All","All",1,18841350.6633035,102
"195",195,5506840.0088368,999.289281805095,1284.15629156421,533.394397975027,3662.370872011,13292049.0949526,35982.3486707155,13334509.6544667,333163.04772631,65429.36364356,"Malawi","All","All",1,18841350.6633035,102
"196",196,5506590.00356846,893.340111442599,1148.0349671326,481.691805991331,3484.65122657043,13292659.7287729,36093.2128509719,13334759.659735,333175.344356002,65441.9525041923,"Malawi","All","All",1,18841350.6633035,102
"197",197,5506366.50946017,798.620401739791,1026.33500673419,434.89612319746,3314.96109340226,13293210.6534244,36198.6877938889,13334983.1538433,333186.337494121,65453.3197582547,"Malawi","All","All",1,18841350.6633035,102
"198",198,5506166.71571657,713.940669061831,917.530111773047,392.555160221967,3152.99699392635,13293707.9067195,36299.0179324164,13335182.9475869,333196.165245982,65463.5815186832,"Malawi","All","All",1,18841350.6633035,102
"199",199,5505988.10933562,638.237531445594,820.254846345987,354.256630242405,2998.46075306178,13294156.9058437,36394.4383630786,13335361.5539679,333204.951104214,65472.8431750851,"Malawi","All","All",1,18841350.6633035,102
"200",200,5505828.44389544,570.559687892161,733.288734061679,319.624849465433,2851.06014837762,13294562.5109673,36485.1750209689,13335521.2194081,333212.80547653,65481.2003432832,"Malawi","All","All",1,18841350.6633035,102
"201",201,5505685.71100588,510.056719178892,655.540052091632,288.317709596411,2710.50944900163,13294929.0834948,36571.4448729554,13335663.9522976,333219.827083973,65488.7397358802,"Malawi","All","All",1,18841350.6633035,102
"202",202,5505558.11506984,455.968517034917,586.032151006619,260.023860191326,2576.5298550202,13295260.5377241,36653.4561262953,13335791.5482337,333226.10419762,65495.5399597642,"Malawi","All","All",1,18841350.6633035,102
"203",203,5505444.05105253,407.614999955527,523.892361509936,234.460080009034,2448.84985008908,13295560.3865101,36731.4084493102,13335905.612251,333231.71572833,65501.6722475283,"Malawi","All","All",1,18841350.6633035,102
"204",204,5505342.08400023,364.3883092258,468.340083393781,211.368887517868,2327.20547343882,13295831.7833479,36805.4932018421,13336007.5793033,333236.732231213,65507.2011250754,"Malawi","All","All",1,18841350.6633035,102
"205",205,5505250.93097864,325.745252680501,418.676944759436,190.516321629839,2211.34052254461,13296077.5596102,36875.8936730292,13336098.7323249,333241.216791719,65512.1850224518,"Malawi","All","All",1,18841350.6633035,102
"206",206,5505169.44528999,291.199708713526,374.279187824161,171.689875709776,2101.00669466023,13296300.2572223,36942.7853243452,13336180.2180135,333245.225800136,65516.6768325801,"Malawi","All","All",1,18841350.6633035,102
"207",207,5505096.60173642,260.317262543168,334.58881972749,154.69663572395,1995.96367201394,13296502.1591409,37006.3360362143,13336253.0615671,333248.809675017,65520.7244197928,"Malawi","All","All",1,18841350.6633035,102
"208",208,5505031.48370289,232.709818287121,299.106537024307,139.361553516377,1895.97915966734,13296685.3161756,37066.7063564984,13336318.1796006,333252.013497422,65524.3710842415,"Malawi","All","All",1,18841350.6633035,102
"209",209,5504973.2719852,208.029915814671,267.386625582833,125.525838892149,1800.82888230189,13296851.5703062,37124.0497494886,13336376.3913183,333254.87755956,65527.6559861005,"Malawi","All","All",1,18841350.6633035,102
"210",210,5504921.2341491,185.967127002826,239.030287301702,113.045524433238,1710.29654278007,13297002.5768285,37178.5128444008,13336428.4291544,333257.437887522,65530.6145306937,"Malawi","All","All",1,18841350.6633035,102
"211",211,5504874.71527924,166.244175883605,213.680582770555,101.790129954893,1624.17374954659,13297139.8237033,37230.23568279,13336474.9480243,333259.726695784,65533.2787206043,"Malawi","All","All",1,18841350.6633035,102
"212",212,5504833.13021076,148.612774637693,191.019088762794,91.6414446875824,1542.25991938601,13297264.6479068,37279.3519584876,13336516.5330927,333261.77276892,65535.6774703073,"Malawi","All","All",1,18841350.6633035,102
"213",213,5504795.95564653,132.851212962662,170.760688187061,82.492407647559,1464.36215348306,13297378.2519322,37325.9892624946,13336553.707657,333263.601849024,65537.8369026114,"Malawi","All","All",1,18841350.6633035,102
"214",214,5504762.72382128,118.761212412404,152.650589815807,74.2460892474513,1390.29509653566,13297481.7171768,37370.2693174365,13336586.9394822,333265.236947116,65539.7806102349,"Malawi","All","All",1,18841350.6633035,102
"215",215,5504733.01660892,106.165498073067,136.461057395914,66.8147653287907,1319.88077929949,13297576.0163859,37412.3082085886,13336616.6466946,333266.698632823,65541.5298949269,"Malawi","All","All",1,18841350.6633035,102
"216",216,5504706.46017469,94.9056363835691,121.988398592071,60.1190633126452,1252.94844614984,13297662.0249721,37452.216612299,13336643.2031288,333268.005297287,65543.1039871378,"Malawi","All","All",1,18841350.6633035,102
"217",217,5504682.7203515,84.839941098912,109.050585488435,54.0871899156341,1189.33437381722,13297740.5308455,37490.1000161303,13336666.942952,333269.173380501,65544.5202426479,"Malawi","All","All",1,18841350.6633035,102
"218",218,5504661.49842754,75.841786101117,97.484865432451,48.6542331784231,1128.88168240759,13297812.2433762,37526.0589326639,13336688.164876,333270.217578438,65545.7943206032,"Malawi","All","All",1,18841350.6633035,102
"219",219,5504642.52739303,67.7979782791019,87.1457556873857,43.7615186232656,1071.44013898195,13297877.80141,37560.1891088522,13336707.1359105,333271.151027615,65546.9403464661,"Malawi","All","All",1,18841350.6633035,102
"220",220,5504625.56846307,60.6072745643034,77.9031605893681,39.35600470339,1016.86595070724,13297937.7807145,37592.5817353878,13336724.0948404,333271.985476093,65547.9710645689,"Malawi","All","All",1,18841350.6633035,102
"221",221,5504610.40820552,54.179197379222,69.6407756055885,35.3897751267752,965.021565117558,13297992.7001473,37623.3236374227,13336739.255098,333272.731424734,65548.8979657607,"Malawi","All","All",1,18841350.6633035,102
"222",222,5504596.85587913,48.4328794889336,62.2546653316045,31.8195584580678,915.775466603079,13298043.0273913,37652.4974631737,13336752.8074244,333273.398258116,65549.7314076555,"Malawi","All","All",1,18841350.6633035,102
"223",223,5504584.74094653,43.2960074883917,55.651911887134,28.6062750321131,869.001966696895,13298089.1843238,37680.1818720268,13336764.922357,333273.994366863,65550.4807278177,"Malawi","All","All",1,18841350.6633035,102
"224",224,5504573.91095255,38.7039535113664,49.7494286238997,25.7146441872858,824.580998730115,13298131.5516148,37706.4517111271,13336775.752351,333274.527252007,65551.154341549,"Malawi","All","All",1,18841350.6633035,102
"225",225,5504564.22961408,34.5989384047529,44.4729471305663,23.1128217325817,782.39791376952,13298170.4728818,37731.3781865642,13336785.4336894,333275.003618943,65551.759831682,"Malawi","All","All",1,18841350.6633035,102
"226",226,5504555.57510664,30.9292982287138,39.7560912511099,20.7720713668346,742.343278666277,13298206.258429,37755.0290283288,13336794.0881969,333275.42946172,65552.3040297923,"Malawi","All","All",1,18841350.6633035,102
"227",227,5504547.83851969,27.648864655267,35.5395005632671,18.6664678044629,704.312676879941,13298239.1886248,37777.4686490693,13336801.8247838,333275.810139026,65552.7930895422,"Malawi","All","All",1,18841350.6633035,102
"228",228,5504540.92249499,24.7163627559013,31.7701136886479,16.7726262114991,668.206512896024,13298269.5168962,37798.7582967074,13336808.7408085,333276.150441174,65553.2325530771,"Malawi","All","All",1,18841350.6633035,102
"229",229,5504534.74000645,22.0948806346475,28.400516765866,15.0694572511355,633.929820545954,13298297.4724208,37818.9562010489,13336814.9232971,333276.454650127,65553.6274110164,"Malawi","All","All",1,18841350.6633035,102
"230",230,5504529.21325016,19.7514373432219,25.3883002511656,13.5379461617366,601.392075565629,13298323.2625795,37838.1177145507,13336820.4500533,333276.726594106,65553.982156651,"Malawi","All","All",1,18841350.6633035,102
"231",231,5504524.27267649,17.6565482043801,22.6955560021386,12.1609518595384,570.507012933923,13298347.0751108,37856.2954472069,13336825.390627,333276.969695207,65554.3008348272,"Malawi","All","All",1,18841350.6633035,102
"232",232,5504519.85611739,15.7838425431886,20.2884140691516,10.9230245834638,541.1924489553,13298369.0800599,37873.539396011,13336829.8071861,333277.187012337,65554.5870862618,"Malawi","All","All",1,18841350.6633035,102
"233",233,5504515.90799083,14.1097635706341,18.1365720794574,9.81024232972888,513.370108360267,13298389.4315574,37889.8970689062,13336833.7553127,333277.381280356,65554.8441874154,"Malawi","All","All",1,18841350.6633035,102
"234",234,5504512.37861473,12.6132408348121,16.2129580866549,8.81006117333544,486.965456546132,13298408.2693686,37905.4136035332,13336837.2846888,333277.554943829,65555.0750865741,"Malawi","All","All",1,18841350.6633035,102
"235",235,5504509.22357761,11.2754407405685,14.4933703298364,7.91118158507242,461.90753784014,13298425.7203151,37920.1318803163,13336840.4397259,333277.71018799,65555.282436236,"Malawi","All","All",1,18841350.6633035,102
"236",236,5504506.40316867,10.0795327274161,12.9561588159471,7.10342512820048,438.128816089776,13298441.8995694,37934.0926326708,13336843.2601348,333277.848966788,65555.4686228817,"Malawi","All","All",1,18841350.6633035,102
"237",237,5504503.88190003,9.01046360962665,11.5819881440581,6.37762687087664,415.565026782335,13298456.9117499,37947.3345481721,13336845.7814035,333277.973026387,65555.6357927601,"Malawi","All","All",1,18841350.6633035,102
"238",238,5504501.62804692,8.05478290312918,10.3535666301731,5.72553521947313,394.155029256139,13298470.8519739,37959.8943687203,13336848.0352566,333278.083927792,65555.7858760423,"Malawi","All","All",1,18841350.6633035,102
"239",239,5504499.61324535,7.20046566480216,9.25543362287715,5.13972075169657,373.840663924287,13298483.8067878,37971.8069864303,13336850.0500582,333278.183066644,65555.9206086478,"Malawi","All","All",1,18841350.6633035,102
"240",240,5504497.81214169,6.4367596362948,8.27377285330862,4.61349608370744,354.566617876259,13298495.8549823,37983.105533083,13336851.8511618,333278.271690464,65556.0415513988,"Malawi","All","All",1,18841350.6633035,102
"241",241,5504496.20206889,5.7540547340297,7.39622920466294,4.14084227876808,336.280293375804,13298507.068348,37993.8214669906,13336853.4612346,333278.350914581,65556.1501076289,"Malawi","All","All",1,18841350.6633035,102
"242",242,5504494.76276697,5.143760015713,6.61176090201773,3.716343557373,318.931684025548,13298517.5123338,38003.9846541938,13336854.9005365,333278.421735885,65556.2475387321,"Malawi","All","All",1,18841350.6633035,102
"243",243,5504493.47612199,4.59819488161601,5.91049539732258,3.33512642867956,302.473251900215,13298527.2466644,38013.623448485,13336856.1871815,333278.485045671,65556.3349786608,"Malawi","All","All",1,18841350.6633035,102
"244",244,5504492.32594493,4.11049504571093,5.28360910424922,2.99280739574092,286.859815038008,13298536.3258678,38022.764764189,13336857.3373586,333278.541640522,65556.4134463539,"Malawi","All","All",1,18841350.6633035,102
"245",245,5504491.29776226,3.67452321645704,4.72321381589948,2.68544301696307,272.048434049761,13298544.799778,38031.4341491224,13336858.3655412,333278.592232607,65556.4838575858,"Malawi","All","All",1,18841350.6633035,102
"246",246,5504490.37862963,3.28479088981954,4.22225435425345,2.40948514248863,257.998303281521,13298552.713986,38039.655854176,13336859.2846739,333278.637458856,65556.5470355753,"Malawi","All","All",1,18841350.6633035,102
"247",247,5504489.55698335,2.93639497085572,3.77442804373132,2.1617447263768,244.670656131126,13298560.1102028,38047.4528934578,13336860.1063202,333278.67788826,65556.6037195414,"Malawi","All","All",1,18841350.6633035,102
"248",248,5504488.82248379,2.62495096991131,3.37409977203141,1.93935360719183,232.028662742279,13298567.0266435,38054.8471091527,13336860.8408197,333278.714029583,65556.6545737362,"Malawi","All","All",1,18841350.6633035,102
"249",249,5504488.16588774,2.34653969914813,3.0162315749682,1.73973303029073,220.037337879539,13298573.4983441,38061.8592295175,13336861.4974158,333278.74633764,65556.7001948729,"Malawi","All","All",1,18841350.6633035,102
"250",250,5504487.57893249,2.09765779222027,2.69631984270129,1.56056475988093,208.663451943088,13298579.557452,38068.5089246823,13336862.084371,333278.775218997,65556.7411189295,"Malawi","All","All",1,18841350.6633035,102
"251",251,5504487.05423177,1.87517302180156,2.41033912288105,1.39976492456174,197.875445873457,13298585.233489,38074.8148598073,13336862.6090717,333278.801037099,65556.777827301,"Malawi","All","All",1,18841350.6633035,102
"252",252,5504486.58518265,1.67628568769437,2.15469050482061,1.25546056677071,187.643349874427,13298590.5535886,38080.7947456422,13336863.0781209,333278.824116845,65556.8107523132,"Malawi","All","All",1,18841350.6633035,102
"253",253,5504486.16588243,1.49849315957583,1.9261566067648,1.12596846124887,177.938705810455,13298595.5427104,38086.4653866296,13336863.4974211,333278.844748679,65556.8402821933,"Malawi","All","All",1,18841350.6633035,102
"254",254,5504485.79105468,1.33955781290434,1.72186190015301,1.00977603460148,168.734493145333,13298600.2238333,38091.8427266528,13336863.8722488,333278.863192228,65556.8667655394,"Malawi","All","All",1,18841350.6633035,102
"255",255,5504485.45598249,1.19747962154766,1.53923546138522,0.905524216982903,160.005058283166,13298604.6181309,38096.9418925399,13336864.207321,333278.87967959,65556.8905153392,"Malawi","All","All",1,18841350.6633035,102
"256",256,5504485.15644915,1.0704708843565,1.37597876629088,0.811991980706163,151.726047181979,13298608.7451301,38101.7772354253,13336864.5068544,333278.894418249,65556.911812586,"Malawi","All","All",1,18841350.6633035,102
"257",257,5504484.88868539,0.956933047365575,1.23003773659072,0.728082406115976,143.874341108665,13298612.6228537,38106.3623700703,13336864.7746181,333278.907593674,65556.9309095296,"Malawi","All","All",1,18841350.6633035,102
"258",258,5504484.64932163,0.855437330385316,1.09957583360759,0.652810175096641,136.427995405801,13298616.2679509,38110.7102122367,13336865.0139819,333278.919371666,65556.9480325992,"Malawi","All","All",1,18841350.6633035,102
"259",259,5504484.43534554,0.764706763995723,0.982950923201621,0.585290298263057,129.366181148202,13298619.6958146,38114.8330142057,13336865.227958,333278.929900448,65556.963385031,"Malawi","All","All",1,18841350.6633035,102
"260",260,5504484.24406453,0.683599331866821,0.878695733607717,0.524727949830635,122.66912956817,13298622.9206878,38118.7423985295,13336865.419239,333278.939312509,65556.9771492311,"Malawi","All","All",1,18841350.6633035,102
"261",261,5504484.0730715,0.611094316041182,0.785498370906336,0.470409359351097,116.318079129327,13298625.9557607,38122.4493900998,13336865.590232,333278.947726292,65556.9894888985,"Malawi","All","All",1,18841350.6633035,102
"262",262,5504483.92021451,0.546279604456465,0.702185593164191,0.421693604759361,110.2952251371,13298628.8132584,38125.9644466143,13336865.743089,333278.955247684,65557.000550933,"Malawi","All","All",1,18841350.6633035,102
"263",263,5504483.78357006,0.488339315404416,0.627709292716675,0.378005195637076,104.58367172349,13298631.5045204,38129.2974875481,13336865.8797335,333278.961971332,65557.0104671529,"Malawi","All","All",1,18841350.6633035,102
"264",264,5504483.66141869,0.436544243016878,0.561132437571585,0.338827482544038,99.1673864351917,13298634.0400727,38132.4579215009,13336866.0018848,333278.967981841,65557.0193558271,"Malawi","All","All",1,18841350.6633035,102
"265",265,5504483.55222288,0.390242828752512,0.501616619767971,0.303696584066843,94.0311560318607,13298636.4296958,38135.454672768,13336866.1110806,333278.973354867,65557.0273230843,"Malawi","All","All",1,18841350.6633035,102
"266",266,5504483.45460862,0.348852230912679,0.448413185973151,0.272196142729036,89.1605462691159,13298638.6824816,38138.2962054728,13336866.2086949,333278.978158018,65557.0344641222,"Malawi","All","All",1,18841350.6633035,102
"267",267,5504483.36734773,0.311851576427973,0.400852848070006,0.243952481433917,84.5418624314517,13298640.8068892,38140.9905472133,13336866.2959558,333278.982451727,65557.0408643315,"Malawi","All","All",1,18841350.6633035,102
"268",268,5504483.28934204,0.278775426513893,0.358336836030156,0.218630172101172,80.1621112827564,13298642.8107959,38143.5453118251,13336866.3739615,333278.98629003,65557.0466003214,"Malawi","All","All",1,18841350.6633035,102
"269",269,5504483.21960996,0.249207462788894,0.320330267262255,0.195928179038474,76.0089659463886,13298644.7015413,38145.9677203576,13336866.4436935,333278.989721226,65557.051740807,"Malawi","All","All",1,18841350.6633035,102
"270",270,5504483.15727396,0.222775562038682,0.286354868596148,0.175576336600127,72.0707319144782,13298646.4859695,38148.2646213501,13336866.5060295,333278.992788495,65557.0563474245,"Malawi","All","All",1,18841350.6633035,102
"271",271,5504483.10154954,0.199147160221793,0.255982984137775,0.157332220115801,68.3363151322211,13298648.1704666,38150.4425098445,13336866.561754,333278.995530439,65557.0604754526,"Malawi","All","All",1,18841350.6633035,102
"272",272,5504483.05173547,0.178024864968875,0.22883246885483,0.140978305345294,64.7951914855267,13298649.7609954,38152.507545541,13336866.611568,333278.997981562,65557.0641744663,"Malawi","All","All",1,18841350.6633035,102
"273",273,5504483.00720487,0.159142878748566,0.204561653047586,0.126319430182181,61.4373778369078,13298651.2631268,38154.4655700124,13336866.6560986,333279.000172709,65557.0674889219,"Malawi","All","All",1,18841350.6633035,102
"274",274,5504482.96739748,0.142263649406921,0.182865140444586,0.113180530354075,58.2534047695583,13298652.682069,38156.3221228852,13336866.695906,333279.002131448,65557.070458678,"Malawi","All","All",1,18841350.6633035,102
"275",275,5504482.93181224,0.127174700379567,0.163469870720438,0.101404496394852,55.2342894062574,13298654.0226948,38158.0824579606,13336866.7314913,333279.003882435,65557.0731194882,"Malawi","All","All",1,18841350.6633035,102
"276",276,5504482.90000122,0.113686103540546,0.146131688171291,0.0908503828045516,52.3715110423703,13298655.2895654,38159.7515576499,13336866.7633023,333279.00544771,65557.0755034124,"Malawi","All","All",1,18841350.6633035,102
"277",277,5504482.87156419,0.101628165390158,0.130632441528786,0.0813918210165244,49.6569884224928,13298656.486952,38161.3341464241,13336866.7917393,333279.006846967,65557.0776391815,"Malawi","All","All",1,18841350.6633035,102
"278",278,5504482.84614328,0.090849123108797,0.116777111851305,0.0729154393412561,47.0830563365544,13298657.6188575,38162.8347046584,13336866.8171602,333279.008097813,65557.0795525597,"Malawi","All","All",1,18841350.6633035,102
"279",279,5504482.82341861,0.0812133415759149,0.104391331410979,0.065319558810976,44.6424446122446,13298658.689035,38164.2574810454,13336866.8398849,333279.00921599,65557.081266644,"Malawi","All","All",1,18841350.6633035,102
"280",280,5504482.80310416,0.072599562273874,0.0933191931214832,0.0585129771961472,42.3282576340799,13298659.7010053,38165.6065046879,13336866.8601993,333279.010215571,65557.0828021423,"Malawi","All","All",1,18841350.6633035,102
"281",281,5504482.78494429,0.064899369193237,0.0834213869970803,0.0524139131977728,40.1339555593562,13298660.6580728,38166.8855961825,13336866.8783592,333279.011109135,65557.0841776156,"Malawi","All","All",1,18841350.6633035,102
"282",282,5504482.76871053,0.0580158803594732,0.0745733926686642,0.0469490467571314,38.0533361879294,13298661.5633401,38168.0983783095,13336866.894593,333279.011907925,65557.0854096976,"Malawi","All","All",1,18841350.6633035,102
"283",283,5504482.75419859,0.051862487392262,0.0666638439542366,0.0420526181571385,36.0805171348061,13298662.4197223,38169.2482865385,13336866.9091049,333279.012621991,65557.0865133007,"Malawi","All","All",1,18841350.6633035,102
"284",284,5504482.74122583,0.046361749487288,0.0595932100906237,0.037665662748447,34.2099196176981,13298663.2299588,38170.3385785742,13336866.9220777,333279.013260321,65557.0875017911,"Malawi","All","All",1,18841350.6633035,102
"285",285,5504482.72962903,0.0414444369042951,0.0532725222804056,0.0337353129260628,32.4362528869682,13298663.9966258,38171.3723435203,13336866.9336745,333279.013830947,65557.088387148,"Malawi","All","All",1,18841350.6633035,102
"286",286,5504482.71926222,0.0370486754891827,0.0476222293104338,0.03021417002104,30.7544994227817,13298664.7221462,38172.3525105862,13336866.9440413,333279.01434105,65557.0891801076,"Malawi","All","All",1,18841350.6633035,102
"287",287,5504482.70999496,0.0331191483703187,0.0425712251633195,0.0270597403416077,29.1599008879344,13298665.4088002,38173.2818573451,13336866.9533085,333279.01479705,65557.0898902911,"Malawi","All","All",1,18841350.6633035,102
"288",288,5504482.70171062,0.0296064005221766,0.0380559543375948,0.0242339297160115,27.647944804878,13298666.0587342,38174.1630175627,13336866.9615929,333279.015204684,65557.0905263205,"Malawi","All","All",1,18841350.6633035,102
"289",289,5504482.69430496,0.0264662317539646,0.0340195956172594,0.0217025914798067,26.2143519502297,13298666.6739696,38174.9984886002,13336866.9689985,333279.015569083,65557.0910959216,"Malawi","All","All",1,18841350.6633035,102
"290",290,5504482.68768481,0.0236591371341268,0.0304113643703085,0.0194351225034624,24.8550644646745,13298667.2564102,38175.7906383949,13336866.9756187,333279.01589483,65557.091606016,"Malawi","All","All",1,18841350.6633035,102
"291",291,5504482.68176681,0.0211497706867157,0.0271858354519719,0.0174040724630687,23.5662337128426,13298667.8078507,38176.5417125839,13336866.9815367,333279.016186028,65557.0920628099,"Malawi","All","All",1,18841350.6633035,102
"292",292,5504482.67647648,0.0189065516036406,0.0243024110486595,0.0155848462531486,22.3442102872753,13298668.3299825,38177.2538403672,13336866.986827,333279.016446341,65557.0924718622,"Malawi","All","All",1,18841350.6633035,102
"293",293,5504482.67174726,0.0169012577757626,0.0217248109245222,0.0139554067561122,21.185533715105,13298668.8244005,38177.9290405431,13336866.9915562,333279.016679044,65557.0928381518,"Malawi","All","All",1,18841350.6633035,102
"294",294,5504482.66751964,0.0151086506063554,0.0194206019253465,0.012495999635229,20.0869224272891,13298669.2926088,38178.569227388,13336866.9957839,333279.016887066,65557.0931661407,"Malawi","All","All",1,18841350.6633035,102
"295",295,5504482.66374042,0.0135061734810496,0.0173607860255538,0.0111889219779075,19.0452646335148,13298669.7360265,38179.1762160032,13336866.9995631,333279.017073024,65557.0934598258,"Malawi","All","All",1,18841350.6633035,102
"296",296,5504482.66036203,0.0120736599958273,0.0155194356472942,0.0100183069736514,18.0576094513342,13298670.1559931,38179.7517275112,13336867.0029415,333279.017239259,65557.0937227887,"Malawi","All","All",1,18841350.6633035,102
"297",297,5504482.65734195,0.0107930803353523,0.0138733824414763,0.00896993764045445,17.1211587777229,13298670.5537725,38180.2973938151,13336867.0059615,333279.017387863,65557.0939582374,"Malawi","All","All",1,18841350.6633035,102
"298",298,5504482.6546422,0.00964832279824469,0.0124019177361079,0.00803107739640084,16.233259448823,13298670.9305583,38180.8147621886,13336867.0086613,333279.017520706,65557.0941690449,"Malawi","All","All",1,18841350.6633035,102
"299",299,5504482.65222879,0.00862498365698454,0.0110865212579292,0.00719031119720575,15.3913955358248,13298671.2874776,38181.3052997852,13336867.0110747,333279.017639459,65557.0943577855,"Malawi","All","All",1,18841350.6633035,102
"300",300,5504482.65007136,0.00771018413409401,0.00991064054491873,0.00643741083257982,14.593181345059,13298671.6255948,38181.7703977334,13336867.0132321,333279.017745616,65557.094526765,"Malawi","All","All",1,18841350.6633035,102
"301",301,5504482.64814275,0.00689241119368932,0.00885947935530933,0.00576321211789612,13.8363546994762,13298671.9459159,38182.2113750673,13336867.0151607,333279.017840514,65557.0946780489,"Malawi","All","All",1,18841350.6633035,102
"302",302,5504482.6464187,0.00616137474070757,0.00791980810649188,0.00515950448040612,13.1187705552002,13298672.2493911,38182.6294824593,13336867.0168848,333279.017925346,65557.094813487,"Malawi","All","All",1,18841350.6633035,102
"303",303,5504482.64487751,0.00550787524217731,0.00707980161672433,0.00461893195279954,12.4383949476866,13298672.5369187,38183.0259057604,13336867.018426,333279.018001181,65557.0949347364,"Malawi","All","All",1,18841350.6633035,102
"304",304,5504482.64349979,0.00492368820917253,0.00632889012103892,0.00413490450938865,11.7932992532653,13298672.8093476,38183.4017693544,13336867.0198037,333279.018068973,65557.0950432811,"Malawi","All","All",1,18841350.6633035,102
"305",305,5504482.64226819,0.00440146291120872,0.00565762400743545,0.00370151883446599,11.181654762651,13298673.0674806,38183.7581393297,13336867.0210353,333279.018129574,65557.09514045,"Malawi","All","All",1,18841350.6633035,102
"306",306,5504482.64116723,0.00393462942009984,0.00505755763756195,0.00331348758990958,10.6017275650086,13298673.3120765,38184.096026469,13336867.0221363,333279.018183748,65557.0952274331,"Malawi","All","All",1,18841350.6633035,102
"307",307,5504482.64018303,0.00351730958762866,0.00452113650351682,0.0029660710604953,10.0518733268885,13298673.5438533,38184.4163892995,13336867.0231205,333279.018232175,65557.0953052969,"Malawi","All","All",1,18841350.6633035,102
"308",308,5504482.63930323,0.00314425136799191,0.00404160899641987,0.00265502514747197,9.53053299595632,13298673.7634898,38184.7201366032,13336867.0240003,333279.018275467,65557.0953749963,"Malawi","All","All",1,18841350.6633035,102
"309",309,5504482.63851673,0.00281076124315561,0.0036129415989754,0.00237654945209068,9.03622837802634,13298673.9716281,38185.0081299995,13336867.0247868,333279.018314166,65557.0954373857,"Malawi","All","All",1,18841350.6633035,102
"310",310,5504482.63781366,0.0025126420020504,0.00322974049204365,0.00212723927411113,8.5675578313687,13298674.1688759,38185.2811864606,13336867.0254898,333279.018348761,65557.0954932308,"Malawi","All","All",1,18841350.6633035,102
"311",311,5504482.63718516,0.00224614230843071,0.00288718305088775,0.00190404516155423,8.12319233940151,13298674.355808,38185.5400806041,13336867.0261183,333279.018379687,65557.095543217,"Malawi","All","All",1,18841350.6633035,102
"312",312,5504482.63662332,0.00200790876348795,0.00258095809893945,0.00170423589666513,7.7018717541651,13298674.5329684,38185.7855468866,13336867.0266802,333279.018407333,65557.0955879582,"Malawi","All","All",1,18841350.6633035,102
"313",313,5504482.63612107,0.00179494288176642,0.0023072127432476,0.00152536531790782,7.30240123108492,13298674.700872,38186.0182816845,13336867.0271824,333279.018432046,65557.0956280039,"Malawi","All","All",1,18841350.6633035,102
"314",314,5504482.63567208,0.00160456484949757,0.00206250185757008,0.00136524268930054,6.92364784838212,13298674.860006,38186.238945268,13336867.0276314,333279.018454139,65557.0956638462,"Malawi","All","All",1,18841350.6633035,102
"315",315,5504482.63527072,0.00143437925843452,0.00184374546329426,0.00122190606793495,6.56453740077303,13298675.0108317,38186.4481636717,13336867.0280328,333279.018473888,65557.0956959256,"Malawi","All","All",1,18841350.6633035,102
"316",316,5504482.63491193,0.00128224394387863,0.00164819142467961,0.00109359843499831,6.22405135898762,13298675.1537857,38186.6465304696,13336867.0283916,333279.018491542,65557.0957246369,"Malawi","All","All",1,18841350.6633035,102
"317",317,5504482.6345912,0.00114624452860166,0.00147337867927694,0.000978746371248908,5.90122398644673,13298675.2892815,38186.834608457,13336867.0287123,333279.018507324,65557.095750333,"Malawi","All","All",1,18841350.6633035,102
"318",318,5504482.63430448,0.00102466999392694,0.00131710674736046,0.000875940904974422,5.59513960501339,13298675.4177104,38187.0129312462,13336867.028999,333279.018521432,65557.0957733303,"Malawi","All","All",1,18841350.6633035,102
"319",319,5504482.63404817,0.000915989901581742,0.00117740981610153,0.000783920327801437,5.30493000213811,13298675.5394432,38187.1820047792,13336867.0292553,333279.018534044,65557.0957939118,"Malawi","All","All",1,18841350.6633035,102
"320",320,5504482.63381905,0.000818836646015863,0.00105252984870523,0.000701554868008432,5.02977197210455,13298675.6548308,38187.3423087619,13336867.0294844,333279.018545318,65557.095812331,"Malawi","All","All",1,18841350.6633035,102
"321",321,5504482.63361423,0.000731988132546002,0.000940894619912946,0.000627832920540317,4.76888498446501,13298675.7642055,38187.4942980244,13336867.0296893,333279.018555396,65557.0958288148,"Malawi","All","All",1,18841350.6633035,102
"322",322,5504482.63343113,0.000654350930328054,0.000841100021253441,0.00056184867469579,4.5215289731047,13298675.8678823,38187.6384038103,13336867.0298724,333279.018564406,65557.0958435663,"Malawi","All","All",1,18841350.6633035,102
"323",323,5504482.63326746,0.000584947995663803,0.000751890279292848,0.000502791104392207,4.28700223970586,13298675.9661592,38187.7750349999,13336867.030036,333279.018572459,65557.0958567673,"Malawi","All","All",1,18841350.6633035,102
"324",324,5504482.63312114,0.000522906521824005,0.000672141946086236,0.000449934074242906,4.06463946571131,13298676.0593186,38187.9045792691,13336867.0301824,333279.018579659,65557.0958685807,"Malawi","All","All",1,18841350.6633035,102
"325",325,5504482.63299034,0.000467445277941741,0.000600852150356373,0.000402627428999013,3.85380982718644,13298676.1476282,38188.0274041891,13336867.0303132,333279.018586095,65557.095879152,"Malawi","All","All",1,18841350.6633035,102
"326",326,5504482.63287342,0.0004178661892667,0.000537123967292073,0.000360289088872543,3.65391520726046,13298676.2313413,38188.1438582687,13336867.0304301,333279.018591848,65557.0958886118,"Malawi","All","All",1,18841350.6633035,102
"327",327,5504482.63276889,0.000373545982413616,0.000480154519215815,0.0003223979470919,3.46438850111076,13298676.310698,38188.2542719429,13336867.0305346,333279.018596991,65557.0958970768,"Malawi","All","All",1,18841350.6633035,102
"328",328,5504482.63267545,0.000333926470340861,0.000429227523797709,0.000288487444742173,3.28469200762326,13298676.3859259,38188.3589585101,13336867.030628,333279.018601589,65557.0959046515,"Malawi","All","All",1,18841350.6633035,102
"329",329,5504482.63259193,0.000298508822913259,0.000383702490582689,0.000258139913613884,3.11431590918412,13298676.4572403,38188.4582150189,13336867.0307116,333279.018605699,65557.0959114294,"Malawi","All","All",1,18841350.6633035,102
"330",330,5504482.63251726,0.000266847987413954,0.000343005434800266,0.00023098141576312,2.95277680710138,13298676.5248455,38188.552323122,13336867.0307862,333279.018609373,65557.0959174943,"Malawi","All","All",1,18841350.6633035,102
"331",331,5504482.63245051,0.000238545239645804,0.000306624633359582,0.000206677217257284,2.79961638129325,13298676.5889349,38188.6415498573,13336867.030853,333279.018612658,65557.095922921,"Malawi","All","All",1,18841350.6633035,102
"332",332,5504482.63239084,0.000213244045257187,0.000274103015918027,0.000184927735449945,2.65440009802217,13298676.6496919,38188.7261484013,13336867.0309127,333279.018615594,65557.0959277767,"Malawi","All","All",1,18841350.6633035,102
"333",333,5504482.6323375,0.000190626284148825,0.000245030402076046,0.0001654645931912,2.51671581614774,13298676.7072902,38188.8063588818,13336867.030966,333279.018618218,65557.0959321215,"Malawi","All","All",1,18841350.6633035,102
"334",334,5504482.63228982,0.000170408146200615,0.000219041793964504,0.000148048309899201,2.38617337031345,13298676.7618942,38188.8824086208,13336867.0310137,333279.018620564,65557.0959360088,"Malawi","All","All",1,18841350.6633035,102
"335",335,5504482.6322472,0.000152334676406227,0.000195810338081896,0.000132463789517866,2.26240228458931,13298676.8136599,38188.954513467,13336867.0310563,333279.018622662,65557.0959394869,"Malawi","All","All",1,18841350.6633035,102
"336",336,5504482.6322091,0.00013617820497694,0.000175043004342908,0.000118518355496238,2.14505115562364,13298676.8627353,38189.0228781554,13336867.0310944,333279.018624537,65557.0959425988,"Malawi","All","All",1,18841350.6633035,102
"337",337,5504482.63217503,0.000121735330478769,0.000156478128892722,0.000106039683412316,2.03378688733126,13298676.9092606,38189.0876967535,13336867.0311285,333279.018626213,65557.0959453831,"Malawi","All","All",1,18841350.6633035,102
"338",338,5504482.63214458,0.00010882348314873,0.00013988127722526,9.48730365327322e-05,1.92829315176821,13298676.9533686,38189.1491535582,13336867.0311589,333279.018627711,65557.0959478743,"Malawi","All","All",1,18841350.6633035,102
"339",339,5504482.63211736,9.72809977922538e-05,0.000125044641972826,8.48811424751521e-05,1.82827120076269,13298676.9951851,38189.2074226232,13336867.0311861,333279.01862905,65557.0959501032,"Malawi","All","All",1,18841350.6633035,102
"340",340,5504482.63209303,8.69629823563705e-05,0.00011178189699321,7.59408010043289e-05,1.73343748422599,13298677.0348291,38189.2626691466,13336867.0312105,333279.018630248,65557.0959520974,"Malawi","All","All",1,18841350.6633035,102
"341",341,5504482.63207128,7.77393531947174e-05,9.99258667035093e-05,6.79413102923814e-05,1.64352278037467,13298677.0724139,38189.3150499777,13336867.0312322,333279.018631318,65557.0959538814,"Malawi","All","All",1,18841350.6633035,102
"342",342,5504482.63205183,6.9494004853411e-05,8.93273382315004e-05,6.07837410141394e-05,1.55827192591207,13298677.1080464,38189.3647137749,13336867.0312517,333279.018632275,65557.0959554776,"Malawi","All","All",1,18841350.6633035,102
"343",343,5504482.63203445,6.21232286477073e-05,7.98529678083375e-05,5.4379602647148e-05,1.47744303552358,13298677.1418282,38189.4118014599,13336867.0312691,333279.01863313,65557.0959569055,"Malawi","All","All",1,18841350.6633035,102
"344",344,5504482.63201891,5.55342414784941e-05,7.13835014023174e-05,4.86496495443723e-05,1.40080674332923,13298677.1738556,38189.45644666,13336867.0312846,333279.018633895,65557.095958183,"Malawi","All","All",1,18841350.6633035,102
"345",345,5504482.63200502,4.96440868785715e-05,6.38123270148469e-05,4.35229517375372e-05,1.3281455729657,13298677.2042198,38189.4987760754,13336867.0312985,333279.018634578,65557.0959593259,"Malawi","All","All",1,18841350.6633035,102
"346",346,5504482.6319926,4.43786627742459e-05,5.7044165946021e-05,3.89360635719879e-05,1.25925334430527,13298677.2330074,38189.5389098243,13336867.0313109,333279.018635189,65557.0959603484,"Malawi","All","All",1,18841350.6633035,102
"347",347,5504482.6319815,3.96717095245306e-05,5.09938584257987e-05,3.4832202187629e-05,1.19393457050451,13298677.2603001,38189.5769617952,13336867.031322,333279.018635736,65557.095961263,"Malawi","All","All",1,18841350.6633035,102
"348",348,5504482.63197158,3.54639854820443e-05,4.55852767394987e-05,3.11605474522944e-05,1.13200390139891,13298677.2861758,38189.6130399701,13336867.0313319,333279.018636224,65557.0959620813,"Malawi","All","All",1,18841350.6633035,102
"349",349,5504482.6319627,3.17025517463629e-05,4.07503421204535e-05,2.78756216683749e-05,1.07328560000786,13298677.3107081,38189.6472467307,13336867.0313408,333279.01863666,65557.0959628133,"Malawi","All","All",1,18841350.6633035,102
"350",350,5504482.63195478,2.83400714777365e-05,3.64282138359212e-05,2.49367270088333e-05,1.0176130440622,13298677.3339668,38189.679679148,13336867.0313487,333279.018637051,65557.0959634682,"Malawi","All","All",1,18841350.6633035,102
"351",351,5504482.63194769,2.53342207230703e-05,3.25645153758715e-05,2.23074440691467e-05,0.96482825335119,13298677.3560181,38189.710429258,13336867.0313558,333279.018637399,65557.095964054,"Malawi","All","All",1,18841350.6633035,102
"352",352,5504482.63194135,2.2647184755335e-05,2.91106089554261e-05,1.99551833340234e-05,0.914781441543521,13298677.3769247,38189.7395843229,13336867.0313622,333279.018637711,65557.095964578,"Malawi","All","All",1,18841350.6633035,102
"353",353,5504482.63193568,2.0245148934298e-05,2.60230306283524e-05,1.78507820614045e-05,0.867330591239732,13298677.396746,38189.7672270789,13336867.0313678,333279.01863799,65557.0959650468,"Malawi","All","All",1,18841350.6633035,102
"354",354,5504482.63193062,1.80978740901348e-05,2.3262942104981e-05,1.59681443328402e-05,0.822341051063367,13298677.4155385,38189.7934359704,13336867.0313729,333279.018638239,65557.0959654661,"Malawi","All","All",1,18841350.6633035,102
"355",355,5504482.63192609,1.61783497787039e-05,2.07955923190589e-05,1.42839192505949e-05,0.779685153363006,13298677.4333556,38189.8182853732,13336867.0313774,333279.018638462,65557.0959658412,"Malawi","All","All",1,18841350.6633035,102
"356",356,5504482.63192205,1.4462419471804e-05,1.8589933640255e-05,1.2777212736147e-05,0.739241852649903,13298677.450248,38189.841845805,13336867.0313815,333279.018638661,65557.0959661768,"Malawi","All","All",1,18841350.6633035,102
"357",357,5504482.63191843,1.29284778592078e-05,1.66182279977318e-05,1.14293290237513e-05,0.700896381979378,13298677.4662636,38189.8641841257,13336867.0313851,333279.018638839,65557.0959664769,"Malawi","All","All",1,18841350.6633035,102
"358",358,5504482.63191519,1.15572419807871e-05,1.48556340000187e-05,1.02235399896956e-05,0.664539926938107,13298677.481448,38189.8853637274,13336867.0313883,333279.018638998,65557.0959667454,"Malawi","All","All",1,18841350.6633035,102
"359",359,5504482.6319123,1.03314460511458e-05,1.32799844404018e-05,9.14487702591015e-06,0.630069317007585,13298677.4958444,38189.9054447138,13336867.0313912,333279.01863914,65557.0959669856,"Malawi","All","All",1,18841350.6633035,102
"360",360,5504482.63190972,9.23564385657277e-06,1.18714801985639e-05,8.17994673623861e-06,0.597386733000952,13298677.5094937,38189.9244840714,13336867.0313938,333279.018639268,65557.0959672004,"Malawi","All","All",1,18841350.6633035,102
"361",361,5504482.63190741,8.25608613135009e-06,1.06123386670924e-05,7.31676711678652e-06,0.566399429498416,13298677.5224346,38189.9425358305,13336867.0313961,333279.018639381,65557.0959673925,"Malawi","All","All",1,18841350.6633035,102
"362",362,5504482.63190534,7.38041976872737e-06,9.48675200376107e-06,6.54461595744264e-06,0.537019471707584,13298677.534704,38189.9596512189,13336867.0313982,333279.018639483,65557.0959675644,"Malawi","All","All",1,18841350.6633035,102
"363",363,5504482.6319035,6.59760006912574e-06,8.480592298029e-06,5.85390010797065e-06,0.509163486141542,13298677.5463368,38189.975878807,13336867.0314,333279.018639574,65557.0959677182,"Malawi","All","All",1,18841350.6633035,102
"364",364,5504482.63190185,5.89781590256965e-06,7.58114179943489e-06,5.23603825056317e-06,0.482752424003117,13298677.5573659,38189.9912646458,13336867.0314017,333279.018639655,65557.0959678557,"Malawi","All","All",1,18841350.6633035,102
"365",365,5504482.63190037,5.2722843592509e-06,6.77704795464847e-06,4.68335201618878e-06,0.457711336263846,13298677.5678226,38190.0058523979,13336867.0314031,333279.018639727,65557.0959679787,"Malawi","All","All",1,18841350.6633035,102
