"","time","S","E","I","H","C","R","D","inci","hosp","crits","lvl2","lvl3","lvl4","ID","POP"
"1",1,185159,0,1,0,0,0,0,0,0,0,"Burkina Faso","Centre-Ouest","Nanoro","283",185160
"2",2,185157.976615066,0.844828223273806,0.837425614224083,0.0127766115302798,0.000193476081479915,0.328157256524743,0.0000037522207677748,1.02338493385516,0.013616748832681,0.000197645215666332,"Burkina Faso","Centre-Ouest","Nanoro","283",185160
"3",3,185156.968763718,1.41495492114022,0.939195229274291,0.0238967949184902,0.000705628556529983,0.652456044784545,0.0000276629402743526,2.03123628161435,0.0270268875663683,0.000736365156834819,"Burkina Faso","Centre-Ouest","Nanoro","283",185160
"4",4,185155.754971283,1.97836485793142,1.18497229925663,0.0363076682602799,0.00151752900669333,1.04377764248969,0.0000887197375087933,3.24502871668223,0.0431773076021107,0.00161610649281422,"Burkina Faso","Centre-Ouest","Nanoro","283",185160
"5",5,185154.189070454,2.65780392743705,1.54945294150609,0.0516822027874589,0.00267328621374715,1.54911237933157,0.000204808516558332,4.81092954579248,0.0640129506916037,0.0029008512321453,"Burkina Faso","Centre-Ouest","Nanoro","283",185160
"6",6,185152.128877987,3.53468137721111,2.04601176328876,0.0714527599666867,0.00425710407575398,2.21432154102716,0.000397467615447802,6.87112201318493,0.0914258330932376,0.00469873475958487,"Burkina Faso","Centre-Ouest","Nanoro","283",185160
"7",7,185149.403999888,4.68845911410216,2.7087741287051,0.0972394629661597,0.0063909291502276,3.0944424594228,0.000694018049020716,9.59600011239546,0.127683478588145,0.00716206031580618,"Burkina Faso","Centre-Ouest","Nanoro","283",185160
"8",8,185145.794950265,6.21449408124607,3.58869166914388,0.131088847620068,0.00924116089610446,4.26040413116838,0.00112984474740187,13.2050497348219,0.175706867276794,0.0104965439487732,"Burkina Faso","Centre-Ouest","Nanoro","283",185160
"9",9,185141.013108704,8.23565560781471,4.75528163634606,0.175674893351761,0.013031004681765,5.80549693328897,0.00175122062436056,17.9868912961076,0.239337314039961,0.014976805375499,"Burkina Faso","Centre-Ouest","Nanoro","283",185160
"10",10,185134.6768373,10.9135133269576,6.30135210006084,0.234525063296081,0.0180580647372105,7.85309517415564,0.00261897055439145,24.3231626997617,0.323654596730243,0.0209680320198677,"Burkina Faso","Centre-Ouest","Nanoro","283",185160
"11",11,185126.280785063,14.4616796973326,8.35010759815907,0.312305595068143,0.0247181005632139,10.5665906537859,0.00381329203997218,32.719214936949,0.435385997319972,0.0289550917187386,"Burkina Faso","Centre-Ouest","Nanoro","283",185160
"12",12,185115.155559032,19.1629628210779,11.0648548853276,0.415194540808946,0.0335366813964843,14.1624519123556,0.0054401266661511,43.8444409676327,0.583443989291456,0.0395812665810967,"Burkina Faso","Centre-Ouest","Nanoro","283",185160
"13",13,185100.414510888,25.3918551543954,14.6619418652238,0.551373535244412,0.0452111545437343,18.9274678203336,0.00763958264619445,58.5854891123872,0.779636181938518,0.0536995797061725,"Burkina Faso","Centre-Ouest","Nanoro","283",185160
"14",14,185080.883328654,33.6442217380842,19.4279239405131,0.731678664504039,0.0606663095434138,25.2415836007747,0.010597092613295,78.1166713460327,1.03960550142389,0.0724408568915194,"Burkina Faso","Centre-Ouest","Nanoro","283",185160
"15",15,185055.006998098,44.5764794073388,25.7422627217385,0.970461251361412,0.0811280813214132,33.608112259401,0.0145581809744759,103.993001902136,1.38407401532923,0.0973038379597198,"Burkina Faso","Centre-Ouest","Nanoro","283",185160
"16",16,185020.726792182,59.0573241067442,34.1073461419286,1.28672732344638,0.108221222978318,44.6937409897566,0.0198480336455645,138.2732078185,1.84049001054133,0.130274593695612,"Burkina Faso","Centre-Ouest","Nanoro","283",185160
"17",17,184982.464933422,72.2255022539412,44.183599674761,1.70053518254713,0.144060365202734,59.2544721879422,0.0268969141304493,176.535066578525,2.43993267303974,0.173945825347678,"Burkina Faso","Centre-Ouest","Nanoro","283",185160
"18",18,184933.557292514,90.0733825843694,56.0429476055182,2.22294469276531,0.191055268319214,77.8761135018417,0.0362638336654233,225.442707486479,3.2063453492417,0.231348416836351,"Burkina Faso","Centre-Ouest","Nanoro","283",185160
"19",19,184871.773668068,112.983034688032,70.6543273034814,2.87432896105746,0.251890291389658,101.414100920867,0.0486497675507795,287.226331932378,4.17482237638647,0.305945588668302,"Burkina Faso","Centre-Ouest","Nanoro","283",185160
"20",20,184793.999265594,141.946990423852,88.9110299579671,3.68578095226919,0.329828085999352,131.062183334509,0.0649216515178387,365.000734406114,5.39441995492665,0.401963254352506,"Burkina Faso","Centre-Ouest","Nanoro","283",185160
"21",21,184696.21162324,178.397053431612,111.814390961179,4.69827730959644,0.428961364002284,168.363541491798,0.0861522021095401,462.788376760298,6.92857823996267,0.524686033012884,"Burkina Faso","Centre-Ouest","Nanoro","283",185160
"22",22,184573.328231481,224.193199259336,140.5749821253,5.96387051969326,0.554457985335562,215.271585284076,0.113673345704731,585.671768519445,8.85760765685542,0.680761702785263,"Burkina Faso","Centre-Ouest","Nanoro","283",185160
"23",23,184418.971871618,281.683338635619,176.691478043959,7.54800014152818,0.712843136724293,274.243323911497,0.149144513021057,740.028128382348,11.282522154331,0.878559262303246,"Burkina Faso","Centre-Ouest","Nanoro","283",185160
"24",24,184225.166500042,353.802313483714,222.030238460137,9.53264681584353,0.912341299968248,348.361321851517,0.194638046447365,933.833499957628,14.3300502123625,1.12860579602088,"Burkina Faso","Centre-Ouest","Nanoro","283",185160
"25",25,183981.957439237,444.201475925761,278.916699412035,12.0203581874688,1.16330146593556,441.487979248794,0.25274652333125,1177.04256076333,18.1589751281822,1.44413093630361,"Burkina Faso","Centre-Ouest","Nanoro","283",185160
"26",26,183676.950616807,557.405483812744,350.243229950965,15.1392148475379,1.47872227330326,558.45601620618,0.326716102369769,1482.0493831931,22.9679629838575,1.84174016482523,"Burkina Faso","Centre-Ouest","Nanoro","283",185160
"27",27,183294.752279889,698.99904540723,439.598681121656,19.0489813128493,1.87490945534667,705.305488245299,0.420614569130571,1864.24772011151,29.0053019426911,2.34225897660286,"Burkina Faso","Centre-Ouest","Nanoro","283",185160
"28",28,182816.315371313,875.836777937294,551.418408712707,23.9484582682573,2.37227546224667,889.569170759574,0.539537546570227,2342.68462868665,36.5806274137432,2.97176162510248,"Burkina Faso","Centre-Ouest","Nanoro","283",185160
"29",29,182218.170442035,1096.27733827764,691.159427668348,30.0844051043053,2.99633152933453,1120.62218805513,0.689867330217762,2940.82955796498,46.0792840964495,3.76285078513204,"Burkina Faso","Centre-Ouest","Nanoro","283",185160
"30",30,181471.558867547,1370.42603462449,865.495328069388,37.7620500140863,3.77889151054033,1410.09923624878,0.879591985283864,3687.44113245256,57.9794603614598,4.75621593863352,"Burkina Faso","Centre-Ouest","Nanoro","283",185160
"31",31,180541.484868274,1710.36416750385,1082.52596727654,47.3573294937092,4.75953250800349,1772.38943428068,1.1187006635391,4617.51513172632,72.8725035962172,6.00253324526916,"Burkina Faso","Centre-Ouest","Nanoro","283",185160
"32",32,179385.743005706,2130.32740288921,1351.98383150065,59.3306892833534,5.98733102628321,2225.20807308146,1.41966651251277,5773.25699429347,91.486381874874,7.56473826240851,"Burkina Faso","Centre-Ouest","Nanoro","283",185160
"33",33,177954.01394007,2646.76295706942,1685.41677958029,74.2420942854702,7.52291325561033,2790.24327793363,1.79803780544956,7204.98605992987,114.712201015217,9.52073303944317,"Burkina Faso","Centre-Ouest","Nanoro","283",185160
"34",34,176187.183997587,3278.18105260018,2096.29422146875,92.7664771829571,9.44081416530045,3493.86028445969,2.2731525360458,8971.81600241294,143.633056134381,11.9665392053513,"Burkina Faso","Centre-Ouest","Nanoro","283",185160
"35",35,174017.139612896,4044.64897570407,2599.97986162233,115.70794216451,11.8321227776313,4367.82249093318,2.86899390187174,11141.8603871036,179.553520211503,15.019893779711,"Burkina Faso","Centre-Ouest","Nanoro","283",185160
"36",36,171367.37771719,4966.76124408306,3213.46392666044,144.010336247123,14.8073256977318,5449.96424927273,3.61520084864713,13791.6222828097,224.027075339481,18.8242155295619,"Burkina Faso","Centre-Ouest","Nanoro","283",185160
"37",37,168154.898300063,6063.8571708626,3954.7350674066,178.760168949381,18.499181876883,6784.70187062457,4.54824021651352,17004.1016999365,278.876788344851,23.5527821174536,"Burkina Faso","Centre-Ouest","Nanoro","283",185160
"38",38,164293.921459995,7351.28261195626,4841.62019191157,221.176483981522,23.0653319847992,8423.22118458738,5.71273558318635,20865.0785400047,346.20255040306,29.4128159661174,"Burkina Faso","Centre-Ouest","Nanoro","283",185160
"39",39,159701.97700869,8836.53699805161,5889.94088968918,272.580254458063,28.6901883986515,10423.1117364722,7.16292424063413,25457.0229913103,428.365387448736,36.6489931104672,"Burkina Faso","Centre-Ouest","Nanoro","283",185160
"40",40,154308.735849559,10514.3723188618,7110.83830717317,334.334902823531,35.5854421900095,12847.1689934501,8.96418594222589,30850.2641504409,527.937355499288,45.5456487924827,"Burkina Faso","Centre-Ouest","Nanoro","283",185160
"41",41,148067.526659456,12361.2434475218,8507.26194674626,407.74865885643,43.988308296842,15761.0364384057,11.1945407168567,37091.4733405439,647.603513584512,56.4266868711272,"Burkina Faso","Centre-Ouest","Nanoro","283",185160
"42",42,140968.617152396,14330.0905704199,10069.8272263817,493.933196675733,54.156499359953,19229.4293920615,13.9459627050116,44190.3828476038,790.005401164928,69.6520134766326,"Burkina Faso","Centre-Ouest","Nanoro","283",185160
"43",43,133052.320817714,16347.0207628478,11772.6100825133,593.616770976673,66.3587524484496,23310.7475267602,17.3252867398472,52106.6791822862,957.518187811375,85.6090710482799,"Burkina Faso","Centre-Ouest","Nanoro","283",185160
"44",44,124418.784290695,18311.8757435238,13569.8247986956,706.924745563162,80.8601550942934,28050.2758218102,21.4544446173919,60740.2157093045,1151.96994252198,104.698426891395,"Burkina Faso","Centre-Ouest","Nanoro","283",185160
"45",45,115230.799254357,20104.5196600658,15394.6801108636,833.151785965449,97.9018646384231,33472.4776110907,26.4697130189584,69928.2007456429,1374.32406657712,127.31265688171,"Burkina Faso","Centre-Ouest","Nanoro","283",185160
"46",46,105706.56718356,21597.5059709039,17161.6867221147,970.568858242831,117.676051804787,39573.4754921751,32.5197211988165,79452.4328164402,1624.37037436511,153.809075359027,"Burkina Faso","Centre-Ouest","Nanoro","283",185160
"47",47,102843.420261374,17078.8857848239,17764.2821267832,1110.98170752099,140.256989166755,46182.4118452633,39.7612850680391,82315.5797386263,1894.97097151742,184.436194797909,"Burkina Faso","Centre-Ouest","Nanoro","283",185160
"48",48,100085.535928141,13909.9131775233,16980.3346808801,1232.1239601307,165.239265544778,52738.50901891,48.3439688699567,85073.4640718589,2162.84258677367,218.954786511396,"Burkina Faso","Centre-Ouest","Nanoro","283",185160
"49",49,97574.2034918403,11545.9847103755,15581.8717879665,1322.53990106357,191.731806215334,58885.2892234026,58.3790791361305,87584.7965081597,2413.26748820573,256.597449699923,"Burkina Faso","Centre-Ouest","Nanoro","283",185160
"50",50,95352.802938163,9695.77975538777,13967.9731219598,1380.22846102617,218.723343968143,64474.5692828086,69.923096686285,89806.1970618369,2640.21273934338,296.41567361957,"Burkina Faso","Centre-Ouest","Nanoro","283",185160
"51",51,93419.151682579,8197.8535465094,12341.632427673,1407.58827614244,245.278640362497,69465.5182520224,82.977174710989,91739.8483174209,2842.10697273162,337.475501152484,"Burkina Faso","Centre-Ouest","Nanoro","283",185160
"52",52,91751.4785790091,6958.10729632757,10802.0584340911,1408.82301488673,270.617763434512,73871.4208839543,97.4940282964743,93407.5214209908,3019.61524482367,378.944461541706,"Burkina Faso","Centre-Ouest","Nanoro","283",185160
"53",53,90321.0714335712,5918.0246488711,9393.36722679159,1388.62669553455,294.137067887064,77731.3854824485,113.387444895825,94837.9285664287,3174.4584529633,420.123117771314,"Burkina Faso","Centre-Ouest","Nanoro","283",185160
"54",54,89098.2500174811,5038.47365649773,8130.49629879453,1351.54125118209,315.402110684483,81095.2945784844,130.542086875483,96060.7499825188,3308.78708428059,460.448873879463,"Burkina Faso","Centre-Ouest","Nanoro","283",185160
"55",55,88055.0347848103,4291.36100776779,7013.15068054016,1301.66619503105,334.12829442067,84015.8365385102,148.822498919649,97103.9652151897,3424.85114339169,499.486626553613,"Burkina Faso","Centre-Ouest","Nanoro","283",185160
"56",56,87166.1929769515,3655.26876073269,6033.3749921932,1242.55209574298,350.157333252419,86544.3729581175,168.080883009547,97992.8070230484,3524.83031221176,536.913869929694,"Burkina Faso","Centre-Ouest","Nanoro","283",185160
"57",57,86409.5041755443,3113.11582201066,5179.69721334301,1177.18798065648,363.433621848542,88728.8976543889,188.163532208009,98749.4958244557,3610.751290863,572.504213190774,"Burkina Faso","Centre-Ouest","Nanoro","283",185160
"58",58,85765.6643034678,2650.85942011156,4439.39538460698,1108.03495537935,373.982410528262,90613.1475422257,208.915983680123,99393.3356965321,3684.45298349155,606.111281283955,"Burkina Faso","Centre-Ouest","Nanoro","283",185160
"59",59,85218.0376455719,2256.7327413514,3799.72841157421,1037.08012426563,381.890613079983,92236.343452191,230.187011965731,99940.962354428,3747.57769825921,637.653959708574,"Burkina Faso","Centre-Ouest","Nanoro","283",185160
"60",60,84752.3579612408,1920.76720049837,3248.58154590993,965.897309577951,387.290426074426,93633.2739327698,251.831623928576,100406.642038759,3801.57638181701,667.103341550621,"Burkina Faso","Centre-Ouest","Nanoro","283",185160
"61",61,84356.4283827928,1634.46677813932,2774.78306947722,895.707258252995,390.345676991359,94834.5556241976,273.71321014853,100802.571617207,3847.72095669187,694.471466045281,"Burkina Faso","Centre-Ouest","Nanoro","283",185160
"62",62,84019.8412280753,1390.56998553814,2368.23056011755,827.433859035375,391.240663730687,95866.9787042907,295.704999212108,101139.158771925,3887.11996681674,719.801773966362,"Burkina Faso","Centre-Ouest","Nanoro","283",185160
"63",63,83733.7266720555,1182.86341133036,2019.91118996877,761.754690809248,390.17119456072,96753.8818936842,317.690947591135,101425.273327944,3920.73524199366,743.161136328647,"Burkina Faso","Centre-Ouest","Nanoro","283",185160
"64",64,83490.5317051221,1006.02985641952,1721.86182228133,699.145443635985,387.337525250921,97515.5274674112,339.566179878779,101668.468294878,3949.39837581073,764.633280671786,"Burkina Faso","Centre-Ouest","Nanoro","283",185160
"65",65,83283.8281365769,855.520793263617,1467.09779511791,639.91829805842,382.938899392262,98169.458998638,361.237078952766,101875.171863423,3973.82632314302,784.313431562002,"Burkina Faso","Centre-Ouest","Nanoro","283",185160
"66",66,83108.1471437741,727.447603499549,1249.52704704565,584.254636361499,377.16943263762,98730.8330291583,382.621107523135,102050.852856226,3994.63577357581,802.303996552215,"Burkina Faso","Centre-Ouest","Nanoro","283",185160
"67",67,82958.837395572,618.488199652448,1063.8595721192,532.232610531641,370.215106950568,99212.7206853004,403.646429873665,102200.162604428,4012.35615618445,818.711140143528,"Burkina Faso","Centre-Ouest","Nanoro","283",185160
"68",68,82831.9434201968,525.806299638125,905.51821479858,483.850230523484,362.251653873255,99626.3787883597,424.251392609923,102327.056579803,4027.44127768848,833.642090106502,"Burkina Faso","Centre-Ouest","Nanoro","283",185160
"69",69,82724.1021401401,446.982137542827,770.554032317588,439.044390429804,353.443184675442,99981.4902104118,444.383904482312,102434.89785986,4040.27959662963,847.203078544677,"Burkina Faso","Centre-Ouest","Nanoro","283",185160
"70",70,82632.454381806,379.952310740474,655.568387951023,397.7065601507,343.941379116067,100286.376221429,464.00075880624,102526.545618194,4051.20326644653,859.497777789666,"Burkina Faso","Centre-Ouest","Nanoro","283",185160
"71",71,82554.5696041474,322.958281694215,557.642009236796,359.695521926498,333.885136142328,100548.182524756,483.066922096089,102604.430395853,4060.49602741334,870.626160693537,"Burkina Faso","Centre-Ouest","Nanoro","283",185160
"72",72,82488.3818658212,274.502025767048,474.271648451631,324.847636606339,323.400571434685,100773.041437982,501.554813936573,102670.618134179,4068.4000612778,880.683698030877,"Burkina Faso","Centre-Ouest","Nanoro","283",185160
"73",73,82432.1349073771,233.307714710961,403.31356587395,292.985129272065,312.601266979253,100966.213822107,519.44359367994,102726.865092623,4075.12196879463,889.76081551252,"Burkina Faso","Centre-Ouest","Nanoro","283",185160
"74",74,82384.3361304955,198.289422825164,342.93419647106,263.922479823946,301.588736544841,101132.210566581,536.718467258509,102774.663869504,4080.83786497977,897.942589054296,"Burkina Faso","Centre-Ouest","Nanoro","283",185160
"75",75,82343.7169215188,168.522890995391,291.566868315257,237.471528394371,290.453004650826,101274.898761222,553.370024903349,102815.283078481,4085.69781758265,905.30858787677,"Burkina Faso","Centre-Ouest","Nanoro","283",185160
"76",76,82309.1990972503,143.221682386668,247.874070402228,213.445343355136,279.273287303682,101397.592905795,569.393613506709,102849.80090275,4089.82964436752,911.932857866692,"Burkina Faso","Centre-Ouest","Nanoro","283",185160
"77",77,82279.8663138319,121.716848463533,210.714603088506,191.661140047349,268.118726297878,101503.133619383,584.7887488876,102879.133686168,4093.34217726926,917.884002839656,"Burkina Faso","Centre-Ouest","Nanoro","283",185160
"78",78,82254.9398214376,103.439366706223,179.115517816032,171.942411601557,257.049149770043,101593.955162046,599.558570622513,102904.060178562,4096.32805127187,923.225339350613,"Burkina Faso","Centre-Ouest","Nanoro","283",185160
"79",79,82233.757802815,87.9053273603482,152.247663341097,154.120435700675,246.11583872643,101672.143592428,613.709339628504,102925.242197185,4098.86609654181,928.015104980323,"Burkina Faso","Centre-Ouest","Nanoro","283",185160
"80",80,82215.7578080941,74.7032916375179,129.404667355093,138.035279688949,235.362282077413,101739.486692396,627.249978750411,102943.242191906,4101.0233831639,932.306702911203,"Burkina Faso","Centre-Ouest","Nanoro","283",185160
"81",81,82200.4618717061,63.4833912992924,109.985119496494,123.536399992308,224.824909054209,101797.516653293,640.191655158499,102958.538128294,4102.85696151868,936.14897034143,"Burkina Faso","Centre-Ouest","Nanoro","283",185160
"82",82,82187.463806446,53.9481955792769,93.4770384848551,110.482939448561,214.533789355555,101847.546827576,652.547403109461,102971.536193554,4104.41535403601,939.586459477179,"Burkina Faso","Centre-Ouest","Nanoro","283",185160
"83",83,82176.4184228936,45.844882194562,79.4446686285936,98.7437810848891,204.513295782947,101890.703164361,664.331785054638,102982.581577106,4105.73982506006,942.659723621433,"Burkina Faso","Centre-Ouest","Nanoro","283",185160
"84",84,82167.0323944629,38.958497650349,67.5173228678863,88.1974153839554,194.782725743752,101927.951055044,675.560588846653,102991.967605537,4106.86545985544,945.405602240033,"Burkina Faso","Centre-Ouest","Nanoro","283",185160
"85",85,82159.0564457635,33.1063524739951,57.3796262469426,78.7316801389195,185.356878966068,101960.11845769,686.250558720678,102999.943554236,4107.82208958886,947.857499766822,"Burkina Faso","Centre-Ouest","Nanoro","283",185160
"86",86,82152.2787408676,28.1331781997813,48.7633183379934,70.2433982496153,176.246591444397,101987.915615378,696.419157522485,103006.721259132,4108.63507578052,950.045655358269,"Burkina Faso","Centre-Ouest","Nanoro","283",185160
"87",87,82146.5192770208,23.9069727653682,41.4403219537021,62.6379466333464,167.459225803828,102011.951898095,706.084357727326,103012.480722979,4109.32597659699,951.997401056412,"Burkina Faso","Centre-Ouest","Nanoro","283",185160
"88",88,82141.6250822961,20.3155704786257,35.2166551624587,55.8287881916548,158.999118747931,102032.750326263,715.264458860321,103017.374917704,4109.91311846958,953.73740637051,"Burkina Faso","Centre-Ouest","Nanoro","283",185160
"89",89,82137.4661634483,17.2636461520275,29.9273815926067,49.7369746880836,150.8679878118,102050.759917391,723.9779289165,103021.533836552,4110.4120789921,955.287908830133,"Burkina Faso","Centre-Ouest","Nanoro","283",185160
"90",90,82133.9320640622,14.6701617188492,25.4323191826189,44.2906399677596,143.065299203768,102066.366248326,732.243267538536,103025.067935938,4110.836097521,956.668929802141,"Burkina Faso","Centre-Ouest","Nanoro","283",185160
"91",91,82130.9289131027,12.4662684015474,21.6122603079533,39.4244990481905,135.588598725058,102079.90057155,740.078888864684,103028.071086897,4111.19642760411,957.898475241374,"Burkina Faso","Centre-Ouest","Nanoro","283",185160
"92",92,82128.3769424458,10.5934534663214,18.3658759514837,35.0793529655993,128.43380862128,102091.647544542,747.503022007638,103030.623057554,4111.50263362155,958.9927219631,"Burkina Faso","Centre-Ouest","Nanoro","283",185160
"93",93,82126.2083732169,9.00197554146907,15.6070624316269,31.2016106221109,121.595492564471,102101.851858303,754.533627320343,103032.791626783,4111.76284352155,959.966189587074,"Burkina Faso","Centre-Ouest","Nanoro","283",185160
"94",94,82124.3656025003,7.64958136155439,13.2626029765547,27.7428338331258,115.067091114003,102110.723961473,761.188326740784,103034.6343975,4111.98396576525,960.831898603763,"Burkina Faso","Centre-Ouest","Nanoro","283",185160
"95",95,82122.7996832401,6.50035809110421,11.2702773442844,24.6593023431844,108.841130397335,102118.444901983,767.484346600659,103036.20031676,4112.17187127224,961.601515509178,"Burkina Faso","Centre-Ouest","Nanoro","283",185160
"96",96,82121.4690250698,5.52377810864349,9.5772189336948,21.9116053676462,102.909406081185,102125.170494968,773.438471471017,103037.53097493,4112.33154898601,962.285485493426,"Burkina Faso","Centre-Ouest","Nanoro","283",185160
"97",97,82120.3382808255,4.69391304571592,8.13847279559596,19.4642606639414,97.2631448524843,102131.034920094,779.06700772268,103038.661719174,4112.46723925226,962.893153433239,"Burkina Faso","Centre-Ouest","Nanoro","283",185160
"98",98,82119.3774164422,3.98872173860987,6.91584593586941,17.2853572602985,91.8931457357519,102136.153757307,784.385755580122,103039.622583558,4112.58254525972,963.432874158109,"Burkina Faso","Centre-Ouest","Nanoro","283",185160
"99",99,82118.5609113363,3.38947032439437,5.87688604082259,15.3462257690012,86.7899029948852,102140.62661493,789.409988603993,103040.439088664,4112.68052887141,963.912112554877,"Burkina Faso","Centre-Ouest","Nanoro","283",185160
"100",100,82117.867075287,2.88024931004047,4.99399607447833,13.6211345151809,81.9437125205701,102144.539392674,794.154439618253,103041.132924713,4112.76379251137,964.337534318629,"Burkina Faso","Centre-Ouest","Nanoro","283",185160
"101",101,82117.2774797124,2.4475309733687,4.24373741725863,12.0870081219248,77.3447635404209,102147.966188043,798.633292191116,103041.722520288,4112.83454734935,964.715088197216,"Burkina Faso","Centre-Ouest","Nanoro","283",185160
"102",102,82116.7764646227,2.07981991054834,3.60619123770017,10.7231709456358,72.9832170340812,102150.970959348,802.860176901054,103042.223535377,4112.8946724222,965.050080257474,"Burkina Faso","Centre-Ouest","Nanoro","283",185160
"103",103,82116.3507201645,1.76735464594774,3.06441812243308,9.51111229349687,68.8492723942959,102153.608950702,806.848171677196,103042.649279835,4112.94576481747,965.347240924513,"Burkina Faso","Centre-Ouest","Nanoro","283",185160
"104",104,82115.988939017,1.50183221521371,2.60403665547042,8.43427098005359,64.9332237126866,102155.927891835,810.609805584582,103043.011060983,4112.98918136386,965.610785473333,"Burkina Faso","Centre-Ouest","Nanoro","283",185160
"105",105,82115.6815117294,1.27619949005823,2.21282123818233,7.47784065722246,61.2255067392496,102157.969054631,814.157065515179,103043.318488271,4113.02607517542,965.844468422782,"Burkina Faso","Centre-Ouest","Nanoro","283",185160
"106",106,82115.4202709097,1.08446727812725,1.88037502891861,6.62859242940778,57.7167377259964,102159.768151344,817.501405283192,103043.57972909,4113.0574263382,966.051632485098,"Burkina Faso","Centre-Ouest","Nanoro","283",185160
"107",107,82115.1982788907,0.921539194170008,1.59787525365261,5.87471333745909,54.3977451053729,102161.356091513,820.653756705288,103043.801721109,4113.08406738307,966.235252555692,"Burkina Faso","Centre-Ouest","Nanoro","283",185160
"108",108,82115.0096387998,0.783088314114161,1.35781763139496,5.20566128103852,51.2595948760705,102162.759656828,823.624542269528,103043.9903612,4113.10670595231,966.397975175545,"Burkina Faso","Centre-Ouest","Nanoro","283",185160
"109",109,82114.849339053,0.665439616691519,1.15382202748465,4.61203323911473,48.293610490918,102164.002066485,826.423689087994,103044.150660947,4113.12594345697,966.542153922022,"Burkina Faso","Centre-Ouest","Nanoro","283",185160
"110",110,82114.713122929,0.565464943307175,0.980475878945567,4.08544600992657,45.4913880110829,102165.103458406,829.060643822018,103044.286877071,4113.14229072578,966.669881146658,"Burkina Faso","Centre-Ouest","Nanoro","283",185160
"111",111,82114.5973717175,0.480510155306481,0.833172634353004,3.61842962947111,42.8448070756424,102166.081320443,831.544388344476,103044.402628282,4113.15618202598,966.783016347282,"Burkina Faso","Centre-Ouest","Nanoro","283",185160
"112",112,82114.4990103614,0.408319574852837,0.707998026266538,3.2043305736999,40.3460383652643,102166.950847184,833.883455914501,103044.500989639,4113.16798638543,966.883211603599,"Burkina Faso","Centre-Ouest","Nanoro","283",185160
"113",113,82114.4154270313,0.346973989713051,0.601630723546058,2.8372251548009,37.9875478980625,102167.725247511,836.085947690941,103044.584572969,4113.17801724313,966.97193422133,"Burkina Faso","Centre-Ouest","Nanoro","283",185160
"114",114,82114.3444008785,0.294845499900589,0.51124254180778,2.51184155245737,35.7620988981859,102168.416021235,838.159549394376,103044.655599121,4113.18654111866,967.050487114158,"Burkina Faso","Centre-Ouest","Nanoro","283",185160
"115",115,82114.2840456434,0.250548184977616,0.434434641320887,2.22348960263605,33.6627512820493,102169.033182578,840.111548067937,103044.715954357,4113.19378437911,967.12002691309,"Burkina Faso","Centre-Ouest","Nanoro","283",185160
"116",116,82114.2327582286,0.212906248603839,0.369166205040757,1.96799892160499,31.6828593900298,102169.58546248,841.948848526297,103044.767241771,4113.19993941031,967.181579974803,"Burkina Faso","Centre-Ouest","Nanoro","283",185160
"117",117,82114.1891759318,0.180919499851497,0.31370315143007,1.74166111839039,29.8160680448242,102170.080482029,843.677990225021,103044.810824068,4113.20516974903,967.236057183736,"Burkina Faso","Centre-Ouest","Nanoro","283",185160
"118",118,82114.1521413908,0.153738336145367,0.266572819248485,1.5411812698935,28.0563075184771,102170.52489571,845.305162955,103044.847858609,4113.20961428966,967.284266357365,"Burkina Faso","Centre-Ouest","Nanoro","283",185160
"119",119,82114.1206708568,0.130640835433508,0.226523218404237,1.36363177559448,26.3977872736607,102170.924522988,846.836223051683,103044.879329143,4113.21339109158,967.326923997752,"Burkina Faso","Centre-Ouest","Nanoro","283",185160
"120",120,82114.0939282297,0.111013320494709,0.192490370036078,1.20641208443844,24.8349888800081,102171.284458158,848.276708957051,103044.90607177,4113.21660049505,967.364665498953,"Burkina Faso","Centre-Ouest","Nanoro","283",185160
"121",121,82114.0712034542,0.0943346881566455,0.163570630327098,1.06721379683579,23.3626585503733,102171.609163005,849.631855874799,103044.928796546,4113.21932771385,967.398053966816,"Burkina Faso","Centre-Ouest","Nanoro","283",185160
"122",122,82114.0518928458,0.0801618310129976,0.138995793629593,0.9439872544277,21.9757987307307,102171.902552631,850.906610913209,103044.948107154,4113.22164519628,967.427588634295,"Burkina Faso","Centre-Ouest","Nanoro","283",185160
"123",123,82114.0354834567,0.0681183006146328,0.118113060088588,0.834913503372391,20.6696596187125,102172.168065009,852.105647051869,103044.964516543,4113.22361450134,967.453711898567,"Burkina Faso","Centre-Ouest","Nanoro","283",185160
"124",124,82114.0215395012,0.0578842573552279,0.100367847819477,0.738378808296241,19.4397304050739,102172.408722415,853.233376765401,103044.978460499,4113.2252879279,967.476815699963,"Burkina Faso","Centre-Ouest","Nanoro","283",185160
"125",125,82114.0096906639,0.0491879021005703,0.0852889034223469,0.652951687428348,18.2817302688555,102172.627185287,854.293965287174,103044.990309336,4113.22670991765,967.497247254603,"Burkina Faso","Centre-Ouest","Nanoro","283",185160
"126",126,82113.9996219344,0.0417980436168334,0.0724753355694926,0.577361997633479,17.1915991143462,102172.825799942,855.291343632651,103045.000378066,4113.22791827522,967.515314261736,"Burkina Faso","Centre-Ouest","Nanoro","283",185160
"127",127,82113.9910658274,0.0355183621876763,0.061586743106528,0.510483802740085,16.1654887881439,102173.006636147,856.229220328945,103045.008934173,4113.22894510167,967.531289153637,"Burkina Faso","Centre-Ouest","Nanoro","283",185160
"128",128,82113.9837951955,0.0301821416415552,0.0523340602460604,0.451319239880436,15.1997541853216,102173.171522159,857.111093017858,103045.016204804,4113.22981765714,967.545413094052,"Burkina Faso","Centre-Ouest","Nanoro","283",185160
"129",129,82113.9776168888,0.0256476266529163,0.0444714780069515,0.398983671536527,14.2909442317089,102173.322076227,857.940259876655,103045.022383111,4113.23055912167,967.557899650214,"Burkina Faso","Centre-Ouest","Nanoro","283",185160
"130",130,82113.9723667994,0.0217943691091974,0.0377901540691321,0.3526931525846,13.4357931932256,102173.459732112,858.719830219164,103045.027633201,4113.23118919,967.568937881185,"Burkina Faso","Centre-Ouest","Nanoro","283",185160
"131",131,82113.9679054778,0.0185200180175568,0.0321126270368388,0.311753079282389,12.6312121599749,102173.585761963,859.452734674806,103045.032094522,4113.23172459757,967.578695131981,"Burkina Faso","Centre-Ouest","Nanoro","283",185160
"132",132,82113.9641144166,0.0157376009801481,0.0272880784191579,0.275548102523527,11.8742807344393,102173.701296168,860.14173489929,103045.035885583,4113.23217956656,967.587319511427,"Burkina Faso","Centre-Ouest","Nanoro","283",185160
"133",133,82113.9608929182,0.0133732101843623,0.0231883611563311,0.243533175280578,11.1622389472165,102173.807340562,860.789432825556,103045.039107082,4113.23256618177,967.594942086723,"Burkina Faso","Centre-Ouest","Nanoro","283",185160
"134",134,82113.9581554132,0.0113640398243739,0.0197045818143399,0.215225590948375,10.4924794253884,102173.904791483,861.398279466085,103045.041844587,4113.23289471246,967.601678832149,"Burkina Faso","Centre-Ouest","Nanoro","283",185160
"135",135,82113.9558291861,0.0096567251605898,0.0167441973608157,0.190197914846254,9.86253982029875,102173.994448874,861.970583282291,103045.044170814,4113.2331738853,967.607632356177,"Burkina Faso","Centre-Ouest","Nanoro","283",185160
"136",136,82113.9538524474,0.00820591517623883,0.0142285753229252,0.168071706638585,9.27009550438239,102174.077027716,862.508518135494,103045.046147553,4113.23341111569,967.612893432709,"Burkina Faso","Centre-Ouest","Nanoro","283",185160
"137",137,82113.9521726913,0.00697307090326812,0.0120908989758554,0.148511948306396,8.71295254194448,102174.153168014,863.014130834712,103045.047827309,4113.2336127049,967.617542358291,"Burkina Faso","Centre-Ouest","Nanoro","283",185160
"138",138,82113.9507452986,0.00592544819000158,0.0102743817789264,0.131222099319684,8.18904093610332,102174.223443539,863.489348296868,103045.049254701,4113.23378400773,967.621650154845,"Burkina Faso","Centre-Ouest","Nanoro","283",185160
"139",139,82113.9495323549,0.0050352191243843,0.00873077425184153,0.115939708433662,7.6964081521609,102174.288369456,863.935984334895,103045.050467645,4113.23392957432,967.625279635377,"Burkina Faso","Centre-Ouest","Nanoro","283",185160
"140",140,82113.9485016425,0.00427873520072988,0.0074190782590031,0.102432521625352,7.23321291553304,102174.348409017,864.355746089269,103045.051498357,4113.23405327116,967.628486348054,"Burkina Faso","Centre-Ouest","Nanoro","283",185160
"141",141,82113.9476257823,0.0036359050446425,0.0063044478528782,0.0904950305244088,6.79771928094804,102174.403979435,864.75024011833,103045.052374218,4113.23415838403,967.631319412425,"Burkina Faso","Centre-Ouest","Nanoro","283",185160
"142",142,82113.9468815088,0.00308965236550249,0.00535727566928151,0.0799454080635005,6.38829096596418,102174.455457024,865.120978165349,103045.053118491,4113.23424770505,967.633822260796,"Burkina Faso","Centre-Ouest","Nanoro","283",185160
"143",143,82113.9462490529,0.00262546576527385,0.00455240539414819,0.070622800675105,6.00338595139463,102174.503181717,865.469382607145,103045.053750947,4113.23432360672,967.636033292666,"Burkina Faso","Centre-Ouest","Nanoro","283",185160
"144",144,82113.9457116162,0.00223101918958658,0.00386845629201304,0.0623849274506331,5.64155133615824,102174.547461038,865.796791606402,103045.054288384,4113.23438810505,967.637986454382,"Burkina Faso","Centre-Ouest","Nanoro","283",185160
"145",145,82113.945254924,0.00189583382826195,0.00328726420738227,0.0551059380738535,5.30141843005433,102174.588573617,866.104463993068,103045.054745076,4113.23444291314,967.639711755685,"Burkina Faso","Centre-Ouest","Nanoro","283",185160
"146",146,82113.9448668452,0.00161100504804222,0.00279339202623398,0.0486745256602705,4.98169809149893,102174.626772271,866.393583869614,103045.055133155,4113.23448948686,967.641235724403,"Burkina Faso","Centre-Ouest","Nanoro","283",185160
"147",147,82113.9445370701,0.00136897080585915,0.00237371465877331,0.0429922578939191,4.68117630014258,102174.662286729,866.665264957213,103045.05546293,4113.23452906352,967.642581808157,"Burkina Faso","Centre-Ouest","Nanoro","283",185160
"148",148,82113.9442568402,0.00116329860513393,0.00201709053504744,0.0379720942960713,4.39870995137879,102174.695326023,866.920554701475,103045.05574316,4113.23456269419,967.643770730795,"Burkina Faso","Centre-Ouest","Nanoro","283",185160
"149",149,82113.9440187123,0.00098852501289258,0.00171404753947161,0.0335370740305996,4.13322286478678,102174.726080628,867.160438148686,103045.055981288,4113.23459127216,967.644820807771,"Burkina Faso","Centre-Ouest","Nanoro","283",185160
"150",150,82113.9438163598,0.000840010597527478,0.00145653088741758,0.0296191533831539,3.88370199951486,102174.754724343,867.385841603131,103045.05618364,4113.23461555669,967.645748225216,"Burkina Faso","Centre-Ouest","Nanoro","283",185160
"151",151,82113.9436444086,0.000713808741805225,0.00123770330004747,0.0261581767300474,3.64919386776873,102174.781415958,867.597636077024,103045.056355591,4113.23463619273,967.646567286684,"Burkina Faso","Centre-Ouest","Nanoro","283",185160
"152",152,82113.9434982911,0.000606567042651825,0.00105175243814833,0.0231009659190514,3.42880113761484,102174.806300741,867.796640544471,103045.056501709,4113.23465372843,967.647290631471,"Burkina Faso","Centre-Ouest","Nanoro","283",185160
"153",153,82113.9433741258,0.00051543711207533,0.000893738030243413,0.0204005125418578,3.22167941115323,102174.82951176,867.983625015215,103045.056625874,4113.23466862964,967.647929428058,"Burkina Faso","Centre-Ouest","Nanoro","283",185160
"154",154,82113.943268615,0.000437998293903952,0.00075946359136346,0.0180152694086543,3.02703420422729,102174.851171044,868.1593134055,103045.056731385,4113.2346812921,967.648493543672,"Burkina Faso","Centre-Ouest","Nanoro","283",185160
"155",155,82113.943178956,0.000372193883443463,0.000645362529336714,0.0159085156669967,2.84411806268545,102174.871390639,868.32438627011,103045.056821044,4113.23469205216,967.648991696141,"Burkina Faso","Centre-Ouest","Nanoro","283",185160
"156",156,82113.943102774,0.000316280714440543,0.000548412345656826,0.0140478682765196,2.67222867539861,102174.890273383,868.479482605811,103045.056897226,4113.23470119484,967.649431570744,"Burkina Faso","Centre-Ouest","Nanoro","283",185160
"157",157,82113.9430380395,0.000268769308225498,0.000466030364458044,0.0124045897889114,2.51070406911257,102174.907914177,868.625204324625,103045.05696196,4113.23470896371,967.649819985362,"Burkina Faso","Centre-Ouest","Nanoro","283",185160
"158",158,82113.9429830307,0.000228396065775757,0.000396025494814966,0.0109533138327482,2.35892192161821,102174.924400381,868.762116931061,103045.057016969,4113.23471556537,967.65016295613,"Burkina Faso","Centre-Ouest","Nanoro","283",185160
"159",159,82113.9429362795,0.000194083452329335,0.000336529406337406,0.00967155850243235,2.21629594185401,102174.939812723,868.890752884432,103045.05706372,4113.23472117602,967.650465813445,"Burkina Faso","Centre-Ouest","Nanoro","283",185160
"160",160,82113.9428965455,0.000164921033172436,0.000285963471174095,0.00853954202809948,2.08227581712941,102174.954225525,869.011611686036,103045.057103454,4113.23472594453,967.650733246058,"Burkina Faso","Centre-Ouest","Nanoro","283",185160
"161",161,82113.9428627846,0.000140142485947913,0.000242998910125393,0.00753990357322464,1.95634561161148,102174.967707178,869.125161380431,103045.057137215,4113.23472999622,967.650969367645,"Burkina Faso","Centre-Ouest","Nanoro","283",185160
"162",162,82113.9428340973,0.000119087617051164,0.00020649099021957,0.0066571698111354,1.83801854906735,102174.98032124,869.231843365221,103045.057165903,4113.23473343902,967.651177843757,"Burkina Faso","Centre-Ouest","Nanoro","283",185160
"163",163,82113.9428097194,0.000101195729725476,0.00017546750141033,0.00587767237375611,1.72683690923773,102174.992126534,869.33207250203,103045.057190281,4113.23473636462,967.651361911493,"Burkina Faso","Centre-Ouest","Nanoro","283",185160
"164",164,82113.9427890043,0.0000859920454929796,0.000149105198353979,0.0051893575935226,1.62237055471785,102175.003177503,869.426238483059,103045.057210996,4113.23473885066,967.651524424783,"Burkina Faso","Centre-Ouest","Nanoro","283",185160
"165",165,82113.9427714019,0.0000730729141277983,0.000126704175486294,0.00458157684431406,1.524215105477,102175.01352462,869.514707518925,103045.057228598,4113.23474096315,967.651667904282,"Burkina Faso","Centre-Ouest","Nanoro","283",185160
"166",166,82113.942756444,0.0000620946721984937,0.000107668544989489,0.00404491401352083,1.4319903150379,102175.023214727,869.597823837011,103045.057243556,4113.23474275826,967.651794578382,"Burkina Faso","Centre-Ouest","Nanoro","283",185160
"167",167,82113.9427437332,0.0000527656494523875,0.0000914925628474911,0.00357105577912357,1.34533875238842,102175.032291305,869.675910895489,103045.057256267,4113.2347442837,967.651906414042,"Burkina Faso","Centre-Ouest","Nanoro","283",185160
"168",168,82113.942732932,0.0000448382257244444,0.0000777468704134868,0.00315266235482953,1.26392444862301,102175.040794743,869.749272628986,103045.057267068,4113.23474557996,967.652005147496,"Burkina Faso","Centre-Ouest","Nanoro","283",185160
"169",169,82113.9427237536,0.0000381018026341737,0.0000660663065157487,0.00278324865574719,1.18743158092421,102175.04876259,869.818194658405,103045.057276246,4113.23474668147,967.652092312485,"Burkina Faso","Centre-Ouest","Nanoro","283",185160
"170",170,82113.9427159541,0.0000323774473257547,0.0000561406079170926,0.00245708687202561,1.11556328665937,102175.056229775,869.882945379048,103045.057284046,4113.23474761749,967.652169263379,"Burkina Faso","Centre-Ouest","Nanoro","283",185160
"171",171,82113.9427093264,0.0000275131132404792,0.000047706134704026,0.00216911813886823,1.04804053575488,102175.063228806,869.943776994349,103045.057290674,4113.23474841289,967.652237196142,"Burkina Faso","Centre-Ouest","Nanoro","283",185160
"172",172,82113.9427036945,0.0000233795871912662,0.0000405388424755137,0.00191487445879186,0.984601068110042,102175.069789956,870.000926488873,103045.057296305,4113.23474908879,967.652297166857,"Burkina Faso","Centre-Ouest","Nanoro","283",185160
"173",173,82113.9426989087,0.0000198670757020973,0.0000344483523005672,0.00169040988913815,0.924998393498359,102175.075941429,870.054616543092,103045.057301091,4113.23474966314,967.652350108044,"Burkina Faso","Centre-Ouest","Nanoro","283",185160
"174",174,82113.9426948419,0.0000168822787489597,0.0000292728871217982,0.00149223961110572,0.869000850069349,102175.081709519,870.105056393735,103045.057305158,4113.2347501512,967.652396843107,"Burkina Faso","Centre-Ouest","Nanoro","283",185160
"175",175,82113.9426913861,0.0000143459122484025,0.0000248749763239774,0.00131728613128863,0.816390718305409,102175.087118746,870.152442642706,103045.057308614,4113.23475056593,967.652438099089,"Burkina Faso","Centre-Ouest","Nanoro","283",185160
"176",176,82113.9426884494,0.0000121906043726011,0.0000211377981470523,0.0011628317220149,0.76696338700399,102175.092191986,870.196960017838,103045.057311551,4113.23475091836,967.652474517934,"Burkina Faso","Centre-Ouest","Nanoro","283",185160
"177",177,82113.942685954,0.0000103591020178666,0.0000179620787246858,0.00102647639914837,0.720526568488794,102175.096950592,870.238782088166,103045.057314046,4113.23475121784,967.652506666451,"Burkina Faso","Centre-Ouest","Nanoro","283",185160
"178",178,82113.9426838335,0.00000880276108648253,0.0000152634756861899,0.000906101010222221,0.676899562197592,102175.101414502,870.278071934565,103045.057316166,4113.23475147233,967.652535045047,"Burkina Faso","Centre-Ouest","Nanoro","283",185160
"179",179,82113.9426820316,0.00000748024541347275,0.0000129703100983193,0.000799834255515453,0.635912558709281,102175.105602342,870.314982783152,103045.057317968,4113.23475168858,967.652560095544,"Burkina Faso","Centre-Ouest","Nanoro","283",185160
"180",180,82113.9426805004,0.00000635642356785341,0.0000110216670113523,0.000706023697622668,0.59740598614878,102175.109531512,870.349658599697,103045.0573195,4113.23475187234,967.652582208034,"Burkina Faso","Centre-Ouest","Nanoro","283",185160
"181",181,82113.9426791992,0.0000054014421754275,0.00000936578727312089,0.000623210262726431,0.561229896301315,102175.113218279,870.382234647555,103045.057320801,4113.2347520285,967.652601726918,"Burkina Faso","Centre-Ouest","Nanoro","283",185160
"182",182,82113.9426780935,0.00000458993683217983,0.00000795868314814913,0.000550105647302228,0.527243386908042,102175.116677853,870.412838012408,103045.057321906,4113.23475216119,967.652618956249,"Burkina Faso","Centre-Ouest","Nanoro","283",185160
"183",183,82113.9426771539,0.00000390035115572097,0.00000676298002828346,0.000485572342226081,0.495314058041248,102175.119924456,870.441588095777,103045.057322846,4113.23475227395,967.65263416446,"Burkina Faso","Centre-Ouest","Nanoro","283",185160
"184",184,82113.9426763555,0.00000331436647161376,0.00000574692041061069,0.000428606003138589,0.465317501011876,102175.122971397,870.468597078767,103045.057323644,4113.23475236977,967.65264758853,"Burkina Faso","Centre-Ouest","Nanoro","283",185160
"185",185,82113.9426756771,0.00000281642096892752,0.00000488350949874387,0.000378319876654618,0.437136817769457,102175.125831127,870.493970357912,103045.057324323,4113.23475245119,967.652659437671,"Burkina Faso","Centre-Ouest","Nanoro","283",185160
"186",186,82113.9426751006,0.00000239328607829287,0.00000414981643327844,0.000333931046464056,0.410662169005653,102175.128515301,870.517806954812,103045.057324899,4113.23475252038,967.652669896574,"Burkina Faso","Centre-Ouest","Nanoro","283",185160
"187",187,82113.9426746106,0.00000203372039207917,0.00000352635599736489,0.000294748286567358,0.385790349269053,102175.13103483,870.540199901116,103045.057325389,4113.23475257917,967.652679128286,"Burkina Faso","Centre-Ouest","Nanoro","283",185160
"188",188,82113.9426741943,0.00000172817807097614,0.00000299655878732721,0.000260161333360249,0.362424387495815,102175.133399932,870.561236600321,103045.057325806,4113.23475262913,967.65268727674,"Burkina Faso","Centre-Ouest","Nanoro","283",185160
"189",189,82113.9426738406,0.00000146853930853451,0.00000254635887697039,0.000229631410486132,0.340473171456027,102175.135620174,870.580999167789,103045.057326159,4113.23475267159,967.652694468998,"Burkina Faso","Centre-Ouest","Nanoro","283",185160
"190",190,82113.94267354,0.00000124790569715002,0.00000216380099427651,0.000202682862464476,0.319851094699769,102175.13770452,870.599564750273,103045.05732646,4113.23475270766,967.652700817225,"Burkina Faso","Centre-Ouest","Nanoro","283",185160
"191",191,82113.9426732845,0.00000106042411601754,0.00000183871061395777,0.000178895766305207,0.300477724669511,102175.13966137,870.617005826188,103045.057326715,4113.23475273832,967.652706420434,"Burkina Faso","Centre-Ouest","Nanoro","283",185160
"192",192,82113.9426730674,0.000000901107515154695,0.00000156246487445749,0.000157899405421002,0.282277490722719,102175.141498591,870.633390487776,103045.057326933,4113.23475276437,967.652711366029,"Burkina Faso","Centre-Ouest","Nanoro","283",185160
"193",193,82113.942672883,0.00000076572326068164,0.00000132772743739533,0.000139366509062304,0.265179390881307,102175.14322356,870.648782706256,103045.057327117,4113.23475278651,967.652715731165,"Burkina Faso","Centre-Ouest","Nanoro","283",185160
"194",194,82113.9426727262,0.000000650685668787599,0.00000112824501670601,0.000123008164860755,0.249116716193944,102175.144843189,870.663242580979,103045.057327274,4113.23475280532,967.652719583948,"Burkina Faso","Centre-Ouest","Nanoro","283",185160
"195",195,82113.942672593,0.000000552926833859297,0.000000958740103778208,0.000108569324469215,0.234026791662226,102175.146363961,870.67682657355,103045.057327407,4113.2347528213,967.652722984496,"Burkina Faso","Centre-Ouest","Nanoro","283",185160
"196",196,82113.9426724799,0.000000469851802807746,0.00000081470720470466,0.0000958248387074614,0.219850732741367,102175.14779195,870.689587727821,103045.05732752,4113.23475283489,967.652725985875,"Burkina Faso","Centre-Ouest","Nanoro","283",185160
"197",197,82113.9426723837,0.000000399268150758216,0.000000692295765473085,0.0000845759550312522,0.206533216495878,102175.149132856,870.701575876591,103045.057327616,4113.23475284643,967.65272863493,"Burkina Faso","Centre-Ouest","Nanoro","283",185160
"198",198,82113.9426723019,0.000000339281016753041,0.00000058828895319622,0.0000746472228468141,0.194022266540612,102175.150392021,870.712837835819,103045.057327698,4113.23475285624,967.652730973006,"Burkina Faso","Centre-Ouest","Nanoro","283",185160
"199",199,82113.9426722325,0.000000288300375492547,0.000000499918508452459,0.0000658837678219835,0.182269050948184,102175.151574457,870.723417587087,103045.057327767,4113.23475286457,967.6527330366,"Burkina Faso","Centre-Ouest","Nanoro","283",185160
"200",200,82113.9426721735,0.000000244991651545506,0.000000424802823442505,0.0000581488723213961,0.171227692037329,102175.152684866,870.733356449301,103045.057327826,4113.23475287166,967.652734857927,"Burkina Faso","Centre-Ouest","Nanoro","283",185160
"201",201,82113.9426721233,0.00000020818558300657,0.000000360979257473254,0.0000513218515031028,0.160855088082349,102175.153727658,870.742693239608,103045.057327877,4113.23475287767,967.652736465423,"Burkina Faso","Centre-Ouest","Nanoro","283",185160
"202",202,82113.9426720807,0.000000176903007567411,0.000000306755100260073,0.0000452961759781333,0.151110745439791,102175.154706969,870.751464424874,103045.057327919,4113.23475288279,967.652737884188,"Burkina Faso","Centre-Ouest","Nanoro","283",185160
"203",203,82113.9426720445,0.000000150330166917535,0.000000260660460585317,0.000039977817080924,0.141956621437251,102175.155626682,870.759704263442,103045.057327955,4113.23475288713,967.652739136372,"Burkina Faso","Centre-Ouest","Nanoro","283",185160
"204",204,82113.9426720137,0.000000127746013102775,0.000000221496627650848,0.0000352837564451833,0.133356973907587,102175.156490438,870.767444940866,103045.057327986,4113.23475289083,967.652740241535,"Burkina Faso","Centre-Ouest","Nanoro","283",185160
"205",205,82113.9426719876,0.000000108548807094233,0.000000188226463813645,0.0000311407254734741,0.125278225141115,102175.157301657,870.774716692616,103045.057328012,4113.23475289397,967.652741216936,"Burkina Faso","Centre-Ouest","Nanoro","283",185160
"206",206,82113.9426719654,0.0000000922414221158125,0.000000159945185823512,0.0000274840742719699,0.117688832117486,102175.158063545,870.781547921118,103045.057328035,4113.23475289663,967.652742077803,"Burkina Faso","Centre-Ouest","Nanoro","283",185160
"207",207,82113.9426719465,0.0000000783848841202718,0.000000135911585882048,0.0000242567187028613,0.110559159539468,102175.158779113,870.78796531024,103045.057328053,4113.2347528989,967.652742837583,"Burkina Faso","Centre-Ouest","Nanoro","283",185160
"208",208,82113.9426719304,0.0000000666068000548301,0.000000115494792461837,0.0000214082733268556,0.103861366214474,102175.159451185,870.793993927736,103045.05732807,4113.23475290082,967.652743508143,"Burkina Faso","Centre-Ouest","Nanoro","283",185160
"209",209,82113.9426719168,0.0000000565999764061634,0.0000000981433203941454,0.0000188942798964212,0.0975692984927291,102175.160082414,870.799657321315,103045.057328083,4113.23475290246,967.652744099953,"Burkina Faso","Centre-Ouest","Nanoro","283",185160
"210",210,82113.9426719052,0.000000048097788965746,0.0000000833964574534094,0.0000166754565771659,0.0916583806369945,102175.16067529,870.804977617467,103045.057328095,4113.23475290385,967.652744622266,"Burkina Faso","Centre-Ouest","Nanoro","283",185160
"211",211,82113.9426718953,0.0000000408710783464068,0.0000000708680563054044,0.000014717148234407,0.0861055268199003,102175.161232148,870.809975600782,103045.057328105,4113.23475290503,967.652745083243,"Burkina Faso","Centre-Ouest","Nanoro","283",185160
"212",212,82113.942671887,0.0000000347306984536792,0.0000000602209163710822,0.0000129887809857032,0.080889050905004,102175.161755183,870.814670795261,103045.057328113,4113.23475290604,967.652745490084,"Burkina Faso","Centre-Ouest","Nanoro","283",185160
"213",213,82113.9426718799,0.0000000295135493052442,0.0000000511721489224669,0.0000114633605419973,0.0759885789919943,102175.162246454,870.819081543138,103045.05732812,4113.23475290689,967.652745849145,"Burkina Faso","Centre-Ouest","Nanoro","283",185160
"214",214,82113.9426718738,0.000000025078721381529,0.0000000434854404167373,0.0000101170611873005,0.0713849708041322,102175.162707894,870.82322507571,103045.057328126,4113.23475290761,967.652746166037,"Burkina Faso","Centre-Ouest","Nanoro","283",185160
"215",215,82113.9426718687,0.0000000213108129345615,0.0000000369524718480542,0.00000892885399096661,0.067060245078849,102175.163141318,870.82711758057,103045.057328131,4113.23475290823,967.652746445712,"Burkina Faso","Centre-Ouest","Nanoro","283",185160
"216",216,82113.9426718643,0.0000000181097940776559,0.0000000313996072628772,0.0000078801779032135,0.0629975094134641,102175.163548432,870.830774264814,103045.057328136,4113.23475290875,967.65274669254,"Burkina Faso","Centre-Ouest","Nanoro","283",185160
"217",217,82113.9426718606,0.0000000153884208187245,0.0000000266831988239804,0.00000695465055351282,0.0591808943701034,102175.163930834,870.834209414408,103045.057328139,4113.2347529092,967.652746910378,"Burkina Faso","Centre-Ouest","Nanoro","283",185160
"218",218,82113.9426718575,0.0000000130763766562073,0.0000000226745537615689,0.00000613781278113668,0.0555954915524048,102175.164290027,870.837436449971,103045.057328142,4113.23475290958,967.652747102631,"Burkina Faso","Centre-Ouest","Nanoro","283",185160
"219",219,82113.9426718548,0.000000011112429860714,0.0000000192668783952433,0.00000541690266469058,0.0522272954308002,102175.164627423,870.840467979186,103045.057328145,4113.2347529099,967.652747272303,"Burkina Faso","Centre-Ouest","Nanoro","283",185160
"220",220,82113.9426718525,0.00000000944243384682405,0.000000016373090401149,0.0000047806563195456,0.0490631486860982,102175.164944346,870.843315846025,103045.057328147,4113.23475291017,967.652747422046,"Burkina Faso","Centre-Ouest","Nanoro","283",185160
"221",221,82113.9426718506,0.0000000080236866382732,0.0000000139134512952366,0.0000042191323828247,0.0460906908590869,102175.16524204,870.845991177009,103045.057328149,4113.2347529104,967.652747554201,"Burkina Faso","Centre-Ouest","Nanoro","283",185160
"222",222,82113.9426718489,0.00000000681877988932384,0.000000011822147658079,0.00000372355654510319,0.0432983101066707,102175.165521674,870.848504424655,103045.057328151,4113.2347529106,967.652747670833,"Burkina Faso","Centre-Ouest","Nanoro","283",185160
"223",223,82113.9426718475,0.00000000579393951882877,0.0000000100466972525331,0.00000328618452598692,0.0406750978767713,102175.165784344,870.850865408301,103045.057328152,4113.23475291077,967.652747773766,"Burkina Faso","Centre-Ouest","Nanoro","283",185160
"224",224,82113.9426718464,0.00000000492332343622587,0.00000000853754734737056,0.00000290018144440415,0.0382108063256528,102175.166031081,870.853083352455,103045.057328154,4113.23475291091,967.652747864608,"Burkina Faso","Centre-Ouest","Nanoro","283",185160
"225",225,82113.9426718453,0.00000000418414708141492,0.0000000072540203510809,0.00000255951486319771,0.0358958083119897,102175.166262852,870.855166922822,103045.057328155,4113.23475291103,967.65274794478,"Burkina Faso","Centre-Ouest","Nanoro","283",185160
"226",226,82113.9426718445,0.00000000355520110819744,0.00000000616475415981862,0.00000225886053902272,0.033721059811905,102175.166480567,870.85712426015,103045.057328155,4113.23475291113,967.652748015534,"Burkina Faso","Centre-Ouest","Nanoro","283",185160
"227",227,82113.9426718438,0.00000000302092200182702,0.00000000523883404940412,0.00000199351952912198,0.0316780646086255,102175.166685078,870.858963012032,103045.057328156,4113.23475291122,967.652748077977,"Burkina Faso","Centre-Ouest","Nanoro","283",185160
"228",228,82113.9426718431,0.00000000256750142871847,0.0000000044510008604542,0.00000175934461156199,0.0297588411192803,102175.166877186,870.86069036277,103045.057328157,4113.2347529113,967.652748133085,"Burkina Faso","Centre-Ouest","Nanoro","283",185160
"229",229,82113.9426718426,0.00000000218149817441864,0.0000000037827508997002,0.00000155267545338137,0.0279558912295892,102175.167057646,870.862313061442,103045.057328157,4113.23475291136,967.652748181719,"Burkina Faso","Centre-Ouest","Nanoro","283",185160
"230",230,82113.9426718422,0.00000000185359912969464,0.00000000321470404315001,0.00000137028166300575,0.0262621710150122,102175.167227163,870.863837448264,103045.057328158,4113.23475291141,967.652748224641,"Burkina Faso","Centre-Ouest","Nanoro","283",185160
"231",231,82113.9426718418,0.00000000157550270387732,0.00000000273106399894621,0.00000120931217035935,0.0246710632343039,102175.167386402,870.865269479358,103045.057328158,4113.23475291146,967.65274826252,"Burkina Faso","Centre-Ouest","Nanoro","283",185160
"232",232,82113.9426718415,0.00000000133858688237732,0.00000000232112588353731,0.00000106725062663216,0.023176351488242,102175.167535986,870.866614750016,103045.057328158,4113.2347529115,967.652748295949,"Burkina Faso","Centre-Ouest","Nanoro","283",185160
"233",233,82113.9426718412,0.00000000113732625376244,0.00000000197266984280581,0.000000941876292896451,0.0217721959427942,102175.167676501,870.867878516559,103045.057328159,4113.23475291153,967.652748325452,"Burkina Faso","Centre-Ouest","Nanoro","283",185160
"234",234,82113.942671841,0.000000000966794085525333,0.00000000167571323449959,0.000000831229214682508,0.0204531105221065,102175.167808498,870.869065716871,103045.057328159,4113.23475291156,967.652748351489,"Burkina Faso","Centre-Ouest","Nanoro","283",185160
"235",235,82113.9426718408,0.000000000821372729232279,0.00000000142425463686242,0.000000733579535079606,0.0192139414823678,102175.167932492,870.870180989687,103045.057328159,4113.23475291158,967.652748374467,"Burkina Faso","Centre-Ouest","Nanoro","283",185160
"236",236,82113.9426718406,0.000000000697821064161526,0.00000000121053693472048,0.000000647400642652524,0.0180498472829843,102175.16804897,870.871228692717,103045.057328159,4113.2347529116,967.652748394745,"Burkina Faso","Centre-Ouest","Nanoro","283",185160
"237",237,82113.9426718405,0.000000000593276847856621,0.00000000102815580337259,0.000000571345211421211,0.0169562796765891,102175.168158387,870.872212919669,103045.057328159,4113.23475291162,967.652748412642,"Burkina Faso","Centre-Ouest","Nanoro","283",185160
"238",238,82113.9426718404,0.000000000504008206659509,0.000000000873922610685067,0.000000504224082111783,0.0159289659441098,102175.168261172,870.873137516243,103045.05732816,4113.23475291163,967.652748428435,"Burkina Faso","Centre-Ouest","Nanoro","283",185160
"239",239,82113.9426718403,0.000000000428142453989059,0.000000000742876227650793,0.000000444987834570864,0.0149638922055822,102175.168357726,870.874006095152,103045.05732816,4113.23475291164,967.652748442374,"Burkina Faso","Centre-Ouest","Nanoro","283",185160
"240",240,82113.9426718402,0.000000000364076210943041,0.000000000630821756913981,0.000000392710302568561,0.0140572877416269,102175.168448428,870.874822050241,103045.05732816,4113.23475291165,967.652748454675,"Burkina Faso","Centre-Ouest","Nanoro","283",185160
"241",241,82113.9426718401,0.000000000309272386834215,0.000000000536231225140853,0.000000346574035160156,0.0132056102643986,102175.168533632,870.875588569741,103045.05732816,4113.23475291166,967.652748465531,"Burkina Faso","Centre-Ouest","Nanoro","283",185160
"242",242,82113.94267184,0.000000000262670450390212,0.000000000455906875041225,0.000000305857657031077,0.0124055320805257,102175.168613672,870.876308648728,103045.05732816,4113.23475291167,967.652748475111,"Burkina Faso","Centre-Ouest","Nanoro","283",185160
"243",243,82113.94267184,0.000000000223430500756014,0.000000000387025088199072,0.000000269924525851533,0.0116539270920629,102175.168688861,870.876985100827,103045.05732816,4113.23475291168,967.652748483566,"Burkina Faso","Centre-Ouest","Nanoro","283",185160
"244",244,82113.9426718399,0.000000000189781994626761,0.000000000329018939894745,0.000000238212719093992,0.0109478585847145,102175.168759493,870.8776205692,103045.05732816,4113.23475291168,967.652748491028,"Burkina Faso","Centre-Ouest","Nanoro","283",185160
"245",245,82113.9426718399,0.000000000161140085987079,0.000000000279811983920358,0.000000210226369814657,0.0102845677556563,102175.168825845,870.878217536872,103045.05732816,4113.23475291169,967.652748497612,"Burkina Faso","Centre-Ouest","Nanoro","283",185160
"246",246,82113.9426718399,0.000000000137123754938588,0.000000000237438668456401,0.000000185527862251669,0.00966146293619403,102175.168888175,870.87877833644,103045.05732816,4113.23475291169,967.652748503424,"Burkina Faso","Centre-Ouest","Nanoro","283",185160
"247",247,82113.9426718398,0.000000000116462368508899,0.00000000020187053769224,0.000000163730931327108,0.00907610946718222,102175.168946727,870.879305159178,103045.05732816,4113.2347529117,967.652748508552,"Burkina Faso","Centre-Ouest","Nanoro","283",185160
"248",248,82113.9426718398,0.0000000000988444462397044,0.000000000171751302130078,0.000000144494728060684,0.00852622018766762,102175.169001732,870.879800063603,103045.05732816,4113.2347529117,967.652748513078,"Burkina Faso","Centre-Ouest","Nanoro","283",185160
"249",249,82113.9426718398,0.0000000000841606547833938,0.00000000014565906979359,0.000000127518449818266,0.00800964649964281,102175.169053402,870.880264983517,103045.05732816,4113.2347529117,967.652748517073,"Burkina Faso","Centre-Ouest","Nanoro","283",185160
"250",250,82113.9426718398,0.0000000000714731480325025,0.00000000012385064615695,0.000000112536581111409,0.00752436997401713,102175.169101942,870.880701735563,103045.05732816,4113.2347529117,967.652748520598,"Burkina Faso","Centre-Ouest","Nanoro","283",185160
"251",251,82113.9426718398,0.0000000000606231747424321,0.00000000010543766277994,0.0000000993148324948108,0.00706849446502246,102175.16914754,870.88111202632,103045.05732816,4113.2347529117,967.652748523709,"Burkina Faso","Centre-Ouest","Nanoro","283",185160
"252",252,82113.9426718397,0.0000000000516581923552676,0.000000000089349019841156,0.0000000876464462712805,0.00664023870227817,102175.169190375,870.881497458978,103045.05732816,4113.23475291171,967.652748526454,"Burkina Faso","Centre-Ouest","Nanoro","283",185160
"253",253,82113.9426718397,0.0000000000438674185762634,0.0000000000759769184729178,0.0000000773489106926969,0.00623792933158319,102175.169230614,870.881859539592,103045.05732816,4113.23475291171,967.652748528877,"Burkina Faso","Centre-Ouest","Nanoro","283",185160
"254",254,82113.9426718397,0.0000000000371737677098907,0.0000000000647410052183673,0.0000000682611840920591,0.00585999437725184,102175.169268414,870.882199682975,103045.05732816,4113.23475291171,967.652748531015,"Burkina Faso","Centre-Ouest","Nanoro","283",185160
"255",255,82113.9426718397,0.0000000000317111533723205,0.0000000000548023386501355,0.0000000602411537335224,0.00550495710047539,102175.169303925,870.882519218222,103045.05732816,4113.23475291171,967.652748532902,"Burkina Faso","Centre-Ouest","Nanoro","283",185160
"256",256,82113.9426718397,0.0000000000269281282041492,0.0000000000466015094351291,0.0000000531633641821245,0.00517143022972079,102175.169337283,870.882819393905,103045.05732816,4113.23475291171,967.652748534567,"Burkina Faso","Centre-Ouest","Nanoro","283",185160
"257",257,82113.9426718397,0.0000000000227881518172419,0.0000000000397637504958613,0.0000000469171225888306,0.00485811054062624,102175.16936862,870.883101382948,103045.05732816,4113.23475291171,967.652748536037,"Burkina Faso","Centre-Ouest","Nanoro","283",185160
"258",258,82113.9426718397,0.0000000000194687501044063,0.0000000000336089396338383,0.000000041404751308027,0.00456377376423595,102175.169398058,870.883366287213,103045.05732816,4113.23475291171,967.652748537334,"Burkina Faso","Centre-Ouest","Nanoro","283",185160
"259",259,82113.9426718397,0.0000000000165336925725805,0.0000000000285771066147786,0.0000000365400146606696,0.00428726980368474,102175.169425712,870.883615141808,103045.05732816,4113.23475291171,967.652748538478,"Burkina Faso","Centre-Ouest","Nanoro","283",185160
"260",260,82113.9426718397,0.0000000000139638282044302,0.0000000000244326203828212,0.0000000322468278810216,0.00402751824064267,102175.169451691,870.883848919124,103045.05732816,4113.23475291171,967.652748539489,"Burkina Faso","Centre-Ouest","Nanoro","283",185160
"261",261,82113.9426718397,0.0000000000119544261740141,0.0000000000206084475189029,0.0000000284580561983259,0.00378350411397789,102175.169476095,870.88406853264,103045.05732816,4113.23475291171,967.65274854038,"Burkina Faso","Centre-Ouest","Nanoro","283",185160
"262",262,82113.9426718397,0.0000000000101551180638192,0.0000000000175179800654569,0.0000000251144228412222,0.00355427395414714,102175.169499021,870.884274840492,103045.05732816,4113.23475291171,967.652748541167,"Burkina Faso","Centre-Ouest","Nanoro","283",185160
"263",263,82113.9426718397,0.00000000000855165788440326,0.0000000000150209585900982,0.0000000221636311561029,0.00333893205781749,102175.169520557,870.884468648824,103045.05732816,4113.23475291171,967.652748541861,"Burkina Faso","Centre-Ouest","Nanoro","283",185160
"264",264,82113.9426718397,0.00000000000734167794814186,0.0000000000126345225248111,0.0000000195595399451067,0.0031366369881755,102175.169540789,870.884650714938,103045.05732816,4113.23475291171,967.652748542474,"Burkina Faso","Centre-Ouest","Nanoro","283",185160
"265",265,82113.9426718397,0.00000000000624062961028034,0.0000000000107329450543218,0.000000017261403358295,0.00294659828725151,102175.169559794,870.884821750255,103045.05732816,4113.23475291171,967.652748543014,"Burkina Faso","Centre-Ouest","Nanoro","283",185160
"266",266,82113.9426718397,0.0000000000052329350318141,0.00000000000924201568964591,0.0000000152332754763627,0.00276807338741087,102175.169577648,870.884982423094,103045.05732816,4113.23475291171,967.652748543492,"Burkina Faso","Centre-Ouest","Nanoro","283",185160
"267",267,82113.9426718397,0.0000000000045096916048388,0.00000000000774436849414517,0.0000000134434447355258,0.00260036470995346,102175.169594421,870.885133361283,103045.05732816,4113.23475291171,967.652748543913,"Burkina Faso","Centre-Ouest","Nanoro","283",185160
"268",268,82113.9426718397,0.00000000000383807446777566,0.00000000000657061665543515,0.0000000118639029614015,0.00244281693948698,102175.169610177,870.885275154611,103045.05732816,4113.23475291171,967.652748544284,"Burkina Faso","Centre-Ouest","Nanoro","283",185160
"269",269,82113.9426718397,0.00000000000319851424736784,0.00000000000569258192572304,0.000000010469942780057,0.00229481446342061,102175.169624978,870.885408357135,103045.05732816,4113.23475291171,967.652748544612,"Burkina Faso","Centre-Ouest","Nanoro","283",185160
"270",270,82113.9426718397,0.00000000000277067750930352,0.00000000000474595391231998,0.00000000923977045304872,0.00215577896658195,102175.169638883,870.885533489342,103045.05732816,4113.23475291171,967.652748544902,"Burkina Faso","Centre-Ouest","Nanoro","283",185160
"271",271,82113.9426718397,0.00000000000236322713936187,0.00000000000401765042655378,0.0000000081541333468848,0.00202516717156018,102175.169651945,870.885651040188,103045.05732816,4113.23475291171,967.652748545157,"Burkina Faso","Centre-Ouest","Nanoro","283",185160
"272",272,82113.9426718397,0.00000000000195191997236394,0.00000000000351159623768563,0.00000000719604874549464,0.00190246871594245,102175.169664215,870.885761469,103045.05732816,4113.23475291171,967.652748545383,"Burkina Faso","Centre-Ouest","Nanoro","283",185160
"273",273,82113.9426718397,0.00000000000170230460411867,0.0000000000029083532881311,0.00000000635053930457565,0.00178720415644099,102175.169675742,870.885865207283,103045.05732816,4113.23475291171,967.652748545581,"Burkina Faso","Centre-Ouest","Nanoro","283",185160
"274",274,82113.9426718397,0.00000000000146152070807729,0.00000000000244545443860323,0.00000000560437150855741,0.00167892310258486,102175.169686571,870.88596266039,103045.05732816,4113.23475291171,967.652748545757,"Burkina Faso","Centre-Ouest","Nanoro","283",185160
"275",275,82113.9426718397,0.00000000000119489128879954,0.00000000000215963523466965,0.00000000494586967779368,0.00157720242916382,102175.169696744,870.886054209135,103045.05732816,4113.23475291171,967.652748545912,"Burkina Faso","Centre-Ouest","Nanoro","283",185160
"276",276,82113.9426718397,0.00000000000101878272580346,0.00000000000182925019942306,0.00000000436473950361916,0.00148164466043879,102175.1697063,870.88614021125,103045.05732816,4113.23475291171,967.652748546049,"Burkina Faso","Centre-Ouest","Nanoro","283",185160
"277",277,82113.9426718397,0.000000000000885922445072015,0.00000000000151939116554907,0.0000000038518910311785,0.00139187642933242,102175.169715277,870.886221002767,103045.05732816,4113.23475291171,967.652748546169,"Burkina Faso","Centre-Ouest","Nanoro","283",185160
"278",278,82113.9426718397,0.000000000000740931642845334,0.00000000000131173096027524,0.0000000033992988495162,0.00130754696893908,102175.169723711,870.886296899377,103045.05732816,4113.23475291171,967.652748546276,"Burkina Faso","Centre-Ouest","Nanoro","283",185160
"279",279,82113.9426718397,0.000000000000627926722216662,0.00000000000111757949378736,0.00000000299988548401836,0.00122832676214823,102175.169731633,870.886368197648,103045.05732816,4113.23475291171,967.65274854637,"Burkina Faso","Centre-Ouest","Nanoro","283",185160
"280",280,82113.9426718397,0.000000000000544198533264271,0.000000000000931272272997331,0.00000000264740280202801,0.00115390625628727,102175.169739075,870.886435176178,103045.05732816,4113.23475291171,967.652748546453,"Burkina Faso","Centre-Ouest","Nanoro","283",185160
"281",281,82113.9426718397,0.000000000000459188035555972,0.000000000000796991463316297,0.00000000233633518439145,0.00108399465330832,102175.169746067,870.886498096686,103045.05732816,4113.23475291171,967.652748546526,"Burkina Faso","Centre-Ouest","Nanoro","283",185160
"282",282,82113.9426718397,0.000000000000386881003155502,0.000000000000683004089192867,0.0000000020618173246778,0.00101831877359402,102175.169752634,870.886557205036,103045.05732816,4113.23475291171,967.65274854659,"Burkina Faso","Centre-Ouest","Nanoro","283",185160
"283",283,82113.9426718397,0.000000000000333030421079915,0.000000000000572976538745325,0.00000000181955519195006,0.000956621988521197,102175.169758804,870.886612732194,103045.05732816,4113.23475291171,967.652748546647,"Burkina Faso","Centre-Ouest","Nanoro","283",185160
"284",284,82113.9426718397,0.000000000000282761771292237,0.000000000000487297354536043,0.00000000160575817080176,0.000898663217699936,102175.1697646,870.886664895133,103045.05732816,4113.23475291171,967.652748546698,"Burkina Faso","Centre-Ouest","Nanoro","283",185160
"285",285,82113.9426718397,0.000000000000238069312616173,0.000000000000417917357392829,0.00000000141708185504099,0.000844215986967143,102175.169770045,870.88671389768,103045.05732816,4113.23475291171,967.652748546742,"Burkina Faso","Centre-Ouest","Nanoro","283",185160
"286",286,82113.9426718397,0.000000000000203757708442174,0.00000000000035260408485279,0.00000000125057495436251,0.000793067543451536,102175.16977516,870.886759931315,103045.05732816,4113.23475291171,967.652748546781,"Burkina Faso","Centre-Ouest","Nanoro","283",185160
"287",287,82113.9426718397,0.00000000000017364027125394,0.000000000000298769595232258,0.00000000110363236176934,0.00074501802425283,102175.169779965,870.886803175913,103045.05732816,4113.23475291171,967.652748546816,"Burkina Faso","Centre-Ouest","Nanoro","283",185160
"288",288,82113.9426718397,0.000000000000146450217006405,0.000000000000255793214670826,0.000000000973955288319931,0.000699879675486808,102175.169784479,870.886843800454,103045.05732816,4113.23475291171,967.652748546846,"Burkina Faso","Centre-Ouest","Nanoro","283",185160
"289",289,82113.9426718397,0.00000000000012479588866056,0.000000000000216758284460725,0.000000000859515247356054,0.000657476118645027,102175.16978872,870.88688196368,103045.05732816,4113.23475291171,967.652748546873,"Burkina Faso","Centre-Ouest","Nanoro","283",185160
"290",290,82113.9426718397,0.000000000000106494603097986,0.000000000000183415174651786,0.00000000075852184198171,0.000617641661402626,102175.169792703,870.886917814713,103045.05732816,4113.23475291171,967.652748546897,"Burkina Faso","Centre-Ouest","Nanoro","283",185160
"291",291,82113.9426718397,0.0000000000000900431867269748,0.000000000000156641657022716,0.000000000669395062549812,0.000580220650181296,102175.169796445,870.886951493642,103045.05732816,4113.23475291171,967.652748546918,"Burkina Faso","Centre-Ouest","Nanoro","283",185160
"292",292,82113.9426718397,0.0000000000000765128701882919,0.000000000000133111349629522,0.000000000590740676743321,0.000545066861937761,102175.169799961,870.886983132068,103045.05732816,4113.23475291171,967.652748546936,"Burkina Faso","Centre-Ouest","Nanoro","283",185160
"293",293,82113.9426718397,0.0000000000000652814540218422,0.000000000000112654873316206,0.000000000521328182635046,0.000512042932801296,102175.169803263,870.887012853619,103045.05732816,4113.23475291171,967.652748546953,"Burkina Faso","Centre-Ouest","Nanoro","283",185160
"294",294,82113.9426718397,0.0000000000000553260960831988,0.0000000000000959850764039966,0.00000000046007163180754,0.000481019821327768,102175.169806366,870.887040774432,103045.05732816,4113.23475291171,967.652748546967,"Burkina Faso","Centre-Ouest","Nanoro","283",185160
"295",295,82113.9426718397,0.00000000000004694465679832,0.0000000000000816841466350092,0.000000000406012737687927,0.000451876304272962,102175.16980928,870.887067003609,103045.05732816,4113.23475291171,967.65274854698,"Burkina Faso","Centre-Ouest","Nanoro","283",185160
"296",296,82113.9426718397,0.0000000000000400163583500405,0.0000000000000691955842885957,0.000000000358305788343949,0.000424498502915025,102175.169812018,870.88709164364,103045.05732816,4113.23475291171,967.652748546991,"Burkina Faso","Centre-Ouest","Nanoro","283",185160
"297",297,82113.9426718397,0.0000000000000339739129036603,0.0000000000000588521848400222,0.000000000316204415245426,0.00039877943807519,102175.16981459,870.887114790807,103045.05732816,4113.23475291171,967.652748547001,"Burkina Faso","Centre-Ouest","Nanoro","283",185160
"298",298,82113.9426718397,0.0000000000000288146114033527,0.0000000000000501055812271216,0.000000000279049973868034,0.000374618612098081,102175.169817006,870.887136535559,103045.05732816,4113.23475291171,967.65274854701,"Burkina Faso","Centre-Ouest","Nanoro","283",185160
"299",299,82113.9426718397,0.0000000000000245342060781358,0.0000000000000424931674073058,0.000000000246261208855402,0.000351921616158257,102175.169819275,870.887156962862,103045.05732816,4113.23475291171,967.652748547018,"Burkina Faso","Centre-Ouest","Nanoro","283",185160
"300",300,82113.9426718397,0.0000000000000208524942872225,0.0000000000000361014360067783,0.000000000217325145909776,0.00033059976135858,102175.169821408,870.887176152537,103045.05732816,4113.23475291171,967.652748547024,"Burkina Faso","Centre-Ouest","Nanoro","283",185160
"301",301,82113.9426718397,0.0000000000000176889229232232,0.000000000000030730699622523,0.000000000191789093519449,0.000310569732178967,102175.169823411,870.887194179569,103045.05732816,4113.23475291171,967.65274854703,"Burkina Faso","Centre-Ouest","Nanoro","283",185160
"302",302,82113.9426718397,0.0000000000000150461621529025,0.0000000000000260879526153872,0.000000000169253554791867,0.000291753260921416,102175.169825292,870.887211114398,103045.05732816,4113.23475291171,967.652748547036,"Burkina Faso","Centre-Ouest","Nanoro","283",185160
"303",303,82113.9426718397,0.0000000000000127949876137027,0.0000000000000221522126479454,0.000000000149365965895146,0.000274076821879229,102175.16982706,870.887227023197,103045.05732816,4113.23475291171,967.65274854704,"Burkina Faso","Centre-Ouest","Nanoro","283",185160
"304",304,82113.9426718397,0.0000000000000108587562608634,0.0000000000000188481409882643,0.000000000131815190899108,0.000257471344035424,102175.169828721,870.887241968131,103045.05732816,4113.23475291171,967.652748547045,"Burkina Faso","Centre-Ouest","Nanoro","283",185160
"305",305,82113.9426718397,0.00000000000000922975512517031,0.0000000000000160121633596908,0.000000000116326655348899,0.000241871941167732,102175.169830281,870.887256007597,103045.05732816,4113.23475291171,967.652748547048,"Burkina Faso","Centre-Ouest","Nanoro","283",185160
"306",306,82113.9426718397,0.00000000000000784974494159441,0.0000000000000135949000096715,0.00000000010265804421955,0.000227217658305575,102175.169831746,870.887269196454,103045.05732816,4113.23475291171,967.652748547051,"Burkina Faso","Centre-Ouest","Nanoro","283",185160
"307",307,82113.9426718397,0.00000000000000666520698125877,0.0000000000000115613767827893,0.0000000000905955142274561,0.000213451233548344,102175.169833123,870.887281586239,103045.05732816,4113.23475291171,967.652748547054,"Burkina Faso","Centre-Ouest","Nanoro","283",185160
"308",308,82113.9426718397,0.00000000000000566288285423979,0.0000000000000098260071179059,0.0000000000799503504502877,0.000200518874314265,102175.169834416,870.887293225365,103045.05732816,4113.23475291171,967.652748547057,"Burkina Faso","Centre-Ouest","Nanoro","283",185160
"309",309,82113.9426718397,0.00000000000000481561816738561,0.00000000000000834361186164682,0.0000000000705560110536874,0.00018837004714559,102175.169835631,870.887304159311,103045.05732816,4113.23475291171,967.652748547059,"Burkina Faso","Centre-Ouest","Nanoro","283",185160
"310",310,82113.9426718397,0.00000000000000409065916123421,0.00000000000000709258256903435,0.0000000000622655223545479,0.000176957280248768,102175.169836772,870.887314430803,103045.05732816,4113.23475291171,967.652748547061,"Burkina Faso","Centre-Ouest","Nanoro","283",185160
"311",311,82113.9426718397,0.00000000000000347485090404842,0.00000000000000602910670163636,0.0000000000549491809451534,0.000166235977998037,102175.169837844,870.887324079977,103045.05732816,4113.23475291171,967.652748547063,"Burkina Faso","Centre-Ouest","Nanoro","283",185160
"312",312,82113.9426718397,0.00000000000000295432068591998,0.00000000000000512062572942919,0.0000000000484925234585555,0.000156164246677624,102175.169838851,870.887333144537,103045.05732816,4113.23475291171,967.652748547064,"Burkina Faso","Centre-Ouest","Nanoro","283",185160
"313",313,82113.9426718397,0.00000000000000251023332068781,0.00000000000000435164079793629,0.0000000000427944521081422,0.000146702713840788,102175.169839798,870.887341659917,103045.05732816,4113.23475291171,967.652748547065,"Burkina Faso","Centre-Ouest","Nanoro","283",185160
"314",314,82113.9426718397,0.00000000000000213230978927481,0.00000000000000369927691583057,0.0000000000377661261347608,0.000137814471515043,102175.169840686,870.887349659336,103045.05732816,4113.23475291171,967.652748547067,"Burkina Faso","Centre-Ouest","Nanoro","283",185160
"315",315,82113.9426718397,0.00000000000000181247176554418,0.00000000000000314274092294438,0.0000000000333287900580764,0.00012946477786886,102175.169841521,870.887357174062,103045.05732816,4113.23475291171,967.652748547068,"Burkina Faso","Centre-Ouest","Nanoro","283",185160
"316",316,82113.9426718397,0.00000000000000154059696285403,0.00000000000000266998924819134,0.0000000000294128947083657,0.000121620982702857,102175.169842306,870.887364233478,103045.05732816,4113.23475291171,967.652748547069,"Burkina Faso","Centre-Ouest","Nanoro","283",185160
"317",317,82113.9426718397,0.00000000000000130895676985037,0.00000000000000226929143447295,0.00000000002595707827542,0.000114252413638968,102175.169843043,870.887370865191,103045.05732816,4113.23475291171,967.652748547069,"Burkina Faso","Centre-Ouest","Nanoro","283",185160
"318",318,82113.9426718397,0.0000000000000011122185599672,0.00000000000000192860118511532,0.0000000000229072956296728,0.000107330279079129,102175.169843735,870.887377095113,103045.05732816,4113.23475291171,967.65274854707,"Burkina Faso","Centre-Ouest","Nanoro","283",185160
"319",319,82113.9426718397,0.000000000000000945210033495562,0.00000000000000163878251385454,0.0000000000202158413376222,0.000100827531231678,102175.169844385,870.887382947586,103045.05732816,4113.23475291171,967.652748547071,"Burkina Faso","Centre-Ouest","Nanoro","283",185160
"320",320,82113.9426718397,0.000000000000000803227983675253,0.00000000000000139260476388942,0.0000000000178406140843918,0.0000947187609843672,102175.169844996,870.88738844548,103045.05732816,4113.23475291171,967.652748547071,"Burkina Faso","Centre-Ouest","Nanoro","283",185160
"321",321,82113.9426718397,0.000000000000000682535884126873,0.00000000000000118347279662378,0.0000000000157444595591155,0.0000889800986864294,102175.16984557,870.887393610277,103045.05732816,4113.23475291171,967.652748547072,"Burkina Faso","Centre-Ouest","Nanoro","283",185160
"322",322,82113.9426718397,0.000000000000000580006321644768,0.00000000000000100569919767426,0.0000000000138945887670938,0.0000835891208604363,102175.169846109,870.887398462157,103045.05732816,4113.23475291171,967.652748547072,"Burkina Faso","Centre-Ouest","Nanoro","283",185160
"323",323,82113.9426718397,0.000000000000000492887544586395,0.000000000000000854614090261217,0.00000000001226206515285,0.0000785247625843729,102175.169846615,870.88740302008,103045.05732816,4113.23475291171,967.652748547073,"Burkina Faso","Centre-Ouest","Nanoro","283",185160
"324",324,82113.9426718397,0.000000000000000418844751281578,0.000000000000000726242861734618,0.0000000000108213519844433,0.0000737672351819281,102175.169847091,870.887407301855,103045.05732816,4113.23475291171,967.652748547073,"Burkina Faso","Centre-Ouest","Nanoro","283",185160
"325",325,82113.9426718397,0.00000000000000035592449778963,0.000000000000000617154833996598,0.00000000000954991290244665,0.0000692979488995189,102175.169847538,870.887411324213,103045.05732816,4113.23475291171,967.652748547073,"Burkina Faso","Centre-Ouest","Nanoro","283",185160
"326",326,82113.9426718397,0.000000000000000302459907125352,0.000000000000000524446586743364,0.00000000000842785939871127,0.0000650994402680348,102175.169847958,870.887415102871,103045.05732816,4113.23475291171,967.652748547074,"Burkina Faso","Centre-Ouest","Nanoro","283",185160
"327",327,82113.9426718397,0.000000000000000257026028531154,0.000000000000000445665518539704,0.00000000000743763971532443,0.0000611553038654577,102175.169848352,870.887418652594,103045.05732816,4113.23475291171,967.652748547074,"Burkina Faso","Centre-Ouest","Nanoro","283",185160
"328",328,82113.9426718397,0.000000000000000218415997896258,0.000000000000000378720449499909,0.00000000000656376429592583,0.0000574501282137271,102175.169848723,870.887421987252,103045.05732816,4113.23475291171,967.652748547074,"Burkina Faso","Centre-Ouest","Nanoro","283",185160
"329",329,82113.9426718397,0.00000000000000018560628159805,0.000000000000000321830791001327,0.00000000000579256349327795,0.0000539694355593718,102175.169849071,870.887425119876,103045.05732816,4113.23475291171,967.652748547074,"Burkina Faso","Centre-Ouest","Nanoro","283",185160
"330",330,82113.9426718397,0.000000000000000157725409459428,0.000000000000000273486353794392,0.00000000000511197374402225,0.0000506996253026053,102175.169849398,870.887428062705,103045.05732816,4113.23475291171,967.652748547074,"Burkina Faso","Centre-Ouest","Nanoro","283",185160
"331",331,82113.9426718397,0.000000000000000134032504517366,0.000000000000000232404350475175,0.00000000000451134886637511,0.0000476279208538408,102175.169849705,870.887430827239,103045.05732816,4113.23475291171,967.652748547074,"Burkina Faso","Centre-Ouest","Nanoro","283",185160
"332",332,82113.9426718397,0.000000000000000113898606445634,0.000000000000000197493605104825,0.00000000000398129352873626,0.0000447423197099693,102175.169849994,870.88743342428,103045.05732816,4113.23475291171,967.652748547075,"Burkina Faso","Centre-Ouest","Nanoro","283",185160
"333",333,82113.9426718397,0.0000000000000000967892204259251,0.000000000000000167826878872724,0.00000000000351351628426817,0.0000420315465553284,102175.169850265,870.887435863976,103045.05732816,4113.23475291171,967.652748547075,"Burkina Faso","Centre-Ouest","Nanoro","283",185160
"334",334,82113.9426718397,0.0000000000000000822499425567496,0.000000000000000142616563774827,0.00000000000310069987273742,0.0000394850092041087,102175.169850519,870.88743815586,103045.05732816,4113.23475291171,967.652748547075,"Burkina Faso","Centre-Ouest","Nanoro","283",185160
"335",335,82113.9426718397,0.0000000000000000698946731866027,0.000000000000000121193284271594,0.00000000000273638676086596,0.0000370927572120441,102175.169850759,870.887440308887,103045.05732816,4113.23475291171,967.652748547075,"Burkina Faso","Centre-Ouest","Nanoro","283",185160
"336",336,82113.9426718397,0.0000000000000000593953679487823,0.000000000000000102988117059254,0.00000000000241487813076373,0.0000348454429956655,102175.169850983,870.887442331469,103045.05732816,4113.23475291171,967.652748547075,"Burkina Faso","Centre-Ouest","Nanoro","283",185160
"337",337,82113.9426718397,0.00000000000000005047323432661,0.0000000000000000875176447565715,0.00000000000213114473641786,0.0000327342853071936,102175.169851194,870.887444231511,103045.05732816,4113.23475291171,967.652748547075,"Burkina Faso","Centre-Ouest","Nanoro","283",185160
"338",338,82113.9426718397,0.000000000000000042891345576753,0.0000000000000000743710901453536,0.00000000000188074823385367,0.0000307510349223519,102175.169851393,870.887446016437,103045.05732816,4113.23475291171,967.652748547075,"Burkina Faso","Centre-Ouest","Nanoro","283",185160
"339",339,82113.9426718397,0.0000000000000000364483763101502,0.0000000000000000631993619862226,0.00000000000165977175439478,0.0000288879424070272,102175.169851579,870.88744769322,103045.05732816,4113.23475291171,967.652748547075,"Burkina Faso","Centre-Ouest","Nanoro","283",185160
"340",340,82113.9426718397,0.0000000000000000309732456695449,0.000000000000000053705804276168,0.00000000000146475863503249,0.0000271377278368286,102175.169851754,870.887449268413,103045.05732816,4113.23475291171,967.652748547075,"Burkina Faso","Centre-Ouest","Nanoro","283",185160
"341",341,82113.9426718397,0.0000000000000000263151986854433,0.0000000000000000456290207960817,0.00000000000129254067262928,0.0000254932688726035,102175.169851919,870.887450748426,103045.05732816,4113.23475291171,967.652748547075,"Burkina Faso","Centre-Ouest","Nanoro","283",185160
"342",342,82113.9426718397,0.0000000000000000223644251159419,0.0000000000000000387786099584348,0.0000000000011407241921992,0.0000239488490735343,102175.169852073,870.887452138404,103045.05732816,4113.23475291171,967.652748547075,"Burkina Faso","Centre-Ouest","Nanoro","283",185160
"343",343,82113.9426718397,0.0000000000000000189977781839636,0.0000000000000000329410407380508,0.00000000000100652499230013,0.0000224974059667499,102175.169852218,870.887453444703,103045.05732816,4113.23475291171,967.652748547075,"Burkina Faso","Centre-Ouest","Nanoro","283",185160
"344",344,82113.9426718397,0.0000000000000000161382640642677,0.0000000000000000279828098315555,0.000000000000888117884924759,0.0000211339317394833,102175.169852354,870.88745467183,103045.05732816,4113.23475291171,967.652748547075,"Burkina Faso","Centre-Ouest","Nanoro","283",185160
"345",345,82113.9426718397,0.0000000000000000137092342941591,0.0000000000000000237710136271995,0.000000000000783641102674502,0.0000198530926293127,102175.169852483,870.887455824585,103045.05732816,4113.23475291171,967.652748547075,"Burkina Faso","Centre-Ouest","Nanoro","283",185160
"346",346,82113.9426718397,0.000000000000000011645805239186,0.0000000000000000201931478283316,0.000000000000691454780113342,0.000018649879811444,102175.169852603,870.887456907476,103045.05732816,4113.23475291171,967.652748547075,"Burkina Faso","Centre-Ouest","Nanoro","283",185160
"347",347,82113.9426718397,0.0000000000000000098929501349717,0.0000000000000000171537991979253,0.0000000000006101130985103,0.0000175195886826814,102175.169852716,870.887457924739,103045.05732816,4113.23475291171,967.652748547075,"Burkina Faso","Centre-Ouest","Nanoro","283",185160
"348",348,82113.9426718397,0.00000000000000000840392402265303,0.0000000000000000145719146678941,0.000000000000538340318933012,0.0000164577997656728,102175.169852822,870.887458880349,103045.05732816,4113.23475291171,967.652748547075,"Burkina Faso","Centre-Ouest","Nanoro","283",185160
"349",349,82113.9426718397,0.00000000000000000713901698396442,0.0000000000000000123786395510709,0.000000000000475010772780585,0.0000154603614283699,102175.169852922,870.887459778043,103045.05732816,4113.23475291171,967.652748547075,"Burkina Faso","Centre-Ouest","Nanoro","283",185160
"350",350,82113.9426718397,0.00000000000000000606449598553409,0.0000000000000000105154827369908,0.000000000000419131212875485,0.0000145233736517329,102175.169853015,870.887460621332,103045.05732816,4113.23475291171,967.652748547075,"Burkina Faso","Centre-Ouest","Nanoro","283",185160
"351",351,82113.9426718397,0.00000000000000000515170528931926,0.00000000000000000893275684612792,0.000000000000369825235745746,0.0000136431727805247,102175.169853104,870.887461413513,103045.05732816,4113.23475291171,967.652748547075,"Burkina Faso","Centre-Ouest","Nanoro","283",185160
"352",352,82113.9426718397,0.00000000000000000437630224354869,0.0000000000000000075882531377154,0.000000000000326319536360481,0.0000128163171982926,102175.169853186,870.887462157683,103045.05732816,4113.23475291171,967.652748547075,"Burkina Faso","Centre-Ouest","Nanoro","283",185160
"353",353,82113.9426718397,0.00000000000000000371760810281281,0.00000000000000000644611587150202,0.0000000000002879317798464,0.0000120395738705298,102175.169853264,870.887462856752,103045.05732816,4113.23475291171,967.652748547075,"Burkina Faso","Centre-Ouest","Nanoro","283",185160
"354",354,82113.9426718397,0.00000000000000000315805655938937,0.00000000000000000547588609324004,0.00000000000025405989994721,0.0000113099057033992,102175.169853337,870.887463513453,103045.05732816,4113.23475291171,967.652748547075,"Burkina Faso","Centre-Ouest","Nanoro","283",185160
"355",355,82113.9426718397,0.00000000000000000268272527831445,0.00000000000000000465168934346378,0.000000000000224172656387185,0.0000106244596685919,102175.169853405,870.887464130355,103045.05732816,4113.23475291171,967.652748547075,"Burkina Faso","Centre-Ouest","Nanoro","283",185160
"356",356,82113.9426718397,0.0000000000000000022789379428605,0.00000000000000000395154562744707,0.000000000000197801303044857,0.00000998055564788776,102175.16985347,870.887464709868,103045.05732816,4113.23475291171,967.652748547075,"Burkina Faso","Centre-Ouest","Nanoro","283",185160
"357",357,82113.9426718397,0.0000000000000000019359261976563,0.00000000000000000335678324429668,0.000000000000174532236264032,0.00000937567595380036,102175.16985353,870.88746525426,103045.05732816,4113.23475291171,967.652748547075,"Burkina Faso","Centre-Ouest","Nanoro","283",185160
"358",358,82113.9426718397,0.00000000000000000164454247405533,0.00000000000000000285154084288673,0.000000000000154000508001283,0.00000880745548533186,102175.169853587,870.887465765658,103045.05732816,4113.23475291171,967.652748547075,"Burkina Faso","Centre-Ouest","Nanoro","283",185160
"359",359,82113.9426718397,0.00000000000000000139701603927123,0.00000000000000000242234442526755,0.000000000000135884102072716,0.0000082736724803458,102175.16985364,870.887466246063,103045.05732816,4113.23475291171,967.652748547075,"Burkina Faso","Centre-Ouest","Nanoro","283",185160
"360",360,82113.9426718397,0.00000000000000000118674576349975,0.00000000000000000205774801692343,0.000000000000119898883730892,0.00000777223982839991,102175.169853691,870.887466697352,103045.05732816,4113.23475291171,967.652748547075,"Burkina Faso","Centre-Ouest","Nanoro","283",185160
"361",361,82113.9426718397,0.00000000000000000100812407846014,0.00000000000000000174802842113809,0.000000000000105794143362952,0.00000730119691007162,102175.169853738,870.887467121291,103045.05732816,4113.23475291171,967.652748547075,"Burkina Faso","Centre-Ouest","Nanoro","283",185160
"362",362,82113.9426718397,0.0000000000000000008563874326156,0.00000000000000000148492591705924,0.0000000000000933486644189354,0.00000685870193086768,102175.169853782,870.887467519537,103045.05732816,4113.23475291171,967.652748547075,"Burkina Faso","Centre-Ouest","Nanoro","283",185160
"363",363,82113.9426718397,0.000000000000000000727489254955721,0.0000000000000000012614239862981,0.0000000000000823672539010633,0.00000644302471974344,102175.169853824,870.887467893646,103045.05732816,4113.23475291171,967.652748547075,"Burkina Faso","Centre-Ouest","Nanoro","283",185160
"364",364,82113.9426718397,0.000000000000000000617992039490334,0.00000000000000000107156219372847,0.0000000000000726776809993582,0.00000605253996407356,102175.169853863,870.887468245082,103045.05732816,4113.23475291171,967.652748547075,"Burkina Faso","Centre-Ouest","Nanoro","283",185160
"365",365,82113.9426718397,0.00000000000000000052497567252269,0.00000000000000000091027723231898,0.0000000000000641279758601789,0.00000568572085462279,102175.169853899,870.88746857522,103045.05732816,4113.23475291171,967.652748547075,"Burkina Faso","Centre-Ouest","Nanoro","283",185160
