"","time","S","E","I","H","C","R","D","inci","hosp","crits","lvl2","lvl3","lvl4","ID","POP"
"1",1,393166,0,1,0,0,0,0,0,0,0,"Burkina Faso","Boucle du Mouhoun","Solenzo","300",393167
"2",2,393164.976610403,0.844832173395205,0.837426246465599,0.0112866921623043,0.000146163521699408,0.329695487018839,0.00000283465413998976,1.02338959721779,0.0120288584139852,0.000149313137410508,"Burkina Faso","Boucle du Mouhoun","Solenzo","300",393167
"3",3,393163.968750026,1.41496526892461,0.939197909488149,0.0211101341705907,0.000533074652647209,0.655422688906793,0.0000208982601142163,2.0312499744029,0.0238752179324298,0.000556294941663005,"Burkina Faso","Boucle du Mouhoun","Solenzo","300",393167
"4",4,393162.7549397,1.97838707494597,1.1849792434727,0.0320737915260992,0.00114643434659349,1.04840673186526,0.000067024288544633,3.24506030044516,0.038142347052144,0.00122090577830975,"Burkina Faso","Boucle du Mouhoun","Solenzo","300",393167
"5",5,393161.189004087,2.65784852688784,1.54946819101738,0.0456555793344766,0.00201956627022803,1.55584932441511,0.000154724909707108,4.81099591283474,0.0565484225942623,0.00219148283656926,"Burkina Faso","Boucle du Mouhoun","Solenzo","300",393167
"6",6,393159.128745607,3.53476763875759,2.04604278261413,0.0631208899773465,0.00321608544349489,2.2238067242546,0.000300271659540219,6.87125439270671,0.0807649023751434,0.0035497206207618,"Burkina Faso","Boucle du Mouhoun","Solenzo","300",393167
"7",7,393156.403744588,4.68862187442791,2.70883455988537,0.0859010345261162,0.00482812195386525,3.10754551645855,0.000524304837420333,9.59625541208923,0.112795025938663,0.00541068288433229,"Burkina Faso","Boucle du Mouhoun","Solenzo","300",393167
"8",8,393152.794469271,6.21479583298271,3.58880619792658,0.115804105234863,0.0069813918995807,4.27828964401176,0.000853557044248475,13.2055307290997,0.155219401138408,0.00792978861541235,"Burkina Faso","Boucle du Mouhoun","Solenzo","300",393167
"9",9,393148.012217595,8.23620790929205,4.75549461164299,0.155192636802465,0.00984453248755879,5.82971972820585,0.00132298693107012,17.987782405362,0.2114318501391,0.0113145179665256,"Burkina Faso","Boucle du Mouhoun","Solenzo","300",393167
"10",10,393141.675206775,10.9145145848809,6.30174276980147,0.207183416519732,0.0136423979286677,7.8857315078426,0.00197854768327244,24.3247932246566,0.285920597115554,0.0158407842434148,"Burkina Faso","Boucle du Mouhoun","Solenzo","300",393167
"11",11,393133.277829348,14.4634817552578,8.35081700812979,0.275899734610243,0.0186740155346266,10.610417308708,0.00288082972764158,32.7221706519681,0.384629888016122,0.0218749374542284,"Burkina Faso","Boucle du Mouhoun","Solenzo","300",393167
"12",12,393122.150239184,19.166188226811,11.0661332967047,0.366801325041077,0.0253365153990274,14.2211915764366,0.00410987567546137,43.8497608160679,0.5154354667534,0.0299030439273178,"Burkina Faso","Boucle du Mouhoun","Solenzo","300",393167
"13",13,393107.404988216,25.3976035484076,14.6642323213971,0.487119497753859,0.0341568642654367,19.0061280057039,0.00577154604127601,58.5950117835691,0.68877259845487,0.0405696932001878,"Burkina Faso","Boucle du Mouhoun","Solenzo","300",393167
"14",14,393087.86635526,33.6544326762044,19.4320092008035,0.646433352866519,0.0458339672855881,25.3469295893214,0.00800595339793994,78.1336447398793,0.918468132245656,0.0547294710610769,"Burkina Faso","Boucle du Mouhoun","Solenzo","300",393167
"15",15,393061.97684511,44.5945699162322,25.7495237534999,0.857432381592857,0.0612944357959453,33.7493357760093,0.010998627254725,104.023154890385,1.22284195946307,0.0735151327456397,"Burkina Faso","Boucle du Mouhoun","Solenzo","300",393167
"16",16,393027.673449256,59.0892735472556,34.1201960941915,1.13692623985577,0.0817664805006419,44.8833930782068,0.0149953036834108,138.326550743694,1.62616575636147,0.0984279290377651,"Burkina Faso","Boucle du Mouhoun","Solenzo","300",393167
"17",17,392989.377755719,72.2758246438448,44.2053712214595,1.50266740753906,0.108849129229572,59.5092106898411,0.0203211892940775,176.622244281208,2.15593608410611,0.131428228445214,"Burkina Faso","Boucle du Mouhoun","Solenzo","300",393167
"18",18,392940.414210122,90.1547698213558,56.0787058024727,1.96446728204793,0.144365042619456,78.21608309819,0.027398831653044,225.585789878339,2.83335759250199,0.174808188900616,"Burkina Faso","Boucle du Mouhoun","Solenzo","300",393167
"19",19,392878.539925209,113.114852973089,70.7125785080226,2.54039458444117,0.190345574248647,101.865144961112,0.0367581900398602,287.460074790953,3.6895227859458,0.23118800762627,"Burkina Faso","Boucle du Mouhoun","Solenzo","300",393167
"20",20,392800.619320997,142.15993530811,89.0055320992475,3.25803382338267,0.249261019866718,131.658861906637,0.0490548459130459,365.380679003157,4.76791552242338,0.303766404214546,"Burkina Faso","Boucle du Mouhoun","Solenzo","300",393167
"21",21,392702.596745464,178.73999484048,111.967165491768,4.15377178862532,0.324212073779064,169.153010110842,0.065100230838189,463.403254536333,6.1248160910743,0.396545663599274,"Burkina Faso","Boucle du Mouhoun","Solenzo","300",393167
"22",22,392579.336809943,224.74391059173,140.821194804298,5.27389277379037,0.419117087646436,216.319172545271,0.0859022540202537,586.663190056755,7.8315515899195,0.514564036557829,"Burkina Faso","Boucle du Mouhoun","Solenzo","300",393167
"23",23,392424.37858077,282.565320626298,177.087096317788,6.6766839627632,0.538928208052756,275.640672887324,0.112717228125563,741.621419230351,9.97796240853756,0.664169572636715,"Burkina Faso","Boucle du Mouhoun","Solenzo","300",393167
"24",24,392229.613285064,355.211415608813,222.664207553377,8.43532812330459,0.689894955991064,350.238753637003,0.147115057334652,936.386714935823,12.6769650745725,0.853356130807345,"Burkina Faso","Boucle du Mouhoun","Solenzo","300",393167
"25",25,391984.876477928,446.447686997943,279.930114978909,10.6416226216858,0.879893272117293,444.033142950694,0.191061250534848,1181.12352207188,16.0703597433606,1.09218355048935,"Burkina Faso","Boucle du Mouhoun","Solenzo","300",393167
"26",26,391677.443230147,560.978512935162,351.859449097119,13.4106243362625,1.11883474875516,561.942329541366,0.247019194785229,1488.55676985345,20.3360740513716,1.39330052073875,"Burkina Faso","Boucle du Mouhoun","Solenzo","300",393167
"27",27,391291.398615515,704.671089759239,442.170747691411,16.8864904547042,1.41918316008098,710.135793873669,0.318079545692755,1874.6013844848,25.697285944463,1.77260487751737,"Burkina Faso","Boucle du Mouhoun","Solenzo","300",393167
"28",28,390806.87732034,884.822585980347,555.503091378842,21.2496052820416,1.7965893610669,896.342687858046,0.408119799306465,2359.12267965965,32.4335875600781,2.25005580474075,"Burkina Faso","Boucle du Mouhoun","Solenzo","300",393167
"29",29,390199.127092475,1110.48326075777,697.633125058584,26.725468225459,2.27069095397227,1130.23835628172,0.522006247683414,2966.87290752518,40.8949633464098,2.85069789584273,"Burkina Faso","Boucle du Mouhoun","Solenzo","300",393167
"30",30,389437.391674952,1392.83311643727,875.73261759861,33.5954677081875,2.86609313564314,1423.91518686064,0.665843307801934,3728.60832504815,51.5188163106456,3.60591903320084,"Burkina Faso","Boucle du Mouhoun","Solenzo","300",393167
"31",31,388483.565650201,1745.61857117682,1098.6781963291,42.2101458618096,3.61359744684975,1792.46655028884,0.84728869572658,4682.43434979915,64.8510809027975,4.55502933099039,"Burkina Faso","Boucle du Mouhoun","Solenzo","300",393167
"32",32,387290.637439799,2185.63562471464,1377.40589043667,53.0049997347169,4.55169499258523,2254.6884093948,1.07594092795945,5875.36256020137,81.5715864278207,5.74718491254017,"Burkina Faso","Boucle du Mouhoun","Solenzo","300",393167
"33",33,385800.904841736,2733.24476371434,1725.31237403473,66.5193428841698,5.72839615564402,2833.92646015805,1.36382131697363,7365.0951582639,102.524675267228,7.24375317450361,"Burkina Faso","Boucle du Mouhoun","Solenzo","300",393167
"34",34,383944.004136585,3412.86859942102,2158.69737891183,83.4183068839939,7.20345371826249,3559.08215341205,1.72597106835392,9221.99586341552,128.755552150222,9.12119934976685,"Burkina Faso","Boucle du Mouhoun","Solenzo","300",393167
"35",35,381634.843526714,4253.41292230634,2697.20703541041,104.517971368388,9.05102125605112,4465.78633894387,2.18118400129303,11531.1564732864,161.55267452033,11.4745590352656,"Burkina Faso","Boucle du Mouhoun","Solenzo","300",393167
"36",36,378771.608945612,5288.48741068077,3364.23914417435,130.813060464061,11.3627924395623,5597.7357447134,2.75290191634157,14394.3910543885,202.495997929906,14.4215723466085,"Burkina Faso","Boucle du Mouhoun","Solenzo","300",393167
"37",37,375234.155394218,6556.22214334373,4187.23219651993,163.505767578504,14.2516559756392,7008.16253935568,3.47030300871726,17931.8446057822,253.509978951934,18.1075482075473,"Burkina Faso","Boucle du Mouhoun","Solenzo","300",393167
"38",38,370883.213409528,8098.45284064284,5197.70194819227,204.033513293726,17.8558114164467,8761.37287034403,4.36960658256726,22282.7865904719,316.918996547139,22.7109298415214,"Burkina Faso","Boucle du Mouhoun","Solenzo","300",393167
"39",39,365561.111424744,9958.8877210572,6430.84259759726,254.091282032432,22.3432632624529,10934.2280889665,5.49562234088638,27604.8885752567,395.500583273666,28.4495103078822,"Burkina Faso","Boucle du Mouhoun","Solenzo","300",393167
"40",40,359094.922438973,12179.8209290891,7924.43583422334,315.642013018894,27.9164542446653,13617.3587728129,6.90355763788105,34071.0775610268,492.528827266348,35.5870738423109,"Burkina Faso","Boucle du Mouhoun","Solenzo","300",393167
"41",41,351303.130948194,14796.9352414109,9716.75034860767,390.905747975214,34.8166332761823,16915.8000013956,8.66107914045483,41862.869051806,611.796617170842,44.4400545433544,"Burkina Faso","Boucle du Mouhoun","Solenzo","300",393167
"42",42,342007.037828198,17831.8030418937,11843.0667434054,482.314678140277,43.3273029917002,20948.5998061691,10.850599201745,51158.9621718019,757.600452503297,55.3835243269724,"Burkina Faso","Boucle du Mouhoun","Solenzo","300",393167
"43",43,331047.855601653,21282.0514161805,14330.507533651,592.41826088232,53.7757766496016,25846.8197024734,13.5717085105503,62118.1443983474,934.666733978225,68.8554527724353,"Burkina Faso","Boucle du Mouhoun","Solenzo","300",393167
"44",44,318309.616198013,25109.8288542682,17191.0738948178,723.72223994771,66.5315631324164,31749.2836364828,16.9436133381516,74856.3838019871,1147.99621681346,85.3578001748071,"Burkina Faso","Boucle du Mouhoun","Solenzo","300",393167
"45",45,303746.651988669,29230.2516624857,20413.1429924343,878.446642407248,81.9999177004339,38795.3994428459,21.1073534571517,89419.3480113307,1402.60220062868,105.452532652825,"Burkina Faso","Boucle du Mouhoun","Solenzo","300",393167
"46",46,287412.088781666,33502.7952613071,23952.3950766419,1058.19954601004,100.608905032377,47114.6849417229,26.2274876200163,105753.911218334,1703.12930177346,129.750557943506,"Burkina Faso","Boucle du Mouhoun","Solenzo","300",393167
"47",47,269481.368184343,37729.776982625,27724.0047143725,1263.57775565393,122.788224873583,56812.9913234261,32.4928147058821,123684.631815657,2053.35286469213,158.891352324563,"Burkina Faso","Boucle du Mouhoun","Solenzo","300",393167
"48",48,250263.178918281,41665.9595695604,31598.5979553502,1493.73814634332,148.939236049055,67956.4705034528,40.115670963617,142902.821081719,2455.59742697585,193.512203786408,"Burkina Faso","Boucle du Mouhoun","Solenzo","300",393167
"49",49,230190.521000138,45041.7474257642,35404.8822801349,1746.00744172888,179.396577909247,80555.1159878338,49.3292864907418,162975.478999862,2910.14113625194,234.206896232293,"Burkina Faso","Boucle du Mouhoun","Solenzo","300",393167
"50",50,209788.465187273,47598.376583564,38940.94529149,2015.6264092824,214.384078054131,94548.8196345007,60.382815835687,183377.534812727,3414.71333806008,281.476095649339,"Burkina Faso","Boucle du Mouhoun","Solenzo","300",393167
"51",51,189621.44594697,49128.6204406981,41994.4112496031,2295.72736003826,253.969772448847,109799.291405282,73.5338249601357,203544.55405303,3964.20700834739,335.674022404553,"Burkina Faso","Boucle du Mouhoun","Solenzo","300",393167
"52",52,170230.358454025,49512.6496983559,44368.611767894,2577.61442785511,298.02671473832,126090.700553768,89.0383833632303,222935.641545975,4550.70951464964,396.958251808576,"Burkina Faso","Boucle du Mouhoun","Solenzo","300",393167
"53",53,152073.861575493,48738.5145243392,45909.4857684815,2851.35693490147,346.206958916878,143140.434954577,107.139283290326,241092.138424507,5163.90159835531,465.250607017241,"Burkina Faso","Boucle du Mouhoun","Solenzo","300",393167
"54",54,135487.188915936,46901.3348902577,46526.8218152536,3106.62526334509,397.934777287026,160619.041019929,128.053317991864,257678.811084064,5791.78927616712,540.216241722431,"Burkina Faso","Boucle du Mouhoun","Solenzo","300",393167
"55",55,120665.700872188,44182.0624079698,46204.9595961497,3333.63367205349,452.422276741166,178176.262371357,151.958803541413,272500.299127812,6421.65536336697,621.26539178718,"Burkina Faso","Boucle du Mouhoun","Solenzo","300",393167
"56",56,107672.365760804,40813.3269058951,45000.7759603888,3524.02682457112,508.706739855438,195468.813203673,178.984604812455,285493.634239196,7041.07099950158,707.578522980388,"Burkina Faso","Boucle du Mouhoun","Solenzo","300",393167
"57",57,96462.0954957564,37042.3402632127,43030.7123802413,3671.56346019342,565.704953360495,212185.381699311,209.201747924504,296703.904504244,7638.80303812257,798.151339943276,"Burkina Faso","Boucle du Mouhoun","Solenzo","300",393167
"58",58,86913.8433641193,33099.6104725165,40450.7886229522,3772.50026505827,622.277533059141,228065.361296987,242.618445307939,306252.156635881,8205.4901715076,891.853583401295,"Burkina Faso","Boucle du Mouhoun","Solenzo","300",393167
"59",59,78862.0909238153,29178.1693939225,37434.8395359842,3825.66189697999,677.294678048337,242909.764791476,279.178779774201,314303.909076185,8734.03252155001,987.493322241894,"Burkina Faso","Boucle du Mouhoun","Solenzo","300",393167
"60",60,72122.8597609253,25424.16607234,34154.9743437222,3832.2339026314,729.696122696238,256584.304810894,318.764986790746,321043.140239075,9219.69515495912,1083.87944135262,"Burkina Faso","Boucle du Mouhoun","Solenzo","300",393167
"61",61,66512.3797033837,21936.4977471705,30766.9309144956,3795.3624760978,778.539809050364,269016.086556505,361.202793296661,326653.620296617,9659.97925505029,1179.87624604665,"Burkina Faso","Boucle du Mouhoun","Solenzo","300",393167
"62",62,61858.7307911245,18772.4288067456,27401.0103207808,3719.65104553593,823.036487685148,280185.873445573,406.269102555488,331307.269208876,10054.3331351829,1274.44660163569,"Burkina Faso","Boucle du Mouhoun","Solenzo","300",393167
"63",63,58007.8840276848,15955.9788517691,24158.3171647714,3610.63509914426,862.56943953333,290117.914200449,453.701216648384,335158.115972315,10403.7760269381,1366.68190247598,"Burkina Faso","Boucle du Mouhoun","Solenzo","300",393167
"64",64,54825.8690250686,13486.844162559,21110.9635490042,3474.29792425828,896.700748016355,298869.117819113,503.206771980948,338340.130974932,10710.4998670494,1455.81938355074,"Burkina Faso","Boucle du Mouhoun","Solenzo","300",393167
"65",65,52198.4726553827,11348.4398982895,18305.0002525787,3316.66490242269,925.16613677473,306518.782447427,554.473707124925,340967.527344618,10977.4929837981,1541.2480335802,"Burkina Faso","Boucle du Mouhoun","Solenzo","300",393167
"66",66,50029.6435325381,9514.44676285371,15764.6664049099,3143.49442370223,947.861424325113,313159.707777555,607.179674116443,343136.356467462,11208.2156605961,1622.50550667672,"Burkina Faso","Boucle du Mouhoun","Solenzo","300",393167
"67",67,48239.3427188618,7953.72264070911,13497.1363671644,2960.06054393571,964.823535790499,318890.913656383,661.000537155743,344926.657281138,11406.3353481364,1699.26857707466,"Burkina Faso","Boucle du Mouhoun","Solenzo","300",393167
"68",68,46761.2517054378,6633.73143829979,11497.0329767811,2771.02357973378,976.208332741808,323812.13428441,715.617682596083,346404.748294562,11575.5274335634,1771.3390911819,"Burkina Faso","Boucle du Mouhoun","Solenzo","300",393167
"69",69,45540.6120832474,5522.7901296841,9750.40508458249,2580.36772669023,982.267605959048,328019.833298246,770.724071591345,347625.387916753,11719.3319280534,1838.62768550499,"Burkina Faso","Boucle du Mouhoun","Solenzo","300",393167
"70",70,44532.2936546602,4591.38412018516,8237.98546185117,2391.39354057166,983.326565492224,331604.587661294,826.028995945514,348633.70634534,11841.0603272398,1901.13656098724,"Burkina Faso","Boucle du Mouhoun","Solenzo","300",393167
"71",71,43699.1308640117,3812.85152729279,6937.70763562863,2206.74757307142,979.763045377341,334649.537743624,881.261610994588,349466.869135989,11943.7413947311,1958.94261314911,"Burkina Faso","Boucle du Mouhoun","Solenzo","300",393167
"72",72,43010.5181344447,3163.63185139401,5826.56511349581,2028.47624531737,971.988969493463,337229.646314181,936.173371673738,350155.481865556,12030.0963649561,2012.18160468651,"Burkina Faso","Boucle du Mouhoun","Solenzo","300",393167
"73",73,42441.2476119317,2623.23352682824,4881.89665941836,1858.09344670621,960.434501982392,339411.554774183,990.539478950226,350724.752388068,12102.5357494815,2061.0339230382,"Burkina Faso","Boucle du Mouhoun","Solenzo","300",393167
"74",74,41970.5455177739,2174.05027652545,4082.23073717321,1696.65329554638,945.534835660481,341253.825808009,1044.1595293117,351195.454482226,12163.1700159917,2105.71209045126,"Burkina Faso","Boucle du Mouhoun","Solenzo","300",393167
"75",75,41581.2825071326,1801.09042350851,3407.7826337333,1544.82291087811,927.719577711267,342807.444460049,1096.85748698725,351584.717492868,12213.8294478988,2146.45011880821,"Burkina Faso","Boucle du Mouhoun","Solenzo","300",393167
"76",76,41259.3262036042,1491.67673131968,2840.69801619507,1402.95123616224,907.404518756603,344116.462168596,1148.48112536626,351906.673796396,12256.0889709659,2183.49465805244,"Burkina Faso","Boucle du Mouhoun","Solenzo","300",393167
"77",77,40993.0122013642,1235.14436738359,2365.12352636796,1271.13156541426,884.985517100919,345218.70175741,1198.9010649596,352172.987798636,12291.2949676957,2217.09781150047,"Burkina Faso","Boucle du Mouhoun","Solenzo","300",393167
"78",78,40772.7066788786,1022.55731553738,1967.1675743714,1149.25689850961,860.834134195769,346146.467866503,1248.00953200472,352393.293321122,12320.5920825595,2247.5113919788,"Burkina Faso","Boucle du Mouhoun","Solenzo","300",393167
"79",79,40590.4494367972,846.452582314547,1634.77387996435,1037.0679477095,835.294840714688,346927.242412217,1295.71890028294,352575.550563203,12344.9492879431,2274.98250769573,"Burkina Faso","Boucle du Mouhoun","Solenzo","300",393167
"80",80,40439.6623078076,700.609136925125,1357.57201194483,934.193223015299,808.683467011026,347584.31973448,1341.9601188158,352726.337692193,12365.1835839005,2299.75026569524,"Burkina Faso","Boucle du Mouhoun","Solenzo","300",393167
"81",81,40314.9067274546,579.85263973912,1126.69688674245,840.182737116555,781.286619679782,348137.393308111,1386.68108115697,352851.093272546,12381.9817969997,2322.04337652086,"Burkina Faso","Boucle du Mouhoun","Solenzo","300",393167
"82",82,40211.685926239,479.883312831918,934.615840329255,754.535175274443,753.361890594919,348603.072870994,1429.84498373675,352954.314073761,12395.9197226694,2342.07853919131,"Burkina Faso","Boucle du Mouhoun","Solenzo","300",393167
"83",83,40126.2808401429,397.132787102155,774.95549931508,676.719840098387,725.138640791078,348995.343678618,1471.42871393278,353039.719159857,12407.4790638973,2360.05943404972,"Burkina Faso","Boucle du Mouhoun","Solenzo","300",393167
"84",84,40055.6154272229,328.641317482669,642.344794474517,606.1938107385,696.81921735995,349325.964138642,1511.4212940795,353110.384572777,12417.0620455979,2376.17621078161,"Burkina Faso","Boucle du Mouhoun","Solenzo","300",393167
"85",85,39997.1451883582,271.955790821458,532.270874487259,542.41521247716,668.580462035199,349604.810067856,1549.82240396437,353168.854811642,12425.004022695,2390.60535532894,"Burkina Faso","Boucle du Mouhoun","Solenzo","300",393167
"86",86,39948.7651076794,225.043532619412,440.952170471368,484.853199904478,640.575410382894,349840.169586466,1586.64099247666,353217.234892321,12431.5842415741,2403.50984646807,"Burkina Faso","Boucle du Mouhoun","Solenzo","300",393167
"87",87,39908.7337037468,186.221058451787,365.226473624176,432.995228325396,612.935098034096,350038.994448023,1621.89398979511,353257.266296253,12437.0349770804,2415.03953113978,"Burkina Faso","Boucle du Mouhoun","Solenzo","300",393167
"88",88,39875.6101420837,154.094241559103,302.454350199024,386.352164384619,585.770406420153,350207.113574291,1655.60512106251,353290.389857916,12441.5492655781,2425.33165204516,"Burkina Faso","Boucle du Mouhoun","Solenzo","300",393167
"89",89,39848.2023458896,127.508923772385,250.43593979328,344.461636263016,559.173898613125,350349.413430295,1687.80382537413,353317.797654111,12445.2874100273,2434.51148236216,"Burkina Faso","Boucle du Mouhoun","Solenzo","300",393167
"90",90,39825.5239235523,105.509596821384,207.339929571427,306.890035490926,533.221609442727,350469.990630616,1718.52427450498,353340.476076448,12448.3824602475,2442.69302555937,"Burkina Faso","Boucle du Mouhoun","Solenzo","300",393167
"91",91,39806.7587706789,87.3054265989867,171.64347609399,273.233413752018,507.974760911159,350572.279658795,1747.80449316976,353359.241229321,12450.944777608,2449.979753322,"Burkina Faso","Boucle du Mouhoun","Solenzo","300",393167
"92",92,39791.231607182,72.2418485611642,142.081261728978,243.117602781908,483.481385154489,350659.160723215,1775.68557137707,353374.768392818,12453.06587189,2456.46535335123,"Burkina Faso","Boucle du Mouhoun","Solenzo","300",393167
"93",93,39778.3836982951,59.777137211073,117.602736465182,216.197705785797,459.777844653903,350733.049911651,1802.21096593829,353387.616301705,12454.8215913295,2462.23447347423,"Burkina Faso","Boucle du Mouhoun","Solenzo","300",393167
"94",94,39767.752728557,49.462993323704,97.3361323939022,192.157157954498,436.890241635984,350795.974861816,1827.42588431896,353398.247271443,12456.2747857312,2467.36344643483,"Burkina Faso","Boucle du Mouhoun","Solenzo","300",393167
"95",95,39758.9561571509,40.9284088804781,80.5584174057432,170.706474830691,414.835716081361,350849.638081464,1851.3767441876,353407.043842849,12457.4775218198,2471.92098740092,"Burkina Faso","Boucle du Mouhoun","Solenzo","300",393167
"96",96,39751.677442735,33.8663672695245,66.6701171716019,151.581798893234,393.623631390694,350895.469939437,1874.11070310305,353414.322557265,12458.4729257684,2475.96885706075,"Burkina Faso","Boucle du Mouhoun","Solenzo","300",393167
"97",97,39745.6546606553,28.022798471176,55.1743932275211,134.543322136281,373.256651080222,350934.672922548,1895.67525188218,353420.345339345,12459.2967117749,2479.56248650486,"Burkina Faso","Boucle du Mouhoun","Solenzo","300",393167
"98",98,39740.6711328355,23.1875127889072,45.6596704212355,119.373648157073,353.731708591067,350968.258460233,1916.11786697359,353425.328867165,12459.9784447455,2482.75156078395,"Burkina Faso","Boucle du Mouhoun","Solenzo","300",393167
"99",99,39736.5475262802,19.1865402909475,37.7849331835523,105.876156897853,335.04088363709,350997.078248636,1935.48571107469,353429.45247372,12460.5426075167,2485.58056260897,"Burkina Faso","Boucle du Mouhoun","Solenzo","300",393167
"100",100,39733.1354545658,15.8759136925479,31.2677671311356,93.8733758975779,317.172181907008,351021.849923595,1953.82538321072,353432.864545434,12461.0094673772,2488.08927436336,"Burkina Faso","Boucle du Mouhoun","Solenzo","300",393167
"101",101,39730.3121417662,13.1365304417205,25.8743007891273,83.205410200701,300.110228834845,351043.178678242,1971.18270972601,353435.687858234,12461.3958000695,2490.31323964152,"Burkina Faso","Boucle du Mouhoun","Solenzo","300",393167
"102",102,39727.9759954161,10.86982181271,21.4109053495872,73.7284423973554,283.836884162363,351061.575379179,1987.6025716829,353438.024004584,12461.7154912906,2492.28418603226,"Burkina Faso","Boucle du Mouhoun","Solenzo","300",393167
"103",103,39726.0429560898,8.9942296501358,17.7172840681713,65.313308146862,268.331784030591,351077.471673185,2003.12876482934,353439.95704391,12461.9800333271,2494.03041161874,"Burkina Faso","Boucle du Mouhoun","Solenzo","300",393167
"104",104,39724.4434646625,7.4422717422339,14.6607259697204,57.8441626235215,253.572816178145,351091.232670653,2017.80388817155,353441.556535338,12462.1989380986,2495.57713636876,"Burkina Faso","Boucle du Mouhoun","Solenzo","300",393167
"105",105,39723.1199693811,6.15810021835949,12.1314031620103,51.2172338355929,239.536535086227,351103.16750071,2031.66925760741,353442.880030619,12462.3800769825,2496.94682131668,"Burkina Faso","Boucle du Mouhoun","Solenzo","300",393167
"106",106,39722.0248438342,5.09551649164339,10.0383833960378,45.3396708921174,226.198522641841,351113.538221448,2044.76484129632,353443.975156166,12462.5299648297,2498.15945741553,"Burkina Faso","Boucle du Mouhoun","Solenzo","300",393167
"107",107,39721.1186851464,4.21627830548684,8.30643735553764,40.12847819133,213.533700096109,351122.567206966,2057.1292139393,353444.881314854,12462.65399225,2499.23282669533,"Burkina Faso","Boucle du Mouhoun","Solenzo","300",393167
"108",108,39720.3688847774,3.48875574268387,6.87327669502141,35.5095409926259,201.516596054312,351130.443418373,2068.79952736511,353445.631115223,12462.7566207911,2500.18273757109,"Burkina Faso","Boucle du Mouhoun","Solenzo","300",393167
"109",109,39719.7484643762,2.88676663984778,5.68737243641683,31.4167308208072,190.121575647888,351137.327595025,2079.81149505451,353446.251535624,12462.8415419803,2501.02323681956,"Burkina Faso","Boucle du Mouhoun","Solenzo","300",393167
"110",110,39719.2350981677,2.38865215472976,4.70606799726069,27.7910922153437,179.323035038473,351143.356665895,2090.19938853137,353446.764901832,12462.911810932,2501.76680007333,"Burkina Faso","Boucle du Mouhoun","Solenzo","300",393167
"111",111,39718.8103142932,1.97648716908347,3.89407118700829,24.5801026382261,169.095565021538,351148.647415797,2099.99604389441,353447.189685707,12462.9699555265,2502.42450268199,"Burkina Faso","Boucle du Mouhoun","Solenzo","300",393167
"112",112,39718.4588272887,1.63544187957988,3.22217165503484,21.7370020371764,159.414087730519,351153.299592705,2109.23287670422,353447.541172711,12463.018067685,2503.00617295743,"Burkina Faso","Boucle du Mouhoun","Solenzo","300",393167
"113",113,39718.1679899792,1.35324422104466,2.6662007566552,19.2201863234439,150.253969364683,351157.398505433,2117.93990392215,353447.832010021,12463.0578783285,2503.52052927818,"Burkina Faso","Boucle du Mouhoun","Solenzo","300",393167
"114",114,39717.9273370502,1.11974012160437,2.2061571941286,16.9926597723483,141.591112222789,351161.017222103,2126.1457715365,353448.07266295,12463.0908198108,2503.9753028189,"Burkina Faso","Boucle du Mouhoun","Solenzo","300",393167
"115",115,39717.7282091619,0.926527455933267,1.82549065605437,15.0215419710648,133.402028326589,351164.218415541,2133.87778688774,353448.271790838,12463.1180773395,2504.37734709075,"Burkina Faso","Boucle du Mouhoun","Solenzo","300",393167
"116",116,39717.5634413926,0.766654162534273,1.51050640548513,13.2776244648392,125.663897194268,351167.055921713,2141.1619546673,353448.436558608,12463.1406316027,2504.73273571348,"Burkina Faso","Boucle du Mouhoun","Solenzo","300",393167
"117",117,39717.4271044545,0.634367092478825,1.24987103470529,11.7349715436818,118.354610170119,351169.576059988,2148.02301571662,353448.572895546,12463.1592941775,2505.04684985525,"Burkina Faso","Boucle du Mouhoun","Solenzo","300",393167
"118",118,39717.3142926205,0.524906365971882,1.03420719090849,10.3705639930192,111.452802313562,351171.81873943,2154.48448808669,353448.68570738,12463.1747365509,2505.32445574321,"Burkina Faso","Boucle du Mouhoun","Solenzo","300",393167
"119",119,39717.2209466051,0.434333154146217,0.855755530549055,9.16397868394849,104.937874553981,351173.81840197,2160.56870950298,353448.779053395,12463.1875143571,2505.56977400173,"Burkina Faso","Boucle du Mouhoun","Solenzo","300",393167
"120",120,39717.1437075265,0.359388446696328,0.708095199350642,8.09710233771209,98.7900069660161,351175.60481866,2166.29688086437,353448.856292474,12463.1980873645,2505.78654125976,"Burkina Faso","Boucle du Mouhoun","Solenzo","300",393167
"121",121,39717.079796096,0.297375492005693,0.585913304284753,7.15387561929906,92.9901646685414,351177.203764556,2171.68911026404,353448.920203904,12463.2068360087,2505.97806496192,"Burkina Faso","Boucle du Mouhoun","Solenzo","300",393167
"122",122,39717.0269122942,0.246062550387533,0.484813084372268,6.32006420352561,87.5200975585641,351178.637593142,2176.76445716753,353448.973087706,12463.2140751245,2506.14727218915,"Burkina Faso","Boucle du Mouhoun","Solenzo","300",393167
"123",123,39716.9831539543,0.203604042073623,0.401158157996378,5.58305658241768,82.3623343124916,351179.925716511,2181.54097643975,353449.016846046,12463.2200650887,2506.29675257888,"Burkina Faso","Boucle du Mouhoun","Solenzo","300",393167
"124",124,39716.9469462623,0.168471870158295,0.331938048876891,4.93168005975406,77.5001730161115,351181.085028901,2186.03576184249,353449.053053738,12463.2250214695,2506.42879728555,"Burkina Faso","Boucle du Mouhoun","Solenzo","300",393167
"125",125,39716.9169862166,0.139401736738797,0.274661816352804,4.35603993968198,72.9176673262368,351182.130253982,2190.26498898309,353449.083013784,12463.229122629,2506.54543286301,"Burkina Faso","Boucle du Mouhoun","Solenzo","300",393167
"126",126,39716.892195835,0.115347779760223,0.227268574348849,3.84737540529959,68.5996100240172,351183.07424501,2194.24395737179,353449.107804165,12463.2325161277,2506.64845154823,"Burkina Faso","Boucle du Mouhoun","Solenzo","300",393167
"127",127,39716.8716830769,0.0954443307028726,0.188053117339609,3.39793120856193,64.5315143164143,351183.928242499,2197.98713145166,353449.128316923,12463.235324074,2506.7394381516,"Burkina Faso","Boucle du Mouhoun","Solenzo","300",393167
"128",128,39716.8547098306,0.0789752347261058,0.155604345554688,3.0008435359063,60.6995932579579,351184.702093217,2201.5081805784,353449.14529017,12463.2376475054,2506.81979390063,"Burkina Faso","Boucle du Mouhoun","Solenzo","300",393167
"129",129,39716.8406653629,0.0653479836117058,0.128754615445646,2.65003884655361,57.0907377998774,351185.404437641,2204.82001775122,353449.159334637,12463.2395700233,2506.89075752346,"Burkina Faso","Boucle du Mouhoun","Solenzo","300",393167
"130",130,39716.829044308,0.0540721065086765,0.106537914589195,2.3401435977402,53.6924938751886,351186.042871071,2207.9348371276,353449.170955692,12463.2411608057,2506.95342401697,"Burkina Faso","Boucle du Mouhoun","Solenzo","300",393167
"131",131,39716.8194284735,0.0447419023598809,0.0881546964694632,2.0664044715913,50.4930387613291,351186.624081503,2210.86415019211,353449.180571527,12463.242477098,2507.00876119701,"Burkina Faso","Boucle du Mouhoun","Solenzo","300",393167
"132",132,39716.8114718604,0.0370216448487191,0.0729435022128502,1.8246174488063,47.4811570548232,351187.153967896,2213.61882059296,353449.18852814,12463.2435662631,2507.05762438033,"Burkina Faso","Boucle du Mouhoun","Solenzo","300",393167
"133",133,39716.8048881763,0.0306335066314312,0.060357050447046,1.61106482342229,44.646216483162,351187.637742335,2216.20909762528,353449.195111824,12463.2444674908,2507.10076940014,"Burkina Faso","Boucle du Mouhoun","Solenzo","300",393167
"134",134,39716.7994405075,0.0253476681008602,0.0499423629894739,1.42245939149102,41.9781437270561,351188.08001799,2218.64464835274,353449.200559493,12463.2452132117,2507.13886411899,"Burkina Faso","Boucle du Mouhoun","Solenzo","300",393167
"135",135,39716.7949328423,0.0209738970313371,0.041324755815379,1.25589495159348,39.4674004291299,351188.484884752,2220.93458837249,353449.205067158,12463.2458302573,2507.17249862079,"Burkina Faso","Boucle du Mouhoun","Solenzo","300",393167
"136",136,39716.7912029934,0.017354830704066,0.034194158318237,1.10880250354523,37.1049595247976,351188.855974766,2223.0875112238,353449.208797007,12463.2463408293,2507.20219421791,"Burkina Faso","Boucle du Mouhoun","Solenzo","300",393167
"137",137,39716.7881167214,0.0143602472476174,0.0282939070278086,0.978911194484644,34.8822819818524,351189.196519409,2225.11151653943,353449.211883279,12463.2467633032,2507.2284114701,"Burkina Faso","Boucle du Mouhoun","Solenzo","300",393167
"138",138,39716.7855629926,0.0118823715782672,0.0234117710918586,0.864214120057144,32.7912940817123,351189.509397861,2227.01423680233,353449.214437008,12463.2471128784,2507.25155719541,"Burkina Faso","Boucle du Mouhoun","Solenzo","300",393167
"139",139,39716.7834499144,0.00983205118370504,0.0193720628799762,0.762937710071883,30.8243652739608,351189.797180067,2228.80286292058,353449.216550086,12463.2474021337,2507.27199074127,"Burkina Faso","Boucle du Mouhoun","Solenzo","300",393167
"140",140,39716.7817014447,0.00813552824830233,0.0160293821415612,0.673514760319161,28.9742866775623,351190.062163666,2230.48416854087,353449.218298556,12463.2476414785,2507.29002950075,"Burkina Faso","Boucle du Mouhoun","Solenzo","300",393167
"141",141,39716.780254678,0.00673173422447847,0.0132635000214674,0.594560532781756,27.234250261537,351190.306406113,2232.0645331806,353449.219745322,12463.2478395237,2507.30595379554,"Burkina Faso","Boucle du Mouhoun","Solenzo","300",393167
"142",142,39716.7790575536,0.00557016207216109,0.0109748812980452,0.524851606267355,25.5978287425918,351190.531752848,2233.54996420634,353449.220942447,12463.2480033958,2507.32001119408,"Burkina Faso","Boucle du Mouhoun","Solenzo","300",393167
"143",143,39716.7780669904,0.00460903095577507,0.00908114454425427,0.463307162777321,24.0589562136222,351190.739861755,2234.94611770277,353449.22193301,12463.2481389922,2507.33242032781,"Burkina Faso","Boucle du Mouhoun","Solenzo","300",393167
"144",144,39716.777247352,0.00381373768443035,0.00751418614395822,0.408972427177756,22.6119095177,351190.932224507,2236.25831827268,353449.222752648,12463.248251191,2507.34337426512,"Burkina Faso","Boucle du Mouhoun","Solenzo","300",393167
"145",145,39716.7765691441,0.00315566952582351,0.00621761464571113,0.36100402467912,21.2512903704857,351191.110185366,2237.49157781038,353449.223430856,12463.2483440296,2507.35304349312,"Burkina Faso","Boucle du Mouhoun","Solenzo","300",393167
"146",146,39716.7760079588,0.00261116021971587,0.00514475082734956,0.318657026585821,19.9720082301641,351191.274957583,2238.65061329047,353449.223992041,12463.2484208492,2507.3615785529,"Burkina Faso","Boucle du Mouhoun","Solenzo","300",393167
"147",147,39716.7755436081,0.0021606016280596,0.00425702024911677,0.281273493256315,18.7692639083893,351191.427637755,2239.73986361401,353449.224456392,12463.2484844133,2507.3691123684,"Burkina Faso","Boucle du Mouhoun","Solenzo","300",393167
"148",148,39716.7751593826,0.00178778442718184,0.00352247412815308,0.248272348443335,17.63853391136,351191.569218546,2240.76350555332,353449.224840618,12463.2485370093,2507.37576230394,"Burkina Faso","Boucle du Mouhoun","Solenzo","300",393167
"149",149,39716.7748414532,0.00147930405457448,0.00291466107310294,0.219140424313273,16.5755554976165,351191.700599824,2241.72546883624,353449.225158547,12463.24858053,2507.38163198233,"Burkina Faso","Boucle du Mouhoun","Solenzo","300",393167
"150",150,39716.7745783841,0.00122404846287475,0.00241173419638123,0.193424544206345,15.5763124359554,351191.822598444,2242.62945040966,353449.225421616,12463.2486165411,2507.38681289113,"Burkina Faso","Boucle du Mouhoun","Solenzo","300",393167
"151",151,39716.7743607086,0.00101283502444869,0.00199559261620692,0.170724528335884,14.6370214446264,351191.93595697,2243.47892792113,353449.225639292,12463.2486463383,2507.39138580144,"Burkina Faso","Boucle du Mouhoun","Solenzo","300",393167
"152",152,39716.7741805914,0.000838072164860419,0.00165124580689094,0.150687009871595,13.7541192919097,351192.041351333,2244.27717245649,353449.225819409,12463.2486709942,2507.39542202134,"Burkina Faso","Boucle du Mouhoun","Solenzo","300",393167
"153",153,39716.7740315546,0.000693461849885593,0.00136632216935267,0.13299996910021,12.9242505365699,351192.139397586,2245.02726056989,353449.225968446,12463.2486913956,2507.39898450312,"Burkina Faso","Boucle du Mouhoun","Solenzo","300",393167
"154",154,39716.7739082349,0.000573802146041357,0.00113056637559635,0.117387906534118,12.1442558857075,351192.230657963,2245.73208564174,353449.226091765,12463.2487082766,2507.40212882097,"Burkina Faso","Boucle du Mouhoun","Solenzo","300",393167
"155",155,39716.7738061927,0.00047479424074455,0.000935481783004592,0.103607576193937,11.4111611474174,351192.315646209,2246.39436859862,353449.226193808,12463.248722245,2507.40490403477,"Burkina Faso","Boucle du Mouhoun","Solenzo","300",393167
"156",156,39716.7737217587,0.000392867951983806,0.00077406372925577,0.0914442151157955,10.7221667550518,351192.394832312,2247.01666802794,353449.226278242,12463.248733803,2507.40735345276,"Burkina Faso","Boucle du Mouhoun","Solenzo","300",393167
"157",157,39716.7736518944,0.000325076427527136,0.000640501846470848,0.0807082147240134,10.0746378396873,351192.468646754,2247.6013897189,353449.226348106,12463.2487433666,2507.40951530513,"Burkina Faso","Boucle du Mouhoun","Solenzo","300",393167
"158",158,39716.7735940841,0.000268985918594489,0.000529979245635231,0.0712321789690061,9.46609482784682,351192.537484284,2248.15079565989,353449.226405916,12463.2487512801,2507.41142333884,"Burkina Faso","Boucle du Mouhoun","Solenzo","300",393167
"159",159,39716.7735462496,0.000222572103979874,0.000438530920023347,0.0628683250012171,8.8942045415114,351192.60170726,2248.66701252124,353449.226453751,12463.2487578281,2507.41310734289,"Burkina Faso","Boucle du Mouhoun","Solenzo","300",393167
"160",160,39716.7735066695,0.000184165629340221,0.000362864860149227,0.0554861891611138,8.35677177772771,351192.661648682,2249.15203965094,353449.226493331,12463.2487632461,2507.4145936121,"Burkina Faso","Boucle du Mouhoun","Solenzo","300",393167
"161",161,39716.773473918,0.000152389046969208,0.000300249494420806,0.0489705997476006,7.85173134585689,351192.717614888,2249.60775660969,353449.226526082,12463.2487677294,2507.41590535662,"Burkina Faso","Boucle du Mouhoun","Solenzo","300",393167
"162",162,39716.7734468183,0.000126094168994449,0.000248441176443589,0.0432198860144569,7.37714054085055,351192.769887949,2250.03593027042,353449.226553182,12463.2487714391,2507.41706306354,"Burkina Faso","Boucle du Mouhoun","Solenzo","300",393167
"163",163,39716.773424395,0.000104335329702136,0.00020557473127924,0.038144297995925,6.93117203145833,351192.818727859,2250.4382215062,353449.226575605,12463.2487745085,2507.41808481612,"Burkina Faso","Boucle du Mouhoun","Solenzo","300",393167
"164",164,39716.7734058402,0.0000863332524800414,0.000170100489907479,0.0336646101982727,6.512107143142,351192.864374484,2250.81619148926,353449.22659416,12463.2487770485,2507.41898657565,"Burkina Faso","Boucle du Mouhoun","Solenzo","300",393167
"165",165,39716.7733904873,0.00007143638777788,0.000140749455680846,0.0297108880761716,6.11832951599689,351192.9070493,2251.17130762286,353449.226609513,12463.2487791501,2507.41978243029,"Burkina Faso","Boucle du Mouhoun","Solenzo","300",393167
"166",166,39716.773377784,0.0000591090246537795,0.000116464873632176,0.0262214000234582,5.748319118616,351192.946956997,2251.50494912653,353449.226622216,12463.248780889,2507.42048481476,"Burkina Faso","Boucle du Mouhoun","Solenzo","300",393167
"167",167,39716.773367272,0.0000489105609874055,0.0000963670693979938,0.0231416559990279,5.40064659973131,351192.984286901,2251.81841229412,353449.226632728,12463.248782328,2507.42110470431,"Burkina Faso","Boucle du Mouhoun","Solenzo","300",393167
"168",168,39716.7733585741,0.0000404710313954835,0.0000797387762901181,0.0204235582512562,5.07396796007169,351193.019214255,2252.11291544323,353449.226641426,12463.2487835186,2507.42165178588,"Burkina Faso","Boucle du Mouhoun","Solenzo","300",393167
"169",169,39716.7733513773,0.0000334869516610445,0.0000659812845812923,0.0180246524434598,4.76701952754508,351193.051901401,2252.38960357358,353449.226648623,12463.2487845038,2507.4221346093,"Burkina Faso","Boucle du Mouhoun","Solenzo","300",393167
"170",170,39716.7733454219,0.000027709420556051,0.0000545948252945253,0.0159074659465056,4.47861321971959,351193.082498837,2252.64955275087,353449.226654579,12463.248785319,2507.42256072068,"Burkina Faso","Boucle du Mouhoun","Solenzo","300",393167
"171",171,39716.7733404943,0.0000229281756142851,0.000045174355802544,0.0140389232793021,4.20763207819766,351193.11114617,2252.8937742318,353449.226659506,12463.2487859936,2507.4229367802,"Burkina Faso","Boucle du Mouhoun","Solenzo","300",393167
"172",172,39716.7733364171,0.000018971296605677,0.0000373805811386387,0.0123898286258591,3.9530260357416,351193.137972999,2253.12321836771,353449.226663583,12463.2487865517,2507.42326866653,"Burkina Faso","Boucle du Mouhoun","Solenzo","300",393167
"173",173,39716.773333043,0.0000156980129827244,0.0000309296013028851,0.0109344098556926,3.71380795869847,351193.163099712,2253.338778249,353449.226666957,12463.2487870135,2507.4235615687,"Burkina Faso","Boucle du Mouhoun","Solenzo","300",393167
"174",174,39716.7733302513,0.0000129894073637775,0.0000255921109041442,0.0096499334042625,3.48905003981924,351193.186638173,2253.5412930215,353449.226669749,12463.2487873957,2507.4238200637,"Burkina Faso","Boucle du Mouhoun","Solenzo","300",393167
"175",175,39716.7733279414,0.0000107477397893758,0.0000211765648972482,0.00851632623463908,3.27788010327923,351193.208692424,2253.73155128049,353449.226672059,12463.2487877119,2507.42404819272,"Burkina Faso","Boucle du Mouhoun","Solenzo","300",393167
"176",176,39716.77332603,0.00000889319862522116,0.0000175223220360915,0.00751587097906254,3.07947834924841,351193.229359278,2253.91029405594,353449.22667397,12463.2487879735,2507.42424952251,"Burkina Faso","Boucle du Mouhoun","Solenzo","300",393167
"177",177,39716.7733244485,0.00000735882298310879,0.0000144986699999207,0.00663293895562683,2.89307433950349,351193.248728842,2254.07821757377,353449.226675552,12463.24878819,2507.42442719925,"Burkina Faso","Boucle du Mouhoun","Solenzo","300",393167
"178",178,39716.7733231399,0.00000608897301551565,0.000011997210398079,0.00585371985868495,2.7179437709842,351193.266885075,2254.23597620874,353449.226676861,12463.2487883692,2507.42458400292,"Burkina Faso","Boucle du Mouhoun","Solenzo","300",393167
"179",179,39716.7733220571,0.00000503829429427772,0.00000992708928552708,0.00516602892046129,2.55340594779985,351193.283906206,2254.38418479459,353449.226677943,12463.2487885174,2507.42472238623,"Burkina Faso","Boucle du Mouhoun","Solenzo","300",393167
"180",180,39716.7733211611,0.00000416898978103728,0.00000821404345244122,0.00455911989212841,2.39882121560057,351193.299865154,2254.52342096698,353449.226678839,12463.24878864,2507.42484451224,"Burkina Faso","Boucle du Mouhoun","Solenzo","300",393167
"181",181,39716.7733204197,0.00000344955263271908,0.00000679685027467848,0.00402350469595996,2.25358839938179,351193.314829928,2254.65422750219,353449.226679581,12463.2487887415,2507.42495229071,"Burkina Faso","Boucle du Mouhoun","Solenzo","300",393167
"182",182,39716.7733198063,0.00000285434248985847,0.00000562401681376938,0.00355080944338638,2.11714252789825,351193.328863987,2254.77711439125,353449.226680194,12463.2487888255,2507.42504740706,"Burkina Faso","Boucle du Mouhoun","Solenzo","300",393167
"183",183,39716.7733192986,0.00000236188404855571,0.00000465346876690692,0.00313364376575188,1.98895266822484,351193.342026562,2254.89256081248,353449.226680702,12463.248788895,2507.42513134876,"Burkina Faso","Boucle du Mouhoun","Solenzo","300",393167
"184",184,39716.7733188787,0.00000195428097195508,0.00000385062229118899,0.00276548505624183,1.86851988555446,351193.354372957,2255.00101698869,353449.226681122,12463.2487889525,2507.42520542854,"Burkina Faso","Boucle du Mouhoun","Solenzo","300",393167
"185",185,39716.7733185311,0.00000161707522581039,0.00000318617925411728,0.00244057680743021,1.75537532472073,351193.365954832,2255.10290593222,353449.226681469,12463.2487890001,2507.42527080496,"Burkina Faso","Boucle du Mouhoun","Solenzo","300",393167
"186",186,39716.7733182435,0.00000133809372035539,0.00000263630995785609,0.00215383856532891,1.6490784052104,351193.376820453,2255.19862508574,353449.226681757,12463.2487890394,2507.42532850048,"Burkina Faso","Boucle du Mouhoun","Solenzo","300",393167
"187",187,39716.7733180056,0.00000110715708315112,0.00000218150539482107,0.00190078655744396,1.54921512358023,351193.387014931,2255.28854786448,353449.226681995,12463.248789072,2507.42537941744,"Burkina Faso","Boucle du Mouhoun","Solenzo","300",393167
"188",188,39716.7733178087,0.000000916120351618588,0.00000180507621682219,0.00167746365837599,1.45539645689895,351193.396580444,2255.37302510578,353449.226682192,12463.2487890989,2507.42542435221,"Burkina Faso","Boucle du Mouhoun","Solenzo","300",393167
"189",189,39716.7733176458,0.000000758079465717462,0.00000149353242746892,0.00148037736635135,1.36725685949371,351193.405556433,2255.45238643331,353449.226682355,12463.2487891212,2507.42546400761,"Burkina Faso","Boucle du Mouhoun","Solenzo","300",393167
"190",190,39716.773317511,0.000000627228401592539,0.00000123590349607792,0.00130644566347928,1.28445285608945,351193.413979791,2255.52694153301,353449.22668249,12463.2487891397,2507.42549900387,"Burkina Faso","Boucle du Mouhoun","Solenzo","300",393167
"191",191,39716.7733173994,0.000000519015136820245,0.00000102261447204439,0.00115294854650514,1.20666171080437,351193.42188504,2255.59698135979,353449.226682601,12463.248789155,2507.42552988835,"Burkina Faso","Boucle du Mouhoun","Solenzo","300",393167
"192",192,39716.7733173071,0.00000042947996600157,0.000000846118024403549,0.00101748537067608,1.1335801777702,351193.429304485,2255.66277926972,353449.226682693,12463.2487891676,2507.42555714413,"Burkina Faso","Boucle du Mouhoun","Solenzo","300",393167
"193",193,39716.7733172308,0.000000355306575087798,0.000000700248938674633,0.000897937487131588,1.06492332867586,351193.436268366,2255.72459208198,353449.22668277,12463.2487891781,2507.42558119754,"Burkina Faso","Boucle du Mouhoun","Solenzo","300",393167
"194",194,39716.7733171676,0.000000294045057297036,0.000000579326885230964,0.000792435164833819,1.00042344994875,351193.442804997,2255.78266107739,353449.226682833,12463.2487891867,2507.42560242482,"Burkina Faso","Boucle du Mouhoun","Solenzo","300",393167
"195",195,39716.7733171153,0.000000243331849088444,0.000000479314279022741,0.000699328289971413,0.939829005152283,351193.448940891,2255.83721293758,353449.226682885,12463.2487891939,2507.42562115802,"Burkina Faso","Boucle du Mouhoun","Solenzo","300",393167
"196",196,39716.773317072,0.000000201320764944532,0.000000396654793693911,0.000617160606702545,0.88290365996142,351193.454700883,2255.88846062719,353449.226682928,12463.2487891998,2507.42563769017,"Burkina Faso","Boucle du Mouhoun","Solenzo","300",393167
"197",197,39716.7733170362,0.000000166582264280578,0.000000328212001180581,0.000544646924175273,0.829425365349351,351193.460108234,2255.93660422306,353449.226682964,12463.2487892047,2507.42565227986,"Burkina Faso","Boucle du Mouhoun","Solenzo","300",393167
"198",198,39716.7733170066,0.000000137841040031699,0.000000271573029742669,0.000480653031407132,0.779185496154651,351193.465184742,2255.98183169325,353449.226682994,12463.2487892088,2507.42566515532,"Burkina Faso","Boucle du Mouhoun","Solenzo","300",393167
"199",199,39716.7733169821,0.000000114050680991247,0.000000224723856468424,0.00042417795581527,0.731988040813236,351193.469950831,2256.02431962944,353449.226683018,12463.2487892121,2507.42567651797,"Burkina Faso","Boucle du Mouhoun","Solenzo","300",393167
"200",200,39716.7733169618,0.0000000943745491771029,0.000000185939901748591,0.000374338257525255,0.687648837110466,351193.474425645,2256.0642339376,353449.226683039,12463.2487892149,2507.42568654555,"Burkina Faso","Boucle du Mouhoun","Solenzo","300",393167
"201",201,39716.773316945,0.0000000780923516305368,0.000000153850520919414,0.000330354415867082,0.645994867546739,351193.478627127,2256.10173047465,353449.226683055,12463.2487892172,2507.42569539493,"Burkina Faso","Boucle du Mouhoun","Solenzo","300",393167
"202",202,39716.7733169311,0.0000000646150346328754,0.000000127307539944272,0.000291538456420806,0.606863577697493,351193.482572097,2256.13695566414,353449.226683069,12463.2487892191,2507.42570320452,"Burkina Faso","Boucle du Mouhoun","Solenzo","300",393167
"203",203,39716.7733169196,0.0000000534662566536666,0.000000105338759877414,0.000257283193116951,0.570102244029836,351193.486276327,2256.17004706723,353449.226683081,12463.2487892207,2507.42571009651,"Burkina Faso","Boucle du Mouhoun","Solenzo","300",393167
"204",204,39716.7733169101,0.0000000442398059098523,0.000000087164418206194,0.00022705289298262,0.535567389437173,351193.489754606,2256.20113391031,353449.22668309,12463.248789222,2507.42571617867,"Burkina Faso","Boucle du Mouhoun","Solenzo","300",393167
"205",205,39716.7733169023,0.0000000366051363273043,0.0000000721267247638428,0.000200374576028798,0.503124206950706,351193.493020803,2256.2303376053,353449.226683098,12463.248789223,2507.42572154618,"Burkina Faso","Boucle du Mouhoun","Solenzo","300",393167
"206",206,39716.7733168957,0.0000000302886366864507,0.0000000596815313770647,0.000176830785452714,0.472646041786637,351193.496087925,2256.25777221712,353449.226683105,12463.2487892239,2507.42572628303,"Burkina Faso","Boucle du Mouhoun","Solenzo","300",393167
"207",207,39716.7733168904,0.0000000250621250512438,0.000000049383780306846,0.000156053323606403,0.444013915954336,351193.498968174,2256.28354489261,353449.22668311,12463.2487892247,2507.4257304633,"Burkina Faso","Boucle du Mouhoun","Solenzo","300",393167
"208",208,39716.7733168859,0.0000000207377123201197,0.0000000408624188135467,0.000137717157991922,0.417116047064213,351193.501672994,2256.3077562948,353449.226683114,12463.2487892253,2507.42573415239,"Burkina Faso","Boucle du Mouhoun","Solenzo","300",393167
"209",209,39716.7733168822,0.0000000171598105447625,0.0000000338107187687556,0.000121535443207348,0.391847417510742,351193.504213123,2256.33050099146,353449.226683118,12463.2487892258,2507.42573740802,"Burkina Faso","Boucle du Mouhoun","Solenzo","300",393167
"210",210,39716.7733168792,0.0000000141988287931866,0.0000000279766483284813,0.000107255040073258,0.368109365842891,351193.506598634,2256.35186782375,353449.226683121,12463.2487892262,2507.42574028112,"Burkina Faso","Boucle du Mouhoun","Solenzo","300",393167
"211",211,39716.7733168766,0.0000000117488211893993,0.0000000231491416225684,0.0000946525594744799,0.345809202900002,351193.508838981,2256.37194025235,353449.226683124,12463.2487892265,2507.42574281663,"Burkina Faso","Boucle du Mouhoun","Solenzo","300",393167
"212",212,39716.7733168745,0.00000000972170668476438,0.000000019154395254371,0.0000835308572472506,0.324859850043849,351193.510943032,2256.39079668375,353449.226683126,12463.2487892268,2507.42574505421,"Burkina Faso","Boucle du Mouhoun","Solenzo","300",393167
"213",213,39716.7733168728,0.00000000804389751117927,0.0000000158498940653906,0.0000737159443963718,0.305179499674349,351193.512919112,2256.40851077628,353449.226683128,12463.2487892271,2507.42574702888,"Burkina Faso","Boucle du Mouhoun","Solenzo","300",393167
"214",214,39716.7733168714,0.00000000665602942949336,0.0000000131147325459581,0.0000650542758794153,0.286691296683363,351193.514775031,2256.42515172735,353449.226683129,12463.2487892273,2507.42574877152,"Burkina Faso","Boucle du Mouhoun","Solenzo","300",393167
"215",215,39716.7733168702,0.00000000550777751996625,0.0000000108512594123675,0.0000574103486294922,0.269323038921734,351193.516518121,2256.44078454343,353449.22668313,12463.2487892274,2507.4257503094,"Burkina Faso","Boucle du Mouhoun","Solenzo","300",393167
"216",216,39716.7733168692,0.00000000455698760865115,0.00000000897967149612489,0.000050664580216322,0.253006895645379,351193.518155264,2256.45547029384,353449.226683131,12463.2487892276,2507.42575166658,"Burkina Faso","Boucle du Mouhoun","Solenzo","300",393167
"217",217,39716.7733168684,0.00000000377092716120037,0.00000000742971135801569,0.0000447114388809774,0.237679143029787,351193.519692917,2256.46926634913,353449.226683132,12463.2487892277,2507.42575286429,"Burkina Faso","Boucle du Mouhoun","Solenzo","300",393167
"218",218,39716.7733168678,0.00000000312047334472091,0.00000000614725776117267,0.0000394577921763627,0.223279915664407,351193.521137145,2256.48222660504,353449.226683133,12463.2487892278,2507.42575392126,"Burkina Faso","Boucle du Mouhoun","Solenzo","300",393167
"219",219,39716.7733168672,0.00000000258143495373771,0.00000000508771163804531,0.0000348214503505785,0.209752973067524,351193.522493638,2256.49440169288,353449.226683133,12463.2487892278,2507.42575485404,"Burkina Faso","Boucle du Mouhoun","Solenzo","300",393167
"220",220,39716.7733168667,0.00000000213647770069733,0.00000000420888562038697,0.0000307298808510044,0.19704548031383,351193.52376774,2256.50583917721,353449.226683134,12463.2487892279,2507.42575567722,"Burkina Faso","Boucle du Mouhoun","Solenzo","300",393167
"221",221,39716.7733168664,0.00000000176797761490284,0.00000000348233473454309,0.0000271190732707889,0.18510780192319,351193.524964466,2256.51658374157,353449.226683134,12463.2487892279,2507.42575640367,"Burkina Faso","Boucle du Mouhoun","Solenzo","300",393167
"222",222,39716.773316866,0.00000000146212485754066,0.00000000288299943210261,0.0000239325383140731,0.173893308211262,351193.526088526,2256.5266773629,353449.226683134,12463.248789228,2507.42575704477,"Burkina Faso","Boucle du Mouhoun","Solenzo","300",393167
"223",223,39716.7733168658,0.00000000121063582853468,0.00000000238395099597259,0.0000211204242352099,0.163358193349764,351193.527144342,2256.53615947546,353449.226683135,12463.248789228,2507.42575761053,"Burkina Faso","Boucle du Mouhoun","Solenzo","300",393167
"224",224,39716.7733168656,0.00000000100171082846766,0.00000000197265109980001,0.0000186387364727702,0.153461304429712,351193.528136064,2256.54506712485,353449.226683135,12463.2487892281,2507.42575810982,"Burkina Faso","Boucle du Mouhoun","Solenzo","300",393167
"225",225,39716.7733168654,0.000000000827890458981542,0.00000000163418503997849,0.000016448649900309,0.144163980863295,351193.52906759,2256.55343511261,353449.226683135,12463.2487892281,2507.42575855043,"Burkina Faso","Boucle du Mouhoun","Solenzo","300",393167
"226",226,39716.7733168652,0.000000000686302663132243,0.00000000134970921499633,0.0000145159014859837,0.135429903500145,351193.529942581,2256.5612961322,353449.226683135,12463.2487892281,2507.42575893928,"Burkina Faso","Boucle du Mouhoun","Solenzo","300",393167
"227",227,39716.7733168651,0.000000000567502432865215,0.00000000111755861261506,0.0000128102536425236,0.12722495287132,351193.530764474,2256.56868089661,353449.226683135,12463.2487892281,2507.42575928243,"Burkina Faso","Boucle du Mouhoun","Solenzo","300",393167
"228",228,39716.773316865,0.000000000468465671721707,0.000000000926915541144668,0.0000113050219709117,0.11951707600951,351193.531536495,2256.57561825833,353449.226683135,12463.2487892281,2507.42575958527,"Burkina Faso","Boucle du Mouhoun","Solenzo","300",393167
"229",229,39716.773316865,0.000000000389513419029585,0.00000000076326611459737,0.00000997665763523773,0.112276161327209,351193.532261674,2256.58213532207,353449.226683135,12463.2487892281,2507.42575985252,"Burkina Faso","Boucle du Mouhoun","Solenzo","300",393167
"230",230,39716.7733168649,0.000000000321517414338511,0.000000000633109555678881,0.00000880437820245844,0.10547392106725,351193.532942859,2256.58825755057,353449.226683135,12463.2487892282,2507.42576008837,"Burkina Faso","Boucle du Mouhoun","Solenzo","300",393167
"231",231,39716.7733168648,0.000000000264698713192036,0.00000000052650649402501,0.00000776984383004891,0.0990837808945115,351193.53358272,2256.59400886405,353449.226683136,12463.2487892282,2507.4257602965,"Burkina Faso","Boucle du Mouhoun","Solenzo","300",393167
"232",232,39716.7733168648,0.000000000220615580623421,0.000000000432522830619871,0.00000685686969847163,0.0930807761114475,351193.534183768,2256.59941173366,353449.226683136,12463.2487892282,2507.42576048018,"Burkina Faso","Boucle du Mouhoun","Solenzo","300",393167
"233",233,39716.7733168647,0.000000000182143713619633,0.000000000358687577859215,0.00000605117172928617,0.0874414541103265,351193.53474836,2256.60448726935,353449.226683136,12463.2487892282,2507.42576064227,"Burkina Faso","Boucle du Mouhoun","Solenzo","300",393167
"234",234,39716.7733168647,0.000000000149761797267878,0.000000000298673091558832,0.00000534014480096489,0.0821437828993804,351193.53527871,2256.60925530218,353449.226683136,12463.2487892282,2507.42576078532,"Burkina Faso","Boucle du Mouhoun","Solenzo","300",393167
"235",235,39716.7733168647,0.000000000125228477329482,0.000000000244559207039154,0.00000471266511443352,0.0771670650720919,351193.535776896,2256.61373446184,353449.226683136,12463.2487892282,2507.42576091156,"Burkina Faso","Boucle du Mouhoun","Solenzo","300",393167
"236",236,39716.7733168647,0.000000000103308949745459,0.00000000020297351673119,0.00000415891549843304,0.0724918569594706,351193.53624487,2256.61794224941,353449.226683136,12463.2487892282,2507.42576102297,"Burkina Faso","Boucle du Mouhoun","Solenzo","300",393167
"237",237,39716.7733168646,0.0000000000846815894581606,0.000000000169529052245688,0.00000367023262245454,0.0680998927002809,351193.536684467,2256.62189510573,353449.226683136,12463.2487892282,2507.42576112129,"Burkina Faso","Boucle du Mouhoun","Solenzo","300",393167
"238",238,39716.7733168646,0.0000000000710925735428088,0.000000000138261298559235,0.00000323897117023627,0.0639740129074265,351193.537097408,2256.62560847563,353449.226683136,12463.2487892282,2507.42576120805,"Burkina Faso","Boucle du Mouhoun","Solenzo","300",393167
"239",239,39716.7733168646,0.0000000000585869738240169,0.000000000114874117543031,0.00000285838383227768,0.0600980976533787,351193.537485311,2256.62909686827,353449.226683136,12463.2487892282,2507.42576128462,"Burkina Faso","Boucle du Mouhoun","Solenzo","300",393167
"240",240,39716.7733168646,0.0000000000478209635440906,0.0000000000963465194164289,0.00000252251635889221,0.0564570035131101,351193.537849696,2256.63237391381,353449.226683136,12463.2487892282,2507.42576135219,"Burkina Faso","Boucle du Mouhoun","Solenzo","300",393167
"241",241,39716.7733168646,0.0000000000403804471753879,0.0000000000781238580591611,0.00000222611419036957,0.0530365044189521,351193.538191988,2256.63545241667,353449.226683136,12463.2487892282,2507.42576141182,"Burkina Faso","Boucle du Mouhoun","Solenzo","300",393167
"242",242,39716.7733168646,0.0000000000332363827275192,0.0000000000649910356495703,0.00000196453992404868,0.0498232360967617,351193.53851353,2256.63834440552,353449.226683136,12463.2487892282,2507.42576146445,"Burkina Faso","Boucle du Mouhoun","Solenzo","300",393167
"243",243,39716.7733168646,0.0000000000269659802670413,0.0000000000548317346895472,0.00000173370124930546,0.0468046438666108,351193.538815578,2256.64106118032,353449.226683136,12463.2487892282,2507.42576151089,"Burkina Faso","Boucle du Mouhoun","Solenzo","300",393167
"244",244,39716.7733168646,0.0000000000229566668554404,0.0000000000441022048609473,0.00000152998675952043,0.043968933604438,351193.539099316,2256.64361335645,353449.226683136,12463.2487892282,2507.42576155187,"Burkina Faso","Boucle du Mouhoun","Solenzo","300",393167
"245",245,39716.7733168646,0.0000000000188664653546946,0.0000000000367465107900764,0.00000135020918441736,0.0413050256733249,351193.539365854,2256.64601090614,353449.226683136,12463.2487892282,2507.42576158804,"Burkina Faso","Boucle du Mouhoun","Solenzo","300",393167
"246",246,39716.7733168646,0.0000000000151752605579367,0.0000000000312644789825343,0.00000119155591282981,0.0388025116446091,351193.539616235,2256.64826319749,353449.226683136,12463.2487892282,2507.42576161996,"Burkina Faso","Boucle du Mouhoun","Solenzo","300",393167
"247",247,39716.7733168646,0.0000000000130676812712844,0.0000000000248630884811469,0.00000105154486498076,0.0364516136400148,351193.53985144,2256.65037903104,353449.226683136,12463.2487892282,2507.42576164813,"Burkina Faso","Boucle du Mouhoun","Solenzo","300",393167
"248",248,39716.7733168646,0.0000000000107195022297812,0.0000000000207568438047216,0.000000927985441361448,0.0342431461361158,351193.540072388,2256.65236667417,353449.226683136,12463.2487892282,2507.42576167299,"Burkina Faso","Boucle du Mouhoun","Solenzo","300",393167
"249",249,39716.7733168646,0.00000000000851551731555149,0.0000000000178733558226848,0.000000818944559226123,0.0321684800820349,351193.540279943,2256.65423389336,353449.226683136,12463.2487892282,2507.42576169493,"Burkina Faso","Boucle du Mouhoun","Solenzo","300",393167
"250",250,39716.7733168646,0.0000000000074515664999329,0.0000000000139905146856665,0.000000722716315391507,0.0302195091903767,351193.540474919,2256.65598798459,353449.226683136,12463.2487892282,2507.42576171429,"Burkina Faso","Boucle du Mouhoun","Solenzo","300",393167
"251",251,39716.7733168646,0.00000000000609905039512091,0.0000000000117079385839724,0.000000637795118186852,0.0283886182697993,351193.540658078,2256.65763580179,353449.226683136,12463.2487892282,2507.42576173137,"Burkina Faso","Boucle du Mouhoun","Solenzo","300",393167
"252",252,39716.7733168646,0.00000000000475876794868886,0.0000000000102549427407511,0.000000562852377847884,0.0266686534755893,351193.540830136,2256.65918378368,353449.226683136,12463.2487892282,2507.42576174645,"Burkina Faso","Boucle du Mouhoun","Solenzo","300",393167
"253",253,39716.7733168646,0.00000000000425918524250645,0.00000000000785189980592304,0.000000496715649836914,0.0250528943621369,351193.540991766,2256.66063797886,353449.226683136,12463.2487892282,2507.42576175976,"Burkina Faso","Boucle du Mouhoun","Solenzo","300",393167
"254",254,39716.7733168646,0.00000000000347722082493444,0.00000000000658972603312281,0.000000438350145493425,0.0235350276281946,351193.5411436,2256.66200406948,353449.226683136,12463.2487892282,2507.4257617715,"Burkina Faso","Boucle du Mouhoun","Solenzo","300",393167
"255",255,39716.7733168646,0.00000000000264347607489578,0.00000000000591321354464355,0.000000386842737934139,0.0221091224523939,351193.541286233,2256.66328739347,353449.226683136,12463.2487892282,2507.42576178186,"Burkina Faso","Boucle du Mouhoun","Solenzo","300",393167
"256",256,39716.7733168646,0.00000000000244225909017721,0.00000000000439062057188221,0.000000341387623034506,0.0207696073227478,351193.541420222,2256.66449296532,353449.226683136,12463.2487892282,2507.42576179101,"Burkina Faso","Boucle du Mouhoun","Solenzo","300",393167
"257",257,39716.7733168646,0.00000000000198830302030534,0.00000000000369713225106293,0.000000301273593055421,0.0195112482696592,351193.541546091,2256.66562549573,353449.226683136,12463.2487892282,2507.42576179908,"Burkina Faso","Boucle du Mouhoun","Solenzo","300",393167
"258",258,39716.7733168646,0.00000000000145555191933095,0.00000000000343288986437312,0.000000265873064986039,0.0183291284174233,351193.541664332,2256.66668941,353449.226683136,12463.2487892282,2507.4257618062,"Burkina Faso","Boucle du Mouhoun","Solenzo","300",393167
"259",259,39716.7733168646,0.00000000000140639578299953,0.0000000000024425403576563,0.000000234632222367189,0.0172186287743953,351193.541775407,2256.66768886534,353449.226683136,12463.2487892282,2507.42576181248,"Burkina Faso","Boucle du Mouhoun","Solenzo","300",393167
"260",260,39716.7733168646,0.0000000000011417594536228,0.00000000000206434825412555,0.00000020706225330985,0.0161754101868016,351193.541879752,2256.66862776706,353449.226683136,12463.2487892282,2507.42576181803,"Burkina Faso","Boucle du Mouhoun","Solenzo","300",393167
"261",261,39716.7733168646,0.000000000000790943008943122,0.00000000000201118398667774,0.000000182731826387861,0.0151953963857052,351193.541977773,2256.66950978389,353449.226683136,12463.2487892282,2507.42576182292,"Burkina Faso","Boucle du Mouhoun","Solenzo","300",393167
"262",262,39716.7733168646,0.000000000000814458322211035,0.00000000000134891823539816,0.00000016126031306342,0.0142747580609352,351193.542069854,2256.67033836227,353449.226683136,12463.2487892282,2507.42576182724,"Burkina Faso","Boucle du Mouhoun","Solenzo","300",393167
"263",263,39716.7733168646,0.00000000000065961112170049,0.00000000000114435933969075,0.000000142311753280759,0.0134098978997767,351193.542156356,2256.67111673984,353449.226683136,12463.2487892282,2507.42576183106,"Burkina Faso","Boucle du Mouhoun","Solenzo","300",393167
"264",264,39716.7733168646,0.000000000000421146843227572,0.00000000000119249205373632,0.000000125589697385487,0.0125974365319753,351193.542237616,2256.6718479581,353449.226683136,12463.2487892282,2507.42576183442,"Burkina Faso","Boucle du Mouhoun","Solenzo","300",393167
"265",265,39716.7733168646,0.000000000000475138291059531,0.00000000000073716732253183,0.000000110832546517827,0.0118341993261762,351193.542313951,2256.67253487426,353449.226683136,12463.2487892282,2507.42576183739,"Burkina Faso","Boucle du Mouhoun","Solenzo","300",393167
"266",266,39716.7733168646,0.00000000000038430814740572,0.000000000000627394872027087,0.0000000978093951876255,0.0111172039862222,351193.542385662,2256.67318017242,353449.226683136,12463.2487892282,2507.42576184001,"Burkina Faso","Boucle du Mouhoun","Solenzo","300",393167
"267",267,39716.7733168646,0.000000000000217036591178899,0.000000000000718056069172023,0.0000000863164966064555,0.0104436488988541,351193.542453027,2256.67378637408,353449.226683136,12463.2487892282,2507.42576184232,"Burkina Faso","Boucle du Mouhoun","Solenzo","300",393167
"268",268,39716.7733168646,0.000000000000279810267055834,0.000000000000396684789099238,0.0000000761740592438943,0.00981090218730911,351193.54251631,2256.67435584796,353449.226683136,12463.2487892282,2507.42576184436,"Burkina Faso","Boucle du Mouhoun","Solenzo","300",393167
"269",269,39716.7733168646,0.000000000000226535035672289,0.000000000000338075544105722,0.0000000672233813384212,0.00921649142805777,351193.542575758,2256.67489081926,353449.226683136,12463.2487892282,2507.42576184616,"Burkina Faso","Boucle du Mouhoun","Solenzo","300",393167
"270",270,39716.7733168646,0.000000000000105720993814427,0.00000000000044076314352673,0.0000000593244298140923,0.00865809399050173,351193.542631604,2256.67539337839,353449.226683136,12463.2487892282,2507.42576184775,"Burkina Faso","Boucle du Mouhoun","Solenzo","300",393167
"271",271,39716.7733168646,0.000000000000166743611576894,0.000000000000208533794545573,0.0000000523536380031731,0.00813352796190667,351193.542684067,2256.67586548908,353449.226683136,12463.2487892282,2507.42576184915,"Burkina Faso","Boucle du Mouhoun","Solenzo","300",393167
"272",272,39716.7733168646,0.000000000000135640326021683,0.000000000000177144878549928,0.0000000462019296385503,0.00764074362211694,351193.54273335,2256.6763089961,353449.226683136,12463.2487892282,2507.42576185039,"Burkina Faso","Boucle du Mouhoun","Solenzo","300",393167
"273",273,39716.7733168646,0.000000000000046116492809842,0.000000000000276852299459516,0.0000000407730614033078,0.00717781543474246,351193.542779647,2256.67672563245,353449.226683136,12463.2487892282,2507.42576185148,"Burkina Faso","Boucle du Mouhoun","Solenzo","300",393167
"274",274,39716.7733168646,0.000000000000100816182405975,0.000000000000105628082468619,0.0000000359821089981848,0.00674293452353872,351193.542823139,2256.67711702613,353449.226683136,12463.2487892282,2507.42576185245,"Burkina Faso","Boucle du Mouhoun","Solenzo","300",393167
"275",275,39716.7733168646,0.0000000000000828835744334345,0.0000000000000884592804039906,0.0000000317541037210635,0.00633440160458661,351193.542863996,2256.67748470653,353449.226683136,12463.2487892282,2507.4257618533,"Burkina Faso","Boucle du Mouhoun","Solenzo","300",393167
"276",276,39716.7733168646,0.0000000000000151180818807877,0.000000000000178535164218099,0.0000000280228984876381,0.00595062034665597,351193.542902377,2256.67783011033,353449.226683136,12463.2487892282,2507.42576185405,"Burkina Faso","Boucle du Mouhoun","Solenzo","300",393167
"277",277,39716.7733168646,0.0000000000000620127410442814,0.0000000000000501926082648957,0.0000000247301271662348,0.00559009113381956,351193.542938433,2256.67815458722,353449.226683136,12463.2487892282,2507.42576185471,"Burkina Faso","Boucle du Mouhoun","Solenzo","300",393167
"278",278,39716.7733168646,0.0000000000000519436690643978,0.0000000000000402880101709162,0.0000000218242632005033,0.00525140520594852,351193.542972304,2256.67845940508,353449.226683136,12463.2487892282,2507.4257618553,"Burkina Faso","Boucle du Mouhoun","Solenzo","300",393167
"279",279,39716.7733168646,-0.000000000000000227257302013106,0.000000000000118468818834467,0.0000000192598443237004,0.00493323915419355,351193.543004123,2256.67874575499,353449.226683136,12463.2487892282,2507.42576185581,"Burkina Faso","Boucle du Mouhoun","Solenzo","300",393167
"280",280,39716.7733168646,0.0000000000000389020224981492,0.0000000000000210079152128633,0.0000000169967572832391,0.00463434974995124,351193.543034013,2256.67901475587,353449.226683136,12463.2487892282,2507.42576185627,"Burkina Faso","Boucle du Mouhoun","Solenzo","300",393167
"281",281,39716.7733168646,0.0000000000000335408816032272,0.0000000000000147202444796139,0.0000000149995873549568,0.00435356908711198,351193.543062093,2256.67926745883,353449.226683136,12463.2487892282,2507.42576185667,"Burkina Faso","Boucle du Mouhoun","Solenzo","300",393167
"282",282,39716.7733168646,-0.00000000000000714802790917647,0.0000000000000809463372525612,0.0000000132370887261381,0.00408980001860777,351193.543088472,2256.67950485131,353449.226683136,12463.2487892282,2507.42576185702,"Burkina Faso","Boucle du Mouhoun","Solenzo","300",393167
"283",283,39716.7733168646,0.0000000000000249358390344074,0.00000000000000619441971020148,0.0000000116816929338205,0.00384201186943399,351193.543113252,2256.67972786092,353449.226683136,12463.2487892282,2507.42576185734,"Burkina Faso","Boucle du Mouhoun","Solenzo","300",393167
"284",284,39716.7733168646,0.0000000000000223894786656523,0.00000000000000166505355686321,0.0000000103090589748309,0.00360923640939575,351193.54313653,2256.67993735909,353449.226683136,12463.2487892282,2507.42576185761,"Burkina Faso","Boucle du Mouhoun","Solenzo","300",393167
"285",285,39716.7733168646,-0.00000000000000965126158365416,0.0000000000000568955927909219,0.00000000909771185532037,0.0033905640698415,351193.543158398,2256.68013416441,353449.226683136,12463.2487892282,2507.42576185786,"Burkina Faso","Boucle du Mouhoun","Solenzo","300",393167
"286",286,39716.7733168646,0.0000000000000163481120277887,-0.000000000000000867053581412238,0.00000000802870483257692,0.00318514038960539,351193.543178942,2256.68031904592,353449.226683136,12463.2487892282,2507.42576185807,"Burkina Faso","Boucle du Mouhoun","Solenzo","300",393167
"287",287,39716.7733168646,0.0000000000000154706931933914,-0.00000000000000454664015897985,0.00000000708530793424298,0.00299216267627205,351193.54319824,2256.68049272603,353449.226683136,12463.2487892282,2507.42576185826,"Burkina Faso","Boucle du Mouhoun","Solenzo","300",393167
"288",288,39716.7733168646,-0.00000000000000993633281725936,0.0000000000000410375762138067,0.0000000062527615495734,0.00281087686971694,351193.54321637,2256.68065588341,353449.226683136,12463.2487892282,2507.42576185843,"Burkina Faso","Boucle du Mouhoun","Solenzo","300",393167
"289",289,39716.7733168646,0.0000000000000109612269744917,-0.00000000000000383975413559206,0.00000000551804440548244,0.00264057459566985,351193.5432334,2256.68080915559,353449.226683136,12463.2487892282,2507.42576185858,"Burkina Faso","Boucle du Mouhoun","Solenzo","300",393167
"290",290,39716.7733168646,0.0000000000000110537608559563,-0.00000000000000708607857533897,0.00000000486965765148686,0.0024805903977893,351193.543249399,2256.68095314148,353449.226683136,12463.2487892282,2507.42576185871,"Burkina Faso","Boucle du Mouhoun","Solenzo","300",393167
"291",291,39716.7733168646,-0.00000000000000919251464922507,0.0000000000000302697672944543,0.00000000429745709292168,0.00233029913743119,351193.543264429,2256.68108840372,353449.226683136,12463.2487892282,2507.42576185882,"Burkina Faso","Boucle du Mouhoun","Solenzo","300",393167
"292",292,39716.7733168646,0.00000000000000750713654882537,-0.00000000000000473132600430133,0.00000000379249384942547,0.00218911355095404,351193.543278548,2256.68121547084,353449.226683136,12463.2487892282,2507.42576185892,"Burkina Faso","Boucle du Mouhoun","Solenzo","300",393167
"293",293,39716.7733168646,0.00000000000000814080636156175,-0.0000000000000077156975895357,0.0000000033468644759806,0.00205648195501635,351193.543291811,2256.68133483936,353449.226683136,12463.2487892282,2507.42576185901,"Burkina Faso","Boucle du Mouhoun","Solenzo","300",393167
"294",294,39716.7733168646,-0.00000000000000804806945039268,0.0000000000000227448473048972,0.00000000295359690994459,0.00193188609089889,351193.543304271,2256.6814469757,353449.226683136,12463.2487892282,2507.42576185909,"Burkina Faso","Boucle du Mouhoun","Solenzo","300",393167
"295",295,39716.7733168646,0.00000000000000524065318927786,-0.00000000000000462635974339289,0.00000000260654108619871,0.00181483909943054,351193.543315976,2256.68155231806,353449.226683136,12463.2487892282,2507.42576185916,"Burkina Faso","Boucle du Mouhoun","Solenzo","300",393167
"296",296,39716.7733168646,0.00000000000000615190480403637,-0.0000000000000074052108009776,0.00000000230026473096197,0.001704883618605,351193.543326972,2256.68165127805,353449.226683136,12463.2487892282,2507.42576185922,"Burkina Faso","Boucle du Mouhoun","Solenzo","300",393167
"297",297,39716.7733168646,-0.00000000000000682245984982301,0.0000000000000173444006468456,0.00000000202997596031317,0.00160158999645415,351193.543337302,2256.68174424236,353449.226683136,12463.2487892282,2507.42576185928,"Burkina Faso","Boucle du Mouhoun","Solenzo","300",393167
"298",298,39716.7733168646,0.00000000000000371872438494298,-0.00000000000000409816890296913,0.00000000179144822656143,0.00150455461219634,351193.543347005,2256.68183157425,353449.226683136,12463.2487892282,2507.42576185933,"Burkina Faso","Boucle du Mouhoun","Solenzo","300",393167
"299",299,39716.7733168646,0.00000000000000474626040665411,-0.00000000000000667985460307245,0.00000000158094773429907,0.00141339829909978,351193.543356121,2256.68191361497,353449.226683136,12463.2487892282,2507.42576185937,"Burkina Faso","Boucle du Mouhoun","Solenzo","300",393167
"300",300,39716.7733168646,-0.00000000000000566745361610183,0.0000000000000133772423614224,0.00000000139518101949272,0.00132776486289768,351193.543364685,2256.68199068509,353449.226683136,12463.2487892282,2507.42576185941,"Burkina Faso","Boucle du Mouhoun","Solenzo","300",393167
"301",301,39716.7733168646,0.00000000000000265254433735408,-0.00000000000000339707107647806,0.00000000123124346942521,0.00124731968958319,351193.543372729,2256.68206308578,353449.226683136,12463.2487892282,2507.42576185944,"Burkina Faso","Boucle du Mouhoun","Solenzo","300",393167
"302",302,39716.7733168646,0.00000000000000508328395194301,-0.00000000000000850198231450428,0.0000000010865687626057,0.00117174843762351,351193.543380287,2256.68213109993,353449.226683136,12463.2487892282,2507.42576185947,"Burkina Faso","Boucle du Mouhoun","Solenzo","300",393167
"303",303,39716.7733168646,-0.00000000000000378307590129034,0.00000000000000870619423849952,0.000000000958892723240779,0.00110075579930796,351193.543387386,2256.68219499333,353449.226683136,12463.2487892282,2507.42576185949,"Burkina Faso","Boucle du Mouhoun","Solenzo","300",393167
"304",304,39716.7733168646,-0.00000000000000326840633897458,0.00000000000000747602990970426,0.000000000846219181322074,0.00103406437290486,351193.543394055,2256.68225501563,353449.226683136,12463.2487892282,2507.42576185952,"Burkina Faso","Boucle du Mouhoun","Solenzo","300",393167
"305",305,39716.7733168646,0.000000000000000539605461984099,-0.000000000000000205700666390405,0.000000000746785414001259,0.000971413573963008,351193.543400321,2256.68231140137,353449.226683136,12463.2487892282,2507.42576185954,"Burkina Faso","Boucle du Mouhoun","Solenzo","300",393167
"306",306,39716.7733168646,-0.00000000000000114041654071262,0.00000000000000295647614916192,0.000000000659035200523568,0.000912558594314827,351193.543406206,2256.68236437087,353449.226683136,12463.2487892282,2507.42576185955,"Burkina Faso","Boucle du Mouhoun","Solenzo","300",393167
"307",307,39716.7733168646,-0.00000000000000125518765700509,0.00000000000000306017747035527,0.00000000058159604736619,0.000857269457019171,351193.543411735,2256.6824141311,353449.226683136,12463.2487892282,2507.42576185957,"Burkina Faso","Boucle du Mouhoun","Solenzo","300",393167
"308",308,39716.7733168646,0.000000000000000483390914098795,-0.000000000000000466642159036675,0.000000000513256397565966,0.000805330118786479,351193.543416929,2256.68246087652,353449.226683136,12463.2487892282,2507.42576185958,"Burkina Faso","Boucle du Mouhoun","Solenzo","300",393167
"309",309,39716.7733168646,0.0000000000000000283117384011445,0.00000000000000034617399948851,0.000000000452946798977244,0.000756537625672892,351193.543421808,2256.68250478978,353449.226683136,12463.2487892282,2507.4257618596,"Burkina Faso","Boucle du Mouhoun","Solenzo","300",393167
"310",310,39716.7733168646,-0.000000000000000410367057231871,0.00000000000000114114098180591,0.000000000399723804774681,0.000710701320077762,351193.543426392,2256.68254604246,353449.226683136,12463.2487892282,2507.42576185961,"Burkina Faso","Boucle du Mouhoun","Solenzo","300",393167
"311",311,39716.7733168646,0.000000000000000204238136105995,-0.000000000000000127204685421134,0.000000000352754773191001,0.000667642095744241,351193.543430698,2256.68258479577,353449.226683136,12463.2487892282,2507.42576185962,"Burkina Faso","Boucle du Mouhoun","Solenzo","300",393167
"312",312,39716.7733168646,0.000000000000000148639849691875,-0.0000000000000000651478995924384,0.000000000311304745909802,0.000627191697900165,351193.543434743,2256.68262120114,353449.226683136,12463.2487892282,2507.42576185962,"Burkina Faso","Boucle du Mouhoun","Solenzo","300",393167
"313",313,39716.7733168646,-0.000000000000000133195463099124,0.00000000000000045085717438793,0.000000000274725240462766,0.000589192065801963,351193.543438543,2256.68265540081,353449.226683136,12463.2487892282,2507.42576185963,"Burkina Faso","Boucle du Mouhoun","Solenzo","300",393167
"314",314,39716.7733168646,0.0000000000000000602536744703389,0.0000000000000000371916335244613,0.000000000242443991722477,0.000553494715111389,351193.543442113,2256.68268752843,353449.226683136,12463.2487892282,2507.42576185964,"Burkina Faso","Boucle du Mouhoun","Solenzo","300",393167
"315",315,39716.7733168646,0.000000000000000100926090222784,-0.0000000000000000698481515718365,0.000000000213955904607253,0.00051996015769197,351193.543445466,2256.68271770954,353449.226683136,12463.2487892282,2507.42576185964,"Burkina Faso","Boucle du Mouhoun","Solenzo","300",393167
"316",316,39716.7733168646,-0.000000000000000033027670363464,0.000000000000000171819600987755,0.000000000188815265900953,0.000488457356558017,351193.543448617,2256.68274606207,353449.226683136,12463.2487892282,2507.42576185965,"Burkina Faso","Boucle du Mouhoun","Solenzo","300",393167
"317",317,39716.7733168646,0.0000000000000000134356471729173,0.0000000000000000618535560537453,0.000000000166628757370949,0.000458863213846429,351193.543451576,2256.6827726968,353449.226683136,12463.2487892282,2507.42576185965,"Burkina Faso","Boucle du Mouhoun","Solenzo","300",393167
"318",318,39716.7733168646,0.0000000000000000528616817931599,-0.000000000000000031068550947287,0.00000000014704924774575,0.00043106208981059,351193.543454356,2256.68279771781,353449.226683136,12463.2487892282,2507.42576185966,"Burkina Faso","Boucle du Mouhoun","Solenzo","300",393167
"319",319,39716.7733168646,-0.00000000000000000104423424817686,0.0000000000000000625308587389199,0.000000000129770399643092,0.000404945350956802,351193.543456968,2256.68282122288,353449.226683136,12463.2487892282,2507.42576185966,"Burkina Faso","Boucle du Mouhoun","Solenzo","300",393167
"320",320,39716.7733168646,0.00000000000000000226471889848833,0.0000000000000000455761840633023,0.000000000114521884803451,0.000380410945557649,351193.543459421,2256.68284330385,353449.226683136,12463.2487892282,2507.42576185966,"Burkina Faso","Boucle du Mouhoun","Solenzo","300",393167
"321",321,39716.7733168646,0.0000000000000000246780529883649,-0.00000000000000000721914135091859,0.000000000101065129518148,0.000357363004883598,351193.543461726,2256.682864047,353449.226683136,12463.2487892282,2507.42576185967,"Burkina Faso","Boucle du Mouhoun","Solenzo","300",393167
"322",322,39716.7733168646,0.00000000000000000601425486715788,0.000000000000000022409562556158,0.0000000000891895918341937,0.000335711468594675,351193.543463891,2256.68288353338,353449.226683136,12463.2487892282,2507.42576185967,"Burkina Faso","Boucle du Mouhoun","Solenzo","300",393167
"323",323,39716.7733168646,0.000000000000000000827221912504945,0.0000000000000000267178785107406,0.0000000000787094756020499,0.000315371732828432,351193.543465925,2256.68290183915,353449.226683136,12463.2487892282,2507.42576185967,"Burkina Faso","Boucle du Mouhoun","Solenzo","300",393167
"324",324,39716.7733168646,0.0000000000000000108889738611834,0.00000000000000000200167127091854,0.0000000000694608137001601,0.000296264319609116,351193.543467836,2256.68291903582,353449.226683136,12463.2487892282,2507.42576185967,"Burkina Faso","Boucle du Mouhoun","Solenzo","300",393167
"325",325,39716.7733168646,0.00000000000000000553087163491249,0.00000000000000000851121180557792,0.0000000000612989038721434,0.000278314566286275,351193.543469631,2256.6829351906,353449.226683136,12463.2487892282,2507.42576185967,"Burkina Faso","Boucle du Mouhoun","Solenzo","300",393167
"326",326,39716.7733168646,0.00000000000000000102158054535194,0.0000000000000000140467652966675,0.0000000000540960494717457,0.000261452333789269,351193.543471317,2256.68295036661,353449.226683136,12463.2487892282,2507.42576185967,"Burkina Faso","Boucle du Mouhoun","Solenzo","300",393167
"327",327,39716.7733168646,0.00000000000000000474721290861964,0.00000000000000000393498769784195,0.0000000000477395582837148,0.000245611732557702,351193.543472901,2256.68296462315,353449.226683136,12463.2487892282,2507.42576185968,"Burkina Faso","Boucle du Mouhoun","Solenzo","300",393167
"328",328,39716.7733168646,0.00000000000000000365945756044941,0.00000000000000000378519231281804,0.0000000000421299787062563,0.000230730865076852,351193.543474389,2256.68297801593,353449.226683136,12463.2487892282,2507.42576185968,"Burkina Faso","Boucle du Mouhoun","Solenzo","300",393167
"329",329,39716.7733168646,0.00000000000000000106633962526115,0.0000000000000000069970771210519,0.000000000037179545949185,0.000216751584012061,351193.543475787,2256.68299059729,353449.226683136,12463.2487892282,2507.42576185968,"Burkina Faso","Boucle du Mouhoun","Solenzo","300",393167
"330",330,39716.7733168646,0.00000000000000000213655121736444,0.00000000000000000331851373161064,0.000000000032810808050508,0.000203619264996983,351193.5434771,2256.68300241638,353449.226683136,12463.2487892282,2507.42576185968,"Burkina Faso","Boucle du Mouhoun","Solenzo","300",393167
"331",331,39716.7733168646,0.00000000000000000210550209830908,0.00000000000000000208063301592595,0.0000000000289553904139692,0.00019128258427881,351193.543478334,2256.68301351939,353449.226683136,12463.2487892282,2507.42576185968,"Burkina Faso","Boucle du Mouhoun","Solenzo","300",393167
"332",332,39716.7733168646,0.000000000000000000852990347017601,0.00000000000000000347367827174429,0.0000000000255531101731081,0.000179693392540642,351193.543479493,2256.68302394966,353449.226683136,12463.2487892282,2507.42576185968,"Burkina Faso","Boucle du Mouhoun","Solenzo","300",393167
"333",333,39716.7733168646,0.000000000000000000941922375567517,0.00000000000000000240925635306391,0.0000000000225507284047126,0.000168806409374509,351193.543480581,2256.68303374795,353449.226683136,12463.2487892282,2507.42576185968,"Burkina Faso","Boucle du Mouhoun","Solenzo","300",393167
"334",334,39716.7733168646,0.00000000000000000114480214320941,0.00000000000000000127374559455997,0.0000000000199011485509544,0.000158579048476242,351193.543481604,2256.68304295257,353449.226683136,12463.2487892282,2507.42576185968,"Burkina Faso","Boucle du Mouhoun","Solenzo","300",393167
"335",335,39716.7733168646,0.000000000000000000822396478031753,0.00000000000000000130011918256746,0.0000000000175628738987551,0.000148971325236067,351193.543482565,2256.68305159952,353449.226683136,12463.2487892282,2507.42576185968,"Burkina Faso","Boucle du Mouhoun","Solenzo","300",393167
"336",336,39716.7733168646,0.00000000000000000058570092755155,0.00000000000000000126265597378779,0.0000000000154993336586052,0.000139945698705228,351193.543483467,2256.68305972259,353449.226683136,12463.2487892282,2507.42576185968,"Burkina Faso","Boucle du Mouhoun","Solenzo","300",393167
"337",337,39716.7733168646,0.000000000000000000529096390574463,0.000000000000000000957277065031252,0.0000000000136782481057696,0.000131466901793658,351193.543484315,2256.68306735351,353449.226683136,12463.2487892282,2507.42576185968,"Burkina Faso","Boucle du Mouhoun","Solenzo","300",393167
"338",338,39716.7733168646,0.000000000000000000448112027124076,0.00000000000000000077185555791594,0.0000000000120711299635937,0.000123501804087136,351193.543485112,2256.68307452209,353449.226683136,12463.2487892282,2507.42576185968,"Burkina Faso","Boucle du Mouhoun","Solenzo","300",393167
"339",339,39716.7733168646,0.000000000000000000349217349074987,0.00000000000000000068123721052982,0.0000000000106528392688938,0.000116019282437873,351193.54348586,2256.68308125636,353449.226683136,12463.2487892282,2507.42576185968,"Burkina Faso","Boucle du Mouhoun","Solenzo","300",393167
"340",340,39716.7733168646,0.00000000000000000028656975077223,0.000000000000000000568448873768586,0.00000000000940118985090228,0.000108990099334587,351193.543486563,2256.68308758263,353449.226683136,12463.2487892282,2507.42576185968,"Burkina Faso","Boucle du Mouhoun","Solenzo","300",393167
"341",341,39716.7733168646,0.000000000000000000242032321477125,0.000000000000000000460729761344916,0.00000000000829660228425099,0.000102386788659149,351193.543487223,2256.68309352561,353449.226683136,12463.2487892282,2507.42576185968,"Burkina Faso","Boucle du Mouhoun","Solenzo","300",393167
"342",342,39716.7733168646,0.000000000000000000198814301396532,0.000000000000000000384132431733866,0.00000000000732179761794852,0.0000961835483644833,351193.543487844,2256.68309910853,353449.226683136,12463.2487892282,2507.42576185968,"Burkina Faso","Boucle du Mouhoun","Solenzo","300",393167
"343",343,39716.7733168646,0.000000000000000000162655866087942,0.000000000000000000321529639105045,0.00000000000646152708287194,0.0000903561396546377,351193.543488426,2256.68310435319,353449.226683136,12463.2487892282,2507.42576185968,"Burkina Faso","Boucle du Mouhoun","Solenzo","300",393167
"344",344,39716.7733168646,0.000000000000000000135039001375891,0.00000000000000000026518761202361,0.00000000000570233355528316,0.0000848817922731723,351193.543488974,2256.68310928011,353449.226683136,12463.2487892282,2507.42576185968,"Burkina Faso","Boucle du Mouhoun","Solenzo","300",393167
"345",345,39716.7733168646,0.000000000000000000112008288346428,0.000000000000000000218916325070387,0.00000000000503234104837581,0.00007973911552977,351193.543489488,2256.68311390852,353449.226683136,12463.2487892282,2507.42576185968,"Burkina Faso","Boucle du Mouhoun","Solenzo","300",393167
"346",346,39716.7733168646,0.0000000000000000000923828287080542,0.000000000000000000181746311824728,0.00000000000444106893791848,0.0000749080147174141,351193.543489971,2256.68311825651,353449.226683136,12463.2487892282,2507.42576185968,"Burkina Faso","Boucle du Mouhoun","Solenzo","300",393167
"347",347,39716.7733168646,0.0000000000000000000763630835687573,0.000000000000000000150555055871078,0.00000000000391926801484665,0.0000703696125935398,351193.543490425,2256.68312234107,353449.226683136,12463.2487892282,2507.42576185968,"Burkina Faso","Boucle du Mouhoun","Solenzo","300",393167
"348",348,39716.7733168646,0.0000000000000000000632627229020058,0.000000000000000000124437820987815,0.00000000000345877580070261,0.0000661061756183506,351193.543490851,2256.68312617816,353449.226683136,12463.2487892282,2507.42576185968,"Burkina Faso","Boucle du Mouhoun","Solenzo","300",393167
"349",349,39716.7733168646,0.00000000000000000005234000520032,0.000000000000000000102988412785892,0.00000000000305238886287295,0.0000621010446620821,351193.543491252,2256.68312978278,353449.226683136,12463.2487892282,2507.42576185968,"Burkina Faso","Boucle du Mouhoun","Solenzo","300",393167
"350",350,39716.7733168646,0.0000000000000000000432797478568023,0.0000000000000000000852823837039347,0.00000000000269375013206091,0.000058338569910455,351193.543491628,2256.68313316901,353449.226683136,12463.2487892282,2507.42576185968,"Burkina Faso","Boucle du Mouhoun","Solenzo","300",393167
"351",351,39716.7733168646,0.000000000000000000035816578016737,0.0000000000000000000705637574607091,0.0000000000023772494592821,0.0000548040497139671,351193.543491982,2256.68313635007,353449.226683136,12463.2487892282,2507.42576185968,"Burkina Faso","Boucle du Mouhoun","Solenzo","300",393167
"352",352,39716.7733168646,0.0000000000000000000296432482305784,0.0000000000000000000583796802889416,0.0000000000020979358568745,0.0000514836731420791,351193.543492314,2256.68313933841,353449.226683136,12463.2487892282,2507.42576185968,"Burkina Faso","Boucle du Mouhoun","Solenzo","300",393167
"353",353,39716.7733168646,0.0000000000000000000245255586121979,0.0000000000000000000483159308137894,0.00000000000185144005071337,0.0000483644660178307,351193.543492626,2256.6831421457,353449.226683136,12463.2487892282,2507.42576185968,"Burkina Faso","Boucle du Mouhoun","Solenzo","300",393167
"354",354,39716.7733168646,0.0000000000000000000202927075134516,0.000000000000000000039984438392905,0.00000000000163390613210378,0.0000454342402220195,351193.543492919,2256.6831447829,353449.226683136,12463.2487892282,2507.42576185968,"Burkina Faso","Boucle du Mouhoun","Solenzo","300",393167
"355",355,39716.7733168646,0.0000000000000000000167929432657894,0.0000000000000000000330846017119137,0.00000000000144193124019381,0.0000426815460688525,351193.543493194,2256.68314726033,353449.226683136,12463.2487892282,2507.42576185968,"Burkina Faso","Boucle du Mouhoun","Solenzo","300",393167
"356",356,39716.7733168646,0.0000000000000000000138960010649228,0.0000000000000000000273769226103153,0.00000000000127251233137123,0.000040095627566981,351193.543493452,2256.68314958765,353449.226683136,12463.2487892282,2507.42576185968,"Burkina Faso","Boucle du Mouhoun","Solenzo","300",393167
"357",357,39716.7733168646,0.000000000000000000011498274695662,0.0000000000000000000226549716823866,0.00000000000112299920296043,0.0000376663803911044,351193.543493695,2256.68315177398,353449.226683136,12463.2487892282,2507.42576185968,"Burkina Faso","Boucle du Mouhoun","Solenzo","300",393167
"358",358,39716.7733168646,0.00000000000000000000951465376333135,0.0000000000000000000187467052072209,0.000000000000991053036373031,0.0000353843123999198,351193.543493924,2256.68315382784,353449.226683136,12463.2487892282,2507.42576185968,"Burkina Faso","Boucle du Mouhoun","Solenzo","300",393167
"359",359,39716.7733168646,0.00000000000000000000787334523113878,0.000000000000000000015512449472718,0.000000000000874609811208037,0.0000332405065461425,351193.543494138,2256.68315575726,353449.226683136,12463.2487892282,2507.42576185968,"Burkina Faso","Boucle du Mouhoun","Solenzo","300",393167
"360",360,39716.7733168646,0.00000000000000000000651504342254767,0.000000000000000000012836425242311,0.00000000000077184801799203,0.0000312265860336726,351193.543494339,2256.68315756979,353449.226683136,12463.2487892282,2507.42576185968,"Burkina Faso","Boucle du Mouhoun","Solenzo","300",393167
"361",361,39716.7733168646,0.00000000000000000000539107410146306,0.0000000000000000000106220378552499,0.000000000000681160164492907,0.0000293346815857603,351193.543494529,2256.68315927251,353449.226683136,12463.2487892282,2507.42576185968,"Burkina Faso","Boucle du Mouhoun","Solenzo","300",393167
"362",362,39716.7733168646,0.00000000000000000000446105267054808,0.00000000000000000000878956801208395,0.000000000000601127629883326,0.0000275574006962724,351193.543494706,2256.68316087206,353449.226683136,12463.2487892282,2507.42576185968,"Burkina Faso","Boucle du Mouhoun","Solenzo","300",393167
"363",363,39716.7733168646,0.0000000000000000000036908469059954,0.00000000000000000000727202241877835,0.000000000000530473778375707,0.0000258876527534615,351193.543494873,2256.68316237483,353449.226683136,12463.2487892282,2507.42576185968,"Burkina Faso","Boucle du Mouhoun","Solenzo","300",393167
"364",364,39716.7733168646,0.00000000000000000000305376604280092,0.0000000000000000000060168171091357,0.000000000000468130162549172,0.0000243191101216751,351193.54349503,2256.68316378652,353449.226683136,12463.2487892282,2507.42576185968,"Burkina Faso","Boucle du Mouhoun","Solenzo","300",393167
"365",365,39716.7733168646,0.00000000000000000000252546829369385,0.00000000000000000000497592174240175,0.000000000000413057582157043,0.0000228452273770877,351193.543495177,2256.68316511302,353449.226683136,12463.2487892282,2507.42576185968,"Burkina Faso","Boucle du Mouhoun","Solenzo","300",393167
