"","time","S","E","I","H","C","R","D","hosp","crits","TA","ID","POP"
"1",0,65113,0,1,0,0,0,0,0,0,"Kasungu","147",65114
"2",1,65112.262542995,0.607729251490177,0.794512977622638,0.00936770733581475,0.000102140295440199,0.325743627993457,0.00000130028943246079,0.00998929271829844,0.000104349259589221,"Kasungu","147",65114
"3",2,65111.5977932367,0.96568938370811,0.799134017286141,0.0167321880479233,0.000363626151131996,0.620278101879753,0.00000944622174144746,0.0189938195964971,0.000379673628447166,"Kasungu","147",65114
"4",3,65110.8832060994,1.25289573983046,0.901688697322326,0.0238768635045102,0.000754896449805316,0.937548065806314,0.0000296376617612442,0.0286735331407495,0.000805245649496595,"Kasungu","147",65114
"5",4,65110.0557432502,1.54339996557382,1.06250744928279,0.0316259253250403,0.0012730165856675,1.30538385053158,0.0000665424573089659,0.0398823805698714,0.00138606057334735,"Kasungu","147",65114
"6",5,65109.0720167059,1.87192705845985,1.27052800580581,0.0404596994173193,0.00192784266658426,1.74301570777117,0.000124979971289141,0.0532081680942637,0.00214016176188063,"Kasungu","147",65114
"7",6,65107.8922948648,2.2593411188469,1.52655314066256,0.0507568685804322,0.00273711150545643,2.26810661051361,0.000210285042091481,0.0691892187928283,0.00309434898463564,"Kasungu","147",65114
"8",7,65106.4735526353,2.72270224339687,1.8369838912471,0.062894235860277,0.00372506165526044,2.89981336660674,0.000328565954802321,0.0884085323259421,0.00428323770178413,"Kasungu","147",65114
"9",8,65104.7658371353,3.27944972438059,2.21161767515352,0.077293003882695,0.00492252889147573,3.66039298974237,0.000486942623501801,0.111543043327529,0.00574975917659044,"Kasungu","147",65114
"10",9,65102.7097200154,3.94938357064979,2.66305493604613,0.0944459818782265,0.00636774533583872,4.57633394860032,0.000693802119370552,0.139398174455311,0.00754639369669221,"Kasungu","147",65114
"11",10,65100.2339264001,4.75588079239931,3.20677402534964,0.114939425969839,0.00810757597511305,5.67941268755302,0.000959092603779424,0.172940016809203,0.00973690643374136,"Kasungu","147",65114
"12",11,65097.2527576822,5.72690179215683,3.86152746786256,0.139475010123088,0.0101991187794437,7.00784425983947,0.00129466906713516,0.213330331143721,0.0123985349115406,"Kasungu","147",65114
"13",12,65093.6630900006,6.89603097028382,4.6499340580426,0.168894664878045,0.0127116827883067,8.60762391810856,0.00171470526772975,0.261967338243735,0.0156246669039939,"Kasungu","147",65114
"14",13,65089.3408174804,8.3036550462016,5.59923409556814,0.204209693156485,0.0157291867964283,10.5341183133513,0.00223618453728324,0.320534089889504,0.019528072913735,"Kasungu","147",65114
"15",14,65084.1365684582,9.99836103271118,6.74221856802178,0.246635717483144,0.0193530763027512,12.8539836561459,0.00287949108460827,0.391056775406816,0.0242448276425206,"Kasungu","147",65114
"16",15,65077.8705760437,12.0385982063713,8.11835136414904,0.29763447055228,0.0237058377433937,15.6474649595432,0.00366911791351211,0.475974609531143,0.0299390268527938,"Kasungu","147",65114
"17",16,65070.3265504322,14.4946607222789,9.77510923149046,0.358963738432674,0.0289352105631607,19.0111461525115,0.00463451250774976,0.578223423916494,0.0368084361099059,"Kasungu","147",65114
"18",17,65061.2442691246,17.4510778812444,11.7696044250773,0.4327377726136,0.0352192993704545,23.0612803963634,0.0058111007383882,0.701336892608168,0.0450913423764195,"Kasungu","147",65114
"19",18,65050.310762718,21.0094488962763,14.1705163482286,0.521499204056546,0.0427726773924851,27.9377586484982,0.00724150749608437,0.849567155239487,0.0550747311079041,"Kasungu","147",65114
"20",19,65037.1496412372,25.2918728075787,17.0604228912285,0.628306274343828,0.0518537996757085,33.808925951109,0.00897703882188267,1.02803120542748,0.0671042173341749,"Kasungu","147",65114
"21",20,65021.3084178326,30.4450024848462,20.5385737974919,0.756836553132202,0.0627738479179778,40.8773160339911,0.0110794499920112,1.2428851871041,0.0815958941580349,"Kasungu","147",65114
"22",21,65002.2433504906,36.6448743449883,24.7242029802348,0.911511219471844,0.0759073559375266,49.3865305378664,0.0136230708432954,1.50153347667608,0.0990505687801286,"Kasungu","147",65114
"23",22,64979.3012671112,44.102683455479,29.7604843029592,1.0976444984376,0.0917050094669605,59.629518252529,0.0166973698740082,1.81288031266676,0.12007091825147,"Kasungu","147",65114
"24",23,64951.6979650867,53.0715926170725,35.8192406958473,1.32162171784373,0.110708970733045,71.9584608837631,0.0204100280193916,2.18763024269499,0.14538203585982,"Kasungu","147",65114
"25",24,64918.4925258742,63.8547681199713,43.1065375654539,1.59111180288236,0.13357124633701,86.7965947601516,0.0248906309898411,2.63864739620268,0.17585607164628,"Kasungu","147",65114
"26",25,64878.5568152751,76.8148804628131,51.8692683446129,1.91532096651942,0.161075670878832,104.652344176317,0.0302951036958135,3.18138500068833,0.212541749341308,"Kasungu","147",65114
"27",26,64830.5394725067,92.385159978227,62.402948491507,2.30529369130237,0.194164195399263,126.136150107643,0.0368110291865743,3.83439678305472,0.256699690752676,"Kasungu","147",65114
"28",27,64772.8235552883,111.082185103471,75.0608901690891,2.77426893711629,0.233968272077689,151.980468206001,0.0446640239038767,4.61994464357356,0.309844630903438,"Kasungu","147",65114
"29",28,64703.4767765817,133.520803836313,90.2647790488866,3.33810308530146,0.281846248849879,183.063565813295,0.0541253856371351,5.56472174510328,0.37379580518685,"Kasungu","147",65114
"30",29,64620.1938156887,160.430884318944,108.517041617669,4.01576436926969,0.339427786350431,220.437544995212,0.0655212238437956,6.7007039200644,0.450736877124999,"Kasungu","147",65114
"31",30,64520.2295526049,192.676262220016,130.414945998312,4.829913299769,0.408666534575482,265.361415957299,0.0792433851182681,8.06615443943172,0.543287175490884,"Kasungu","147",65114
"32",31,64400.3227219995,231.275574881744,156.666591845263,5.80757734264628,0.491902425591333,319.339869007894,0.0957624973478942,9.70680175497897,0.654586146754844,"Kasungu","147",65114
"33",32,64256.6098727727,277.424557366788,188.108708982751,6.98092735157244,0.591934838461,384.168355212437,0.115643475272324,11.6772086681044,0.788392861242461,"Kasungu","147",65114
"34",33,64084.5296929414,332.519126119085,225.726028272136,8.38816555715249,0.712108405878527,461.985314720885,0.139563983427614,14.0423582862128,0.949203185079231,"Kasungu","147",65114
"35",34,63878.7193891994,398.177691465196,270.671806675827,10.0745223002868,0.856412676360328,555.33184141663,0.168336266347979,16.8794653328697,1.14238652807362,"Kasungu","147",65114
"36",35,63632.9055480011,476.260872946426,324.2884478441,12.0933605930975,1.02959709182135,667.21924059797,0.202932925510244,20.2800264550232,1.37434461180998,"Kasungu","147",65114
"37",36,63339.7946397974,568.884840128978,388.127065872337,14.5073667607851,1.23730268438487,801.20426747344,0.244517282677897,24.3521026160996,1.65269474846521,"Kasungu","147",65114
"38",37,62990.9707196381,678.424437734231,463.963165365935,17.3897961551787,1.48621038642242,961.471191870527,0.294478849642351,29.2228071964224,1.98647840773068,"Kasungu","147",65114
"39",38,62576.8123410008,807.498827197921,553.805793695907,20.8257059455608,1.78420573853072,1152.91865186935,0.35447455192175,35.0409370770847,2.38639595663771,"Kasungu","147",65114
"40",39,62086.4451213587,958.931571652652,659.895094450795,24.9130831534351,2.14055791635315,1381.24809516454,0.426476303542181,41.9796485318725,2.8650665076052,"Kasungu","147",65114
"41",40,61507.7525169909,1135.67463109645,784.68179248596,29.7637253686739,2.56610848053077,1653.04840020874,0.512825368778556,50.2390123998862,3.43730901947306,"Kasungu","147",65114
"42",41,60827.4752804891,1340.68196261471,930.781208705167,35.5036548740211,3.07346239630073,1975.86813716928,0.61629375140325,60.048187301335,4.12043760668882,"Kasungu","147",65114
"43",42,60031.4332479093,1576.7209760145,1100.89104770335,42.2728107307417,3.67716879710576,2358.26459642348,0.740152421531285,71.6668789150433,4.93455820838494,"Kasungu","147",65114
"44",43,59104.9114410209,1846.10646195197,1297.66265242318,50.2236426307828,4.39387415074952,2809.81368204927,0.888245773104264,85.3855996816546,5.9028482447667,"Kasungu","147",65114
"45",44,58033.2506762312,2150.34819759986,1523.51429860536,59.5181744489537,5.24242296588,3341.06115931081,1.0650708379715,101.524133850724,7.05179189445412,"Kasungu","147",65114
"46",45,56802.6829206749,2489.71036616214,1780.3745135397,70.3229911958864,6.24387005640693,3963.38947957696,1.27585879399247,120.427422313237,8.41133082689871,"Kasungu","147",65114
"47",46,55401.4092172946,2862.70557732526,2069.35712484826,82.8017374282024,7.42136896095576,4688.77831953963,1.52665460308778,142.458202250336,10.0148879129465,"Kasungu","147",65114
"48",47,53820.9154583077,3265.55628254044,2390.37059423381,97.1045907327284,8.79988217704268,5529.42880243035,1.82438957791057,167.985488886947,11.8992007370859,"Kasungu","147",65114
"49",48,52057.450475957,3691.69700748632,2741.68533589492,113.354465936741,10.4056596229419,6497.2301161155,2.17693898653136,197.368255947054,14.1038979195921,"Kasungu","147",65114
"50",49,50113.5186354714,4131.42742910594,3119.50075727263,131.630194973581,12.2654395704463,7603.06438781191,2.59315579406698,230.9341971023,16.6707573704088,"Kasungu","147",65114
"51",50,47999.1892319477,4571.83468287377,3517.58362292898,151.947298447842,14.4053268336618,8855.95696797863,3.08286898940895,268.953798224056,19.6425816353471,"Kasungu","147",65114
"52",51,45732.960009401,4997.11650903991,3927.06390267808,174.237872259156,16.8493375928083,10262.1155345614,3.65683446761398,311.611058798728,23.0616592776658,"Kasungu","147",65114
"53",52,43341.904168002,5389.40656248887,4336.47592920164,198.332016093537,19.6176311912938,11823.9370663892,4.32662663349552,358.973290706681,26.9678125286197,"Kasungu","147",65114
"54",53,40860.9080798275,5730.09007868775,4732.1431174541,223.94357441003,22.7245135512253,13539.0861758272,5.10446024227359,410.963163110464,31.3960980414195,"Kasungu","147",65114
"55",54,38330.9203632751,6001.52032079587,5098.93137417313,250.663735844387,26.1763463746351,15399.7849229925,6.00293654439408,467.337278540758,36.3742848369399,"Kasungu","147",65114
"56",55,35796.3294986927,6188.91119303819,5421.33544956486,277.965619898361,29.9695529485531,17392.4539720046,7.03471385274871,527.675546906329,41.9203004601605,"Kasungu","147",65114
"57",56,33301.8302608252,6282.02366087814,5684.82078589066,305.221189002717,34.0889810386827,19497.8030123025,8.21211006212541,591.384323364281,48.0399186239612,"Kasungu","147",65114
"58",57,30889.1815878859,6276.41630796932,5877.17276558107,331.731324683827,38.5068273206207,21691.4445313755,9.54665518371043,657.71554942458,54.7249234747837,"Kasungu","147",65114
"59",58,28594.4159364163,6173.87909408215,5989.72536652763,356.765895567687,43.1823591846177,23944.9827302098,11.0486180117662,725.80037389917,61.9520272869277,"Kasungu","147",65114
"60",59,26445.8341426476,5982.09051316276,6018.16795251582,379.610688555194,48.0625395760367,26227.5076244607,12.7265390819097,794.695079873607,69.6827018808728,"Kasungu","147",65114
"61",60,24463.0362259255,5713.51170651339,5962.86799510156,399.614648152364,53.0835880688693,28507.2990323154,14.5868039229494,863.433304517808,77.8640147263628,"Kasungu","147",65114
"62",61,22656.9539155369,5383.8088100279,5828.64512142326,416.232028256311,58.1733649683078,30753.5534700867,16.6332897006866,931.078816645675,86.4304127546446,"Kasungu","147",65114
"63",62,21030.6859383328,5010.11434270677,5624.07750780267,429.054730356665,63.2543645610665,32937.9460060065,18.8671102335571,996.773104724271,95.3062824349973,"Kasungu","147",65114
"64",63,19580.8794468983,4609.40850212362,5360.48600714365,437.831056223214,68.2470657062882,35035.8614410943,21.2864808106479,1059.77272031071,104.40907071511,"Kasungu","147",65114
"65",64,18299.3193380448,4197.24266854201,5050.78474236083,442.470651595983,73.0733079000549,37027.2225856403,23.8867059160563,1119.47420798567,113.652640231429,"Kasungu","147",65114
"66",65,17174.5004864155,3786.89431478003,4708.35774755613,443.036524361291,77.6594289751586,38896.891210147,26.6602877649383,1175.42591244377,122.950591392672,"Kasungu","147",65114
"67",66,16193.0101433878,3388.9529975641,4346.10747305769,439.726452776017,81.9389318140803,40634.6668573707,29.5971440295679,1227.32747501918,132.21929897128,"Kasungu","147",65114
"68",67,15340.6424026048,3011.25838061355,3975.72794935601,432.847941140544,85.854546459685,42234.9838699511,32.6849098742894,1275.02012934411,141.380487318623,"Kasungu","147",65114
"69",68,14603.2233862319,2659.10287423406,3607.24153130265,422.789457197076,89.359609954306,43696.3738355973,35.9093054827339,1318.46987734256,150.363234568497,"Kasungu","147",65114
"70",69,13967.1745686926,2335.58213277778,3248.77747559346,409.991520431622,92.4187679169226,45020.8009934416,39.2545411460794,1357.74685597197,159.105362388352,"Kasungu","147",65114
"71",70,13419.8642572839,2042.01236327849,2906.54180168799,394.919830059769,95.0080778914735,46212.9499330637,42.7037367347152,1393.00332568525,167.554251936538,"Kasungu","147",65114
"72",71,12949.7863553026,1778.35110088972,2584.9403413774,378.042127218173,97.1145758080901,47279.5261639108,46.2393354932617,1424.4521375364,175.667113288852,"Kasungu","147",65114
"73",72,12546.6252994134,1543.58086220878,2286.78245075331,359.809708867347,98.7354543287475,48228.622730834,49.8434935944841,1452.34729477056,183.410825568098,"Kasungu","147",65114
"74",73,12201.2429002142,1336.03244222723,2013.53773319024,340.643497117469,99.8769642201469,49069.1680288539,53.4984341768435,1476.96706056317,190.761439764805,"Kasungu","147",65114
"75",74,11905.6163761818,1153.64574335221,1765.60165154971,320.92462784684,100.553143057183,49810.4717000798,57.1867579324325,1498.60011680897,197.703435075226,"Kasungu","147",65114
"76",75,11652.7489120868,994.169241717208,1542.54702076837,300.989033738626,100.784472832335,50461.8696148494,60.891704007239,1517.53479102206,204.228819734619,"Kasungu","147",65114
"77",76,11436.5705194227,855.303764123598,1343.35373170086,281.125081238919,100.596541609425,51032.4529985141,64.5973633903897,1534.05088045983,210.336155181974,"Kasungu","147",65114
"78",77,11251.8349377912,734.803195773088,1166.5998700341,261.573903538861,100.018765367013,51530.8804848705,68.2888426252553,1548.41402808817,216.029556019918,"Kasungu","147",65114
"79",78,11094.0211385898,630.53895611905,1010.61936320871,242.531503131359,99.0832144929601,51965.2534416978,71.9523827603013,1560.87203855266,221.31771858596,"Kasungu","147",65114
"80",79,10959.2414603013,540.538710614574,873.624014257978,224.152141920374,97.8235676454574,52343.0446679549,75.5754373053693,1571.65282555056,226.213007247593,"Kasungu","147",65114
"81",80,10844.1585849892,463.005005210055,753.796413514662,206.552453893579,96.274207230925,52671.0666208926,79.1467142689804,1580.96356186349,230.730621294212,"Kasungu","147",65114
"82",81,10745.9111887297,396.321059174445,649.356071892695,189.815943960084,94.4694567595108,52955.4700918341,82.6561876494688,1588.9907515759,234.887851814041,"Kasungu","147",65114
"83",82,10662.0486304957,339.046989536287,558.604998889445,173.997537257436,92.4429589291776,53201.7638017008,86.0950831911281,1595.90093062604,238.703435580403,"Kasungu","147",65114
"84",83,10590.4732885816,289.9109881962,479.95674898957,159.128007958969,90.2271770248182,53414.8479447645,89.4558444843149,1601.8417825076,242.196998860847,"Kasungu","147",65114
"85",84,10529.3909786915,247.79667664279,411.951687318326,145.218117512805,87.8530224906999,53599.0574357971,92.7320815468396,1606.94353770868,245.388597638373,"Kasungu","147",65114
"86",85,10477.2678305987,211.729056556713,353.264385581428,132.262364712952,85.3495798292604,53758.2082739574,95.9185087635617,1611.32045704431,248.298337080464,"Kasungu","147",65114
"87",86,10432.7929688694,180.860242600301,302.703257602699,120.242352697714,82.7439217238229,53895.6463825325,99.0108739735796,1615.07237977807,250.946066193351,"Kasungu","147",65114
"88",87,10394.8463981186,154.455414098141,259.205923123068,109.129729613284,80.0609989923261,54014.2956538074,102.005882247211,1618.28623742386,253.351138286173,"Kasungu","147",65114
"89",88,10362.4715624494,131.879356328181,221.831954450987,98.8886999927544,77.3235943797708,54116.7037156865,104.901116712476,1621.03748867849,255.532230261473,"Kasungu","147",65114
"90",89,10334.8515914784,112.584293934,189.753516854211,89.478172898385,74.5523239120888,54205.085142102,107.694958820861,1623.39146875625,257.507208514562,"Kasungu","147",65114
"91",90,10311.2890448849,96.0987072460541,162.245418328836,80.8535397449145,71.7656799135712,54281.3611006566,110.386509225125,1625.40462277854,259.29303753619,"Kasungu","147",65114
"92",91,10291.1885405849,82.0173185506846,138.674980465681,72.9681381629078,68.9801035137222,54347.1954078086,112.97551091354,1627.12562369963,260.905721837916,"Kasungu","147",65114
"93",92,10274.0418785922,69.9922492169043,118.492073977876,65.7744358799245,66.210079708744,54404.0270071714,115.462275453022,1628.59637606366,262.360275713599,"Kasungu","147",65114
"94",93,10259.4153337309,59.7251719225064,101.219775875356,59.2249689233212,63.4682483158502,54453.0988882251,117.847613007025,1629.85290695209,263.670715306355,"Kasungu","147",65114
"95",94,10246.9387696984,50.9604927450128,86.4456051877087,53.2730742560883,60.7655249608523,54495.4837664904,120.13276666145,1630.92615472529,264.850068027358,"Kasungu","147",65114
"96",95,10236.2963615573,43.4793923181341,73.8135734848562,47.8734434216421,58.1112278338629,54532.1066500069,122.319351377303,1631.84265995284,265.910395602791,"Kasungu","147",65114
"97",96,10227.2185943641,37.0946064159535,63.0169732650404,42.9825376369179,55.5132063715742,54563.7647845539,124.409297392571,1632.62517429244,266.862826605829,"Kasungu","147",65114
"98",97,10219.4755386057,31.6460163304116,53.7919452067526,38.5588676146842,52.9779695981069,54591.1448638901,126.404798754264,1633.29318397898,267.717597362426,"Kasungu","147",65114
"99",98,10212.8710219477,26.9967368441733,45.9117907157121,34.5631863411213,50.5108109518903,54614.8381869782,128.308266221122,1633.86336956591,268.484096768142,"Kasungu","147",65114
"100",99,10207.2376906724,23.0297745021203,39.1819757896166,30.9585966441477,48.1159287687683,54635.3537488145,130.12228480843,1634.35000155854,269.17091464732,"Kasungu","147",65114
"101",100,10202.4327711787,19.6451994006846,33.4356695306371,27.7105973243739,45.7965410750294,54653.1296458853,131.849575605294,1634.7652839506,269.785891680354,"Kasungu","147",65114
"102",101,10198.3344678274,16.7576613330065,28.5299356369969,24.7870785905201,43.5549936849454,54668.5429011951,133.49296173203,1635.11964907772,270.336169668786,"Kasungu","147",65114
"103",102,10194.8388893123,14.2942643545179,24.3424165992822,22.1582789235646,41.3928613653937,54681.9179513175,135.055338127375,1635.42201135773,270.828241373689,"Kasungu","147",65114
"104",103,10191.8574085779,12.1927878557022,20.7683838174093,19.7967155019464,39.3110415972354,54693.5340177182,136.539644931586,1635.67998688128,271.267999059595,"Kasungu","147",65114
"105",104,10189.3144261376,10.4001187964445,17.7182622053353,17.6770920074094,37.3098410575828,54703.6314156131,137.948844182559,1635.90008054918,271.660781387539,"Kasungu","147",65114
"106",105,10187.1454614068,8.87091054164708,15.1154929505543,15.7761922079393,35.3890548506601,54712.4169884855,139.285899556909,1636.08784660534,272.011418229566,"Kasungu","147",65114
"107",106,10185.2955092573,7.56647551622771,12.8946240143404,14.0727661019748,33.5480386142978,54720.0688275962,140.55375889964,1636.24802751199,272.32427309619,"Kasungu","147",65114
"108",107,10183.7176517158,6.45380082376007,10.9997319407147,12.5474093032805,31.7857739229893,54726.7402930148,141.755339278616,1636.38467168444,272.603283149615,"Kasungu","147",65114
"109",108,10182.3718743346,5.50470468870598,9.38306975567293,11.1824405457865,30.1009272636111,54732.5634690866,142.893514325032,1636.50123419273,272.851996673131,"Kasungu","147",65114
"110",109,10181.2240429023,4.69515221110681,8.00384433271837,9.96178135170164,28.4919029013862,54737.6521726667,143.971103634017,1636.6006640798,273.073607930557,"Kasungu","147",65114
"111",110,10180.2450422245,4.00463910550163,6.82722245750595,8.8708367645721,26.9568901499185,54742.1045052949,144.990864003082,1636.68547800882,273.270989551929,"Kasungu","147",65114
"112",111,10179.4100430407,3.4156610994439,5.82348664353475,7.89637985131562,25.4939054028213,54746.005041651,145.955482311097,1636.75782307704,273.446722467762,"Kasungu","147",65114
"113",112,10178.6978644065,2.91329407822904,4.96725576234977,7.02644249226932,24.1008292758516,54749.4267441288,146.867569855957,1636.81953155311,273.603123431867,"Kasungu","147",65114
"114",113,10178.0904396629,2.48480893376446,4.23686380330767,6.25021051162225,22.7754393594034,54752.4325797546,147.729657974363,1636.87216678117,273.742270332621,"Kasungu","147",65114
"115",114,10177.5723630832,2.11933692147611,3.61383858272027,5.55792458016094,21.515438928692,54755.0769031137,148.544194790033,1636.91706219717,273.866025378925,"Kasungu","147",65114
"116",115,10177.1304920728,1.80761406594984,3.08240488367071,4.94078858028026,20.3184819243038,54757.4066755214,149.313542951596,1636.95535560612,273.97605623784,"Kasungu","147",65114
"117",116,10176.7536161034,1.54174071571485,2.62909794016422,4.39088319627984,19.1821946405946,54759.4624891778,150.039978225969,1636.98801773092,274.073855333375,"Kasungu","147",65114
"118",117,10176.4321769177,1.31496935393938,2.24244516866488,3.90108543433962,18.1041944208846,54761.2794398719,150.725688832534,1637.01587635774,274.160757410564,"Kasungu","147",65114
"119",118,10176.1580198898,1.12155056454694,1.91264823202084,3.46499532921768,17.082105611688,54762.8879049561,151.372775416597,1637.03963780985,274.237955444608,"Kasungu","147",65114
"120",119,10175.9241885736,0.956582765178136,1.63134305122158,3.07686755862533,16.1135731565432,54764.3141933353,151.983251559498,1637.05990469957,274.306515101293,"Kasungu","147",65114
"121",120,10175.7247534278,0.815877531256582,1.39140891590729,2.73154856987271,15.1962739582931,54765.5810928304,152.559044766449,1637.07719073391,274.367387777437,"Kasungu","147",65114
"122",121,10175.5546541547,0.695868144482514,1.18676002222051,2.4244196376737,14.3279264556217,54766.7083737814,153.101997803799,1637.09193435019,274.421422449201,"Kasungu","147",65114
"123",122,10175.4095751921,0.593512007078228,1.0122061100964,2.15134426458134,13.5062983927663,54767.7131936456,153.613870387691,1637.10450948729,274.469376310537,"Kasungu","147",65114
"124",123,10175.285837243,0.506209852371915,0.863326735163373,1.90862023594128,12.7292131643974,54768.6104516544,154.096341114641,1637.11523497222,274.511924397782,"Kasungu","147",65114
"125",124,10175.1803003294,0.43174971559554,0.736342627700794,1.69293655655951,11.9945548106558,54769.4131063541,154.551009606017,1637.12438291219,274.549668227789,"Kasungu","147",65114
"126",125,10175.0902873356,0.368242299629574,0.628034662988965,1.50133363077838,11.3002718968853,54770.1324313608,154.979398813312,1637.1321853137,274.583143593921,"Kasungu","147",65114
"127",126,10175.0135152276,0.314075360892687,0.53565838439876,1.33116757090611,10.6443803781641,54770.7782456305,155.382957447548,1637.13884003871,274.612827557706,"Kasungu","147",65114
"128",127,10174.9480356263,0.267876937839192,0.456867486556732,1.18007796881897,10.0249655944536,54771.3591138878,155.763062498221,1637.14451595145,274.639144723235,"Kasungu","147",65114
"129",128,10174.892187946,0.228473617491147,0.389666201524532,1.04595834090483,9.4401835350308,54771.8825085483,156.121021810706,1637.14935697742,274.662472880159,"Kasungu","147",65114
"130",129,10174.8445553858,0.19486587004882,0.332350035931643,0.926929903982398,8.88826144264472,54772.3549606627,156.458076698804,1637.15348591584,274.683148046102,"Kasungu","147",65114
"131",130,10174.8039290783,0.166202182887939,0.283463256679035,0.821317678052596,8.36749787972458,54772.7821853502,156.775404574208,1637.15700754577,274.70146899987,"Kasungu","147",65114
"132",131,10174.7692787461,0.141754388100647,0.241767591126926,0.72762897752901,7.87626232277942,54773.1691864124,157.074121561961,1637.16001116843,274.71770131906,"Kasungu","147",65114
"133",132,10174.7397253586,0.120902879316153,0.206204843873051,0.644534395033261,7.41299439076978,54773.5203530644,157.355285067974,1637.16257297662,274.732080970187,"Kasungu","147",65114
"134",133,10174.7145191517,0.103118445460862,0.175873127107507,0.570850005229937,6.97620271308808,54773.8395401652,157.619896392185,1637.16475795934,274.744817615983,"Kasungu","147",65114
"135",134,10174.6930205948,0.0879499695095721,0.150002845456597,0.505522047327456,6.56446355096369,54774.1301377752,157.868903216719,1637.16662155123,274.756097463723,"Kasungu","147",65114
"136",135,10174.6746844504,0.0750127556125945,0.12793795042027,0.447613104214363,6.17641923034647,54774.3951304784,158.10320203063,1637.16821101406,274.766085817346,"Kasungu","147",65114
"137",136,10174.6590455225,0.0639785481967748,0.109118725263429,0.396289245911043,5.81077633850481,54774.6371510356,158.323640583985,1637.1695666718,274.774929443096,"Kasungu","147",65114
"138",137,10174.6457070559,0.0545674618121347,0.093067715829121,0.350808987936504,5.46630383018349,54774.8585247552,158.531020193139,1637.1707229161,274.782758591947,"Kasungu","147",65114
"139",138,10174.6343307858,0.0465408172265241,0.0793779051321624,0.310513340030034,5.14183104929015,54775.0613081287,158.726097973847,1637.1717090687,274.78968881495,"Kasungu","147",65114
"140",139,10174.6246280469,0.0396949371317009,0.0677019474608835,0.274816550068184,4.83624560510775,54775.247323831,158.909589082245,1637.17255015202,274.795822646491,"Kasungu","147",65114
"141",140,10174.6163523915,0.0338559546247145,0.0577432716447934,0.243198001627643,4.54849122101562,54775.4181903145,159.082168845088,1637.17326752904,274.801251071894,"Kasungu","147",65114
"142",141,10174.6092940612,0.0288758691350709,0.0492494735551537,0.215195698314551,4.27756570201958,54775.5753445484,159.24447464736,1637.17387938243,274.806054701691,"Kasungu","147",65114
"143",142,10174.6032739962,0.0246283381448428,0.0420050891056895,0.190399291390542,4.02251870327068,54775.7200665958,159.397107986145,1637.17440123382,274.810305029296,"Kasungu","147",65114
"144",143,10174.5981394533,0.0210056016834481,0.0358263064887478,0.1684444968592,3.78244959332675,54775.8534982307,159.540636317627,1637.17484632368,274.814065431996,"Kasungu","147",65114
"145",144,10174.5937601861,0.0179157582598303,0.0305563987041039,0.149008016369751,3.55650532333797,54775.9766594712,159.675594846007,1637.17522594233,274.817392079199,"Kasungu","147",65114
"146",145,10174.5900250941,0.0152804149972357,0.026061677122317,0.13180297675173,3.34387833453758,54776.0904632679,159.802488234606,1637.17554972052,274.820334746788,"Kasungu","147",65114
"147",146,10174.5868394191,0.0130327232898141,0.0222281047064622,0.116574885802463,3.14380449884127,54776.1957281265,159.921792241776,1637.17582587233,274.822937536845,"Kasungu","147",65114
"148",147,10174.5841223454,0.01111565918592,0.0189584343427075,0.103098020539929,2.95556110886723,54776.2931891502,160.033955281522,1637.17606140328,274.825239518892,"Kasungu","147",65114
"149",148,10174.5818049444,0.00948058475678331,0.0161697244749469,0.0911722139453355,2.77846491999688,54776.3835077013,160.139399911165,1637.17626228844,274.827275299239,"Kasungu","147",65114
"150",149,10174.5798284238,0.00808602613100374,0.0137912184583184,0.0806199948009168,2.61187024925128,54776.4672798395,160.238524248061,1637.17643362423,274.829075526609,"Kasungu","147",65114
"151",150,10174.5781426419,0.00689660254733139,0.0117625801864032,0.0712840414672319,2.45516713461943,54776.5450436818,160.331703317436,1637.1765797572,274.830667341206,"Kasungu","147",65114
"152",151,10174.5767048335,0.00588213589400293,0.0100323515617545,0.0630249179953809,2.30777955698744,54776.6172858704,160.419290333665,1637.17670439447,274.832074773315,"Kasungu","147",65114
"153",152,10174.5754785207,0.00501689559133302,0.00855662939294407,0.0557190611592803,2.16916372637075,54776.6844472494,160.501617917314,1637.17681069812,274.833319097073,"Kasungu","147",65114
"154",153,10174.5744325939,0.00427892969394613,0.00729797904252725,0.0492569900465433,2.038806433401,54776.7469278236,160.578999250328,1637.17690136493,274.834419144419,"Kasungu","147",65114
"155",154,10174.57354052,0.00364951329668712,0.00622447576880391,0.0435417157252936,1.91622346633848,54776.8050911371,160.651729171776,1637.17697869491,274.835391583583,"Kasungu","147",65114
"156",155,10174.5727796663,0.00311268343944337,0.00530887789039708,0.0384873285473531,1.80095809348925,54776.8592681337,160.720085216561,1637.17704464998,274.836251166092,"Kasungu","147",65114
"157",156,10174.5721307292,0.00265481870438871,0.00452795727754046,0.0340177370017503,1.69257960158569,54776.9097605509,160.784328605308,1637.17710090351,274.8370109468,"Kasungu","147",65114
"158",157,10174.5715772412,0.00226429657688562,0.00386190119599625,0.0300655521829429,1.59068191067864,54776.956843924,160.844705174155,1637.17714888296,274.837682478326,"Kasungu","147",65114
"159",158,10174.5711051708,0.00193122066842797,0.00329382032028567,0.0265711399205348,1.49488229154781,54777.0007701299,160.901446226839,1637.17718980469,274.838275976009,"Kasungu","147",65114
"160",159,10174.5707025415,0.00164714121858033,0.00280930243135541,0.02348168575949,1.40482004140173,54777.0417698778,160.954769409885,1637.17722470687,274.838800480413,"Kasungu","147",65114
"161",160,10174.5703591387,0.00140484855567818,0.00239605781182447,0.0207504357142486,1.32015529816011,54777.0800547329,161.004879488123,1637.17725447496,274.839263989059,"Kasungu","147",65114
"162",161,10174.5700662577,0.00119820212963371,0.00204361022573903,0.0183360291399927,1.24056793221806,54777.1158189035,161.051969065114,1637.17727986354,274.839673572079,"Kasungu","147",65114
"163",162,10174.5698164586,0.00102195350855376,0.00174300590537102,0.0162018200770003,1.16575635017005,54777.1492410553,161.096219356495,1637.17730151754,274.840035489718,"Kasungu","147",65114
"164",163,10174.5696034005,0.000871627550113881,0.00148661557484161,0.014315389319597,1.09543654432722,54777.1804856236,161.137800799113,1637.17731998662,274.840355276658,"Kasungu","147",65114
"165",164,10174.5694216829,0.000743414116107938,0.00126794000171952,0.0126480705530651,1.02934112244727,54777.2097040996,161.176873670352,1637.17733573892,274.840637823875,"Kasungu","147",65114
"166",165,10174.5692666953,0.000634060830603273,0.00108143028336029,0.0111744923891358,0.967218334261268,54777.2370362792,161.213588707701,1637.17734917413,274.840887457712,"Kasungu","147",65114
"167",166,10174.5691345058,0.000540792671274991,0.000922355860864836,0.00987220936643399,0.908831195857899,54777.2626112788,161.248087661597,1637.17736063306,274.841108003439,"Kasungu","147",65114
"168",167,10174.5690217611,0.000461243869638598,0.000786680975856872,0.00872136678647576,0.853956652007964,54777.2865484728,161.280503822499,1637.17737040642,274.841302842985,"Kasungu","147",65114
"169",168,10174.5689256005,0.000393396756696109,0.000670962735264646,0.00770440253651836,0.802384781852509,54777.308958337,161.310962518647,1637.17737874216,274.841474966233,"Kasungu","147",65114
"170",169,10174.5688435849,0.000335529479982715,0.000572266609586136,0.00680578395540241,0.753918047023715,54777.3299432028,161.339581585267,1637.17738585174,274.841627016242,"Kasungu","147",65114
"171",170,10174.5687736335,0.000286174159670506,0.000488088523701205,0.0060117743408101,0.708370580258571,54777.3495979423,161.366471806938,1637.17739191552,274.841761329353,"Kasungu","147",65114
"172",171,10174.5687139716,0.000244079144837835,0.000416292183224793,0.00531022620253621,0.665567512650856,54777.3680105837,161.391737334473,1637.17739708735,274.841879970665,"Kasungu","147",65114
"173",172,10174.5686630858,0.000208175966962514,0.000355057144482877,0.00469039814773436,0.625344337701662,54777.3852628675,161.415476077751,1637.17740149842,274.841984765424,"Kasungu","147",65114
"174",173,10174.5686196851,0.000177553807637496,0.000302829596707339,0.00414279214352943,0.587546306883303,54777.4014307546,161.437780077924,1637.17740526064,274.842077326909,"Kasungu","147",65114
"175",174,10174.5685826678,0.0001514359296431,0.000258283479361466,0.00365900981174103,0.552027863184502,54777.4165848844,161.458735855341,1637.17740846951,274.842159081038,"Kasungu","147",65114
"176",175,10174.5685510957,0.000129159907799028,0.000220290181061329,0.00323163069197787,0.518652123390686,54777.4307909735,161.478424726551,1637.17741120635,274.842231287179,"Kasungu","147",65114
"177",176,10174.568524168,0.000110160566962455,0.000187885907228246,0.00285409250440181,0.4872903470531,54777.444110217,161.496923128948,1637.1774135406,274.84229505864,"Kasungu","147",65114
"178",177,10174.5685012012,0.0000939560981732782,0.000160248084753965,0.00252059422530756,0.457821467234002,54777.4565996263,161.514302906742,1637.17741553149,274.842351379215,"Kasungu","147",65114
"179",178,10174.5684816134,0.0000801356607230344,0.00013667633814192,0.00222601105728403,0.430131655288245,54777.4683123326,161.530631575684,1637.17741722947,274.842401117706,"Kasungu","147",65114
"180",179,10174.5684649069,0.0000683481079163471,0.000116572064876861,0.00196580816990367,0.404113854383061,54777.479297904,161.545972606329,1637.17741867769,274.842445042643,"Kasungu","147",65114
"181",180,10174.5684506576,0.0000582943267372029,0.000099424705373244,0.00173597890172617,0.37966741293694,54777.4896025855,161.560385646009,1637.1774199129,274.84248383282,"Kasungu","147",65114
"182",181,10174.5684385043,0.0000497194592276086,0.0000847996532373112,0.00153298479024923,0.356697712334156,54777.4992695354,161.573926743991,1637.17742096641,274.842518087517,"Kasungu","147",65114
"183",182,10174.5684281388,0.0000424058814164967,0.0000723259780024391,0.00135369768224374,0.335115794791224,54777.5083390605,161.586648576339,1637.17742186496,274.842548336361,"Kasungu","147",65114
"184",183,10174.568419298,0.0000361681326604703,0.0000616870741649903,0.00119535330241702,0.314838032040389,54777.5168488159,161.598600645592,1637.17742263133,274.842575047235,"Kasungu","147",65114
"185",184,10174.5684117576,0.0000308479547677721,0.0000526130916882924,0.00105550908652013,0.295785809761746,54777.5248339917,161.609829470746,1637.17742328497,274.842598633452,"Kasungu","147",65114
"186",185,10174.5684053264,0.0000263103098093825,0.0000448739346928026,0.000932006754058253,0.27788522990319,54777.5323274865,161.620378766229,1637.17742384246,274.842619460117,"Kasungu","147",65114
"187",186,10174.5683998412,0.0000224401605255883,0.0000382731373892449,0.000822939362059573,0.261066830411395,54777.5393600655,161.630289610172,1637.17742431795,274.842637849737,"Kasungu","147",65114
"188",187,10174.5683951628,0.0000191393139581762,0.0000326432638503575,0.000726622081869158,0.245265321262919,54777.5459605085,161.639600602722,1637.1774247235,274.842654087177,"Kasungu","147",65114
"189",188,10174.5683911727,0.000016323970316187,0.0000278415916140318,0.00064156638904614,0.230419335942436,54777.5521557445,161.648348014907,1637.17742506939,274.842668424052,"Kasungu","147",65114
"190",189,10174.5683877694,0.0000139227736857912,0.0000237461936964453,0.000566457250550424,0.216471197482978,54777.5579709782,161.65656592864,1637.1774253644,274.842681082598,"Kasungu","147",65114
"191",190,10174.5683848668,0.0000118747972034566,0.0000202531733058919,0.00050013289137408,0.203366697982122,54777.5634298058,161.664286368521,1637.17742561602,274.842692259106,"Kasungu","147",65114
"192",191,10174.5683823911,0.0000101280306616348,0.0000172740286203778,0.000441567098735579,0.191054892061292,54777.5685543224,161.67153942519,1637.17742583062,274.842702126923,"Kasungu","147",65114
"193",192,10174.5683802796,0.00000863823530291468,0.0000147330674883495,0.000389853361574565,0.179487901327316,54777.5733652223,161.678353372005,1637.17742601366,274.842710839145,"Kasungu","147",65114
"194",193,10174.5683784787,0.00000736759597535319,0.0000125658553115665,0.00034419089015187,0.168620730678464,54777.5778818917,161.684754774572,1637.17742616977,274.842718530985,"Kasungu","147",65114
"195",194,10174.5683769427,0.00000628381259593441,0.000010717519271911,0.000303872347835947,0.15841109578832,54777.5821224943,161.690768593518,1637.17742630292,274.842725321853,"Kasungu","147",65114
"196",195,10174.5683756326,0.00000535950403993546,0.00000914097525635271,0.000268272980720243,0.148819260732373,54777.586104052,161.696418281155,1637.17742641648,274.842731317196,"Kasungu","147",65114
"197",196,10174.5683745153,0.00000457116180413127,0.00000779632915674611,0.000236840972597592,0.139807885121953,54777.5898425187,161.701725872424,1637.17742651334,274.842736610136,"Kasungu","147",65114
"198",197,10174.5683735623,0.00000389874602794463,0.00000664953826185628,0.000209088952612536,0.131341880369883,54777.5933528497,161.706712070352,1637.17742659595,274.842741282902,"Kasungu","147",65114
"199",198,10174.5683727495,0.0000033252505176009,0.00000567141907151817,0.000184586477395681,0.123388274463214,54777.5966490665,161.711396326399,1637.17742666641,274.842745408108,"Kasungu","147",65114
"200",199,10174.5683720562,0.00000283611873728918,0.00000483717017754646,0.000162953392025243,0.115916084828203,54777.5997443163,161.715796915956,1637.17742672651,274.842749049872,"Kasungu","147",65114
"201",200,10174.568371465,0.00000241893085114628,0.00000412564567508797,0.000143853961578174,0.108896198683741,54777.6026509284,161.719931009362,1637.17742677776,274.842752264812,"Kasungu","147",65114
"202",201,10174.5683709607,0.00000206311644899856,0.0000035187689476879,0.000126991678237119,0.102301260404095,54777.6053804666,161.723814738722,1637.17742682148,274.842755102923,"Kasungu","147",65114
"203",202,10174.5683705305,0.00000175963701074001,0.00000300116832008865,0.000112104726434032,0.0961055667785074,54777.6079437771,161.727463260009,1637.17742685876,274.842757608345,"Kasungu","147",65114
"204",203,10174.5683701637,0.00000150079862457274,0.00000255970490921773,0.0000989618914659683,0.0902849666959726,54777.6103510347,161.730890812528,1637.17742689057,274.84275982005,"Kasungu","147",65114
"205",204,10174.5683698508,0.00000128003237419896,0.00000218317376564716,0.0000873589375613348,0.0848167661707718,54777.6126117857,161.734110775179,1637.17742691769,274.84276177246,"Kasungu","147",65114
"206",205,10174.5683695839,0.00000109174002071229,0.00000186203329073874,0.000077115640512288,0.0796796456994999,54777.6147349855,161.737135715397,1637.17742694082,274.842763495947,"Kasungu","147",65114
"207",206,10174.5683693563,0.000000931146430484296,0.00000158813058213333,0.0000680727772624045,0.0748535719553345,54777.6167290382,161.739977441435,1637.17742696055,274.842765017339,"Kasungu","147",65114
"208",207,10174.5683691622,0.000000794176421007195,0.00000135451757395163,0.0000600897601426483,0.0703197225116471,54777.6186018299,161.74264704691,1637.17742697738,274.842766360321,"Kasungu","147",65114
"209",208,10174.5683689966,0.000000677353788211917,0.00000115527011814171,0.0000530424549661731,0.0660604126510682,54777.6203607615,161.7451549541,1637.17742699173,274.842767545804,"Kasungu","147",65114
"210",209,10174.5683688554,0.000000577718277132909,0.000000985335660594926,0.0000468213090033656,0.0620590288061271,54777.6220127781,161.747510953314,1637.17742700398,274.84276859224,"Kasungu","147",65114
"211",210,10174.5683687349,0.000000492739327146458,0.00000084039788388648,0.0000413294845461303,0.0582999580254991,54777.6235643998,161.749724244593,1637.17742701442,274.842769515938,"Kasungu","147",65114
"212",211,10174.5683686322,0.00000042025894137847,0.000000716778380411456,0.0000364815013028131,0.0547685321473578,54777.6250217463,161.751803470709,1637.17742702332,274.842770331293,"Kasungu","147",65114
"213",212,10174.5683685446,0.000000358440363968015,0.000000611342790167744,0.0000322019416111964,0.0514509718183495,54777.6263905616,161.753756750245,1637.17742703092,274.842771051003,"Kasungu","147",65114
"214",213,10174.5683684699,0.000000305715251634105,0.000000521416221651866,0.0000284241951264988,0.0483343305124108,54777.6276762375,161.755591710675,1637.17742703739,274.842771686284,"Kasungu","147",65114
"215",214,10174.5683684061,0.000000260745477882558,0.000000444718000722233,0.0000250894507655031,0.0454064447510257,54777.6288838364,161.757315517761,1637.17742704292,274.842772247035,"Kasungu","147",65114
"216",215,10174.5683683518,0.000000222390740517363,0.000000379301647095967,0.0000221457865563618,0.0426558868846842,54777.6300181104,161.758934903445,1637.17742704763,274.842772741996,"Kasungu","147",65114
"217",216,10174.5683683054,0.000000189678006875214,0.000000323507511186924,0.0000195473612741369,0.040071920632249,54777.6310835212,161.760456192097,1637.17742705165,274.842773178884,"Kasungu","147",65114
"218",217,10174.5683682659,0.00000016177693966008,0.0000002759209267038,0.0000172537040066899,0.0376444593168773,54777.6320842582,161.76188532517,1637.17742705508,274.84277356451,"Kasungu","147",65114
"219",218,10174.5683682321,0.000000137980112069371,0.000000235334001835679,0.000015229085231317,0.0353640266088891,54777.6330242544,161.763227884369,1637.177427058,274.842773904885,"Kasungu","147",65114
"220",219,10174.5683682034,0.000000117683866382697,0.000000200717000523051,0.0000134419617057354,0.0332217196374268,54777.6339072031,161.764489113424,1637.17742706049,274.842774205319,"Kasungu","147",65114
"221",220,10174.5683681788,0.000000100372898308446,0.00000017119242190485,0.0000118644863752999,0.0312091743264275,54777.6347365722,161.765673938542,1637.17742706262,274.842774470496,"Kasungu","147",65114
"222",221,10174.5683681579,0.0000000856083780866749,0.000000146010687692553,0.0000104720755876503,0.0293185328213192,54777.6355156179,161.76678698762,1637.17742706444,274.842774704553,"Kasungu","147",65114
"223",222,10174.5683681401,0.0000000730158123371845,0.000000124532844584924,0.00000924302688743935,0.0275424128809977,54777.6362473981,161.767832608308,1637.17742706598,274.842774911141,"Kasungu","147",65114
"224",223,10174.5683681248,0.0000000622753700660002,0.000000106214651174493,0.00000815818155436602,0.0258738791169337,54777.6369347843,161.768814884964,1637.1774270673,274.842775093482,"Kasungu","147",65114
"225",224,10174.5683681119,0.0000000531148551515724,0.0000000905909172618858,0.00000720062668151435,0.024306415968363,54777.6375804732,161.769737654596,1637.17742706843,274.842775254421,"Kasungu","147",65114
"226",225,10174.5683681008,0.0000000453019570165604,0.0000000772651423712726,0.00000635543205223212,0.0228339023091348,54777.638186997,161.770604521836,1637.17742706939,274.84277539647,"Kasungu","147",65114
"227",226,10174.5683680913,0.000000038638136880704,0.0000000658998324700934,0.00000560941783793953,0.0214505875880236,54777.638756734,161.771418873006,1637.17742707021,274.842775521846,"Kasungu","147",65114
"228",227,10174.5683680833,0.0000000329545714291022,0.0000000562062658909321,0.00000495094953921101,0.0201510694101839,54777.6392919178,161.772183889333,1637.17742707091,274.842775632504,"Kasungu","147",65114
"229",228,10174.5683680764,0.0000000281071668173281,0.0000000479383679755547,0.00000436975687396767,0.018930272472959,54777.6397946459,161.772902559374,1637.1774270715,274.842775730172,"Kasungu","147",65114
"230",229,10174.5683680706,0.0000000239726503630799,0.0000000408868995240169,0.00000385677388880029,0.017783428774442,54777.6402668883,161.77357769067,1637.17742707201,274.842775816375,"Kasungu","147",65114
"231",230,10174.5683680656,0.0000000204463239425255,0.0000000348726465000169,0.00000340399783976109,0.0167060590180824,54777.6407104953,161.774211920719,1637.17742707244,274.842775892458,"Kasungu","147",65114
"232",231,10174.5683680613,0.0000000174388268718993,0.0000000297428645238162,0.00000300436454790493,0.0156939551412341,54777.6411272047,161.774807727261,1637.17742707281,274.842775959609,"Kasungu","147",65114
"233",232,10174.5683680577,0.0000000148735951114991,0.0000000253678708782808,0.00000265163836536149,0.0147431638998636,54777.6415186485,161.77536743796,1637.17742707313,274.842776018876,"Kasungu","147",65114
"234",233,10174.5683680546,0.0000000126857066642106,0.0000000216364110180091,0.00000234031507335797,0.0138499714457053,54777.6418863598,161.775893239488,1637.1774270734,274.842776071185,"Kasungu","147",65114
"235",234,10174.5683680519,0.0000000108197587657792,0.0000000184536476571688,0.00000206553611040005,0.013010888835985,54777.6422317783,161.776387186066,1637.17742707362,274.842776117352,"Kasungu","147",65114
"236",235,10174.5683680497,0.00000000922817690309175,0.0000000157392417203647,0.00000182301285628273,0.0122226384194264,54777.6425562564,161.77685120748,1637.17742707382,274.842776158099,"Kasungu","147",65114
"237",236,10174.5683680477,0.00000000787070957460028,0.0000000134241174576677,0.00000160895982717254,0.011482141045638,54777.6428610643,161.777287116624,1637.17742707399,274.842776194061,"Kasungu","147",65114
"238",237,10174.5683680461,0.00000000671302160963612,0.0000000114493676199797,0.00000142003565995358,0.0107865040481697,54777.643147395,161.777696616574,1637.17742707413,274.842776225801,"Kasungu","147",65114
"239",238,10174.5683680447,0.00000000572553348178278,0.00000000976525303184091,0.0000012532910157502,0.0101330099545101,54777.6434163693,161.77808130724,1637.17742707425,274.842776253813,"Kasungu","147",65114
"240",239,10174.5683680435,0.00000000488329335821338,0.00000000832887912247687,0.00000110612262520386,0.00951910587911483,54777.6436690396,161.778442691615,1637.17742707435,274.842776278537,"Kasungu","147",65114
"241",240,10174.5683680425,0.00000000416503559267254,0.00000000710363390314468,0.000000976232686655127,0.00894239355820022,54777.6439063948,161.778782181647,1637.17742707444,274.842776300357,"Kasungu","147",65114
"242",241,10174.5683680416,0.00000000355235334776424,0.00000000605875016856665,0.000000861593023767044,0.0084006199875235,54777.6441293634,161.779101103749,1637.17742707452,274.842776319615,"Kasungu","147",65114
"243",242,10174.5683680409,0.00000000302978156499416,0.00000000516758701553584,0.000000760413477662481,0.0078916686267045,54777.6443388178,161.779400703983,1637.17742707458,274.842776336611,"Kasungu","147",65114
"244",243,10174.5683680402,0.00000000258416152099592,0.0000000044073686284697,0.000000671113976133258,0.00741355113584747,54777.6445355775,161.779682152926,1637.17742707464,274.842776351612,"Kasungu","147",65114
"245",244,10174.5683680397,0.00000000220402544605379,0.0000000037590866926743,0.000000592299875444014,0.00696439961228203,54777.6447204121,161.779946550243,1637.17742707468,274.842776364851,"Kasungu","147",65114
"246",245,10174.5683680392,0.00000000187978949327522,0.00000000320619285729264,0.000000522740223103265,0.00654245929718403,54777.6448940446,161.78019492898,1637.17742707472,274.842776376535,"Kasungu","147",65114
"247",246,10174.5683680388,0.00000000160332268128527,0.00000000273449943637027,0.000000461348545386322,0.00614608172366502,54777.6450571541,161.780428259602,1637.17742707476,274.842776386847,"Kasungu","147",65114
"248",247,10174.5683680385,0.00000000136746885802021,0.00000000233228298652753,0.000000407165884007662,0.0057737182796312,54777.6452103785,161.780647453782,1637.17742707479,274.842776395947,"Kasungu","147",65114
"249",248,10174.5683680382,0.00000000116628920670543,0.00000000198926364917578,0.000000359345849019239,0.00542391416032384,54777.6453543171,161.780853367963,1637.17742707481,274.842776403979,"Kasungu","147",65114
"250",249,10174.568368038,0.00000000099476993381977,0.00000000169658595336053,0.000000317141404405622,0.00509530268697171,54777.6454895327,161.781046806704,1637.17742707483,274.842776411068,"Kasungu","147",65114
"251",250,10174.5683680378,0.000000000848435641907441,0.00000000144703663878672,0.000000279893198471981,0.00478659996940661,54777.6456165542,161.781228525821,1637.17742707485,274.842776417324,"Kasungu","147",65114
"252",251,10174.5683680376,0.000000000723605861205882,0.00000000123423048765068,0.000000247019287182612,0.00449659989183097,54777.6457358781,161.781399235344,1637.17742707487,274.842776422845,"Kasungu","147",65114
"253",252,10174.5683680375,0.000000000617198556753443,0.00000000105262422045471,0.000000218006045993868,0.00422416940218641,54777.6458479711,161.781559602285,1637.17742707488,274.842776427718,"Kasungu","147",65114
"254",253,10174.5683680373,0.000000000526406599074913,0.000000000897794313028722,0.000000192400141815454,0.0039682440867516,54777.6459532715,161.781710253247,1637.17742707489,274.842776432019,"Kasungu","147",65114
"255",254,10174.5683680372,0.000000000448948138423664,0.000000000765776286556317,0.000000169801468426397,0.00372782401270769,54777.6460521908,161.781851776874,1637.1774270749,274.842776435814,"Kasungu","147",65114
"256",255,10174.5683680371,0.000000000382937414702275,0.000000000653085742196045,0.0000001498568966483,0.00350196982245516,54777.646145116,161.781984726144,1637.17742707491,274.842776439164,"Kasungu","147",65114
"257",256,10174.568368037,0.000000000326606798269541,0.000000000557022448221295,0.000000132254751225147,0.00328979906444497,54777.6462324102,161.782109620538,1637.17742707491,274.84277644212,"Kasungu","147",65114
"258",257,10174.568368037,0.000000000278540183042212,0.000000000475127288331834,0.000000116719955070923,0.00309048274620729,54777.6463144147,161.782226948062,1637.17742707492,274.842776444729,"Kasungu","147",65114
"259",258,10174.5683680369,0.000000000237591802570858,0.000000000405197067769909,0.000000103009731740377,0.00290324209612906,54777.6463914501,161.782337167159,1637.17742707492,274.842776447031,"Kasungu","147",65114
"260",259,10174.5683680369,0.000000000202642884548602,0.000000000345594085933632,0.0000000909098052956906,0.00272734552134373,54777.6464638176,161.782440708495,1637.17742707493,274.842776449063,"Kasungu","147",65114
"261",260,10174.5683680368,0.000000000172812898911075,0.000000000294795884870664,0.0000000802310633049009,0.00256210574986,54777.6465318,161.782537976647,1637.17742707493,274.842776450857,"Kasungu","147",65114
"262",261,10174.5683680368,0.000000000147413049097975,0.000000000251397850363977,0.0000000708066020832408,0.00240687714577664,54777.6465956631,161.78262935168,1637.17742707494,274.842776452439,"Kasungu","147",65114
"263",262,10174.5683680368,0.000000000125730569487275,0.000000000214415669409192,0.0000000624891116813517,0.00226105318710402,54777.6466556565,161.782715190632,1637.17742707494,274.842776453836,"Kasungu","147",65114
"264",263,10174.5683680367,0.000000000107216034870046,0.000000000182910050666434,0.0000000551485830152946,0.00212406409634632,54777.6467120147,161.782795828912,1637.17742707494,274.842776455069,"Kasungu","147",65114
"265",264,10174.5683680367,0.0000000000914621121036127,0.000000000155975363136515,0.0000000486702766016932,0.00199537461459583,54777.6467649581,161.782871581607,1637.17742707494,274.842776456157,"Kasungu","147",65114
"266",265,10174.5683680367,0.0000000000780109342063136,0.000000000133027572157736,0.0000000429529227130072,0.00187448191044945,54777.6468146934,161.782942744715,1637.17742707494,274.842776457117,"Kasungu","147",65114
"267",266,10174.5683680367,0.0000000000665176340292745,0.000000000113490694755095,0.0000000379071462435015,0.00176091361558285,54777.6468614152,161.783009596301,1637.17742707495,274.842776457964,"Kasungu","147",65114
"268",267,10174.5683680367,0.0000000000567475585068162,0.0000000000967720168927467,0.0000000334540705463654,0.00165422597931307,54777.6469053061,161.783072397582,1637.17742707495,274.842776458712,"Kasungu","147",65114
"269",268,10174.5683680366,0.0000000000484035958797472,0.0000000000825314081565973,0.0000000295240783081319,0.0015540021349441,54777.6469465375,161.78313139395,1637.17742707495,274.842776459372,"Kasungu","147",65114
"270",269,10174.5683680366,0.0000000000412683529811166,0.0000000000704172748756692,0.0000000260557253792638,0.0014598504622127,54777.6469852707,161.783186815938,1637.17742707495,274.842776459954,"Kasungu","147",65114
"271",270,10174.5683680366,0.0000000000352051731834045,0.0000000000600464296071565,0.000000022994779155956,0.00137140305916143,54777.647021657,161.783238880111,1637.17742707495,274.842776460468,"Kasungu","147",65114
"272",271,10174.5683680366,0.0000000000300330257724485,0.0000000000512025821058281,0.0000000202934019540273,0.00128831435416762,54777.6470558387,161.783287789893,1637.17742707495,274.842776460922,"Kasungu","147",65114
"273",272,10174.5683680366,0.000000000025608027900964,0.0000000000436829872399339,0.0000000179093591375059,0.00121025968989008,54777.6470879492,161.783333736395,1637.17742707495,274.842776461322,"Kasungu","147",65114
"274",273,10174.5683680366,0.0000000000218414521593402,0.0000000000372567019588368,0.0000000158053756874736,0.00113693407494395,54777.6471181142,161.783376899151,1637.17742707495,274.842776461675,"Kasungu","147",65114
"275",274,10174.5683680366,0.0000000000186324276188961,0.0000000000317697599292351,0.0000000139485545708984,0.00106805099600672,54777.6471464515,161.783417446819,1637.17742707495,274.842776461987,"Kasungu","147",65114
"276",275,10174.5683680366,0.0000000000158890732177081,0.0000000000271008111488883,0.0000000123098622467776,0.00100334129803587,54777.6471730718,161.783455537838,1637.17742707495,274.842776462262,"Kasungu","147",65114
"277",276,10174.5683680366,0.0000000000135508868482799,0.0000000000231158891235064,0.0000000108636760871138,0.000942552132725913,54777.6471980793,161.783491321046,1637.17742707495,274.842776462505,"Kasungu","147",65114
"278",277,10174.5683680366,0.0000000000115595067613867,0.0000000000197122631299626,0.00000000958738277413451,0.000885445970594755,54777.6472215715,161.783524936267,1637.17742707495,274.842776462719,"Kasungu","147",65114
"279",278,10174.5683680366,0.00000000000985852318706714,0.0000000000168136266952061,0.00000000846102486226788,0.000831799672917411,54777.6472436403,161.783556514851,1637.17742707495,274.842776462908,"Kasungu","147",65114
"280",279,10174.5683680366,0.00000000000840753098024192,0.0000000000143417534910962,0.00000000746698944188259,0.000781403619884877,54777.647264372,161.783586180191,1637.17742707495,274.842776463075,"Kasungu","147",65114
"281",280,10174.5683680366,0.00000000000717159285789466,0.0000000000122307355152379,0.00000000658973243331534,0.000734060891578847,54777.6472838476,161.783614048204,1637.17742707495,274.842776463223,"Kasungu","147",65114
"282",281,10174.5683680366,0.00000000000611668000498346,0.0000000000104315755797073,0.00000000581553544859024,0.000689586498563467,54777.6473021432,161.783640227783,1637.17742707495,274.842776463353,"Kasungu","147",65114
"283",282,10174.5683680366,0.00000000000521644286894387,0.00000000000889792381908907,0.00000000513229164118518,0.000647806659088537,54777.6473193303,161.783664821225,1637.17742707495,274.842776463467,"Kasungu","147",65114
"284",283,10174.5683680366,0.00000000000444936958701832,0.00000000000758860813212358,0.00000000452931634941822,0.000608558120080692,54777.647335476,161.78368792463,1637.17742707495,274.842776463569,"Kasungu","147",65114
"285",284,10174.5683680366,0.00000000000379500649480732,0.00000000000647210499037651,0.00000000399717992639487,0.000571687519270045,54777.6473506435,161.783709628273,1637.17742707495,274.842776463658,"Kasungu","147",65114
"286",285,10174.5683680366,0.00000000000323653810801953,0.00000000000552045433547378,0.00000000352756044092551,0.00053705078596044,54777.6473648921,161.783730016961,1637.17742707495,274.842776463737,"Kasungu","147",65114
"287",286,10174.5683680366,0.00000000000276049757776541,0.00000000000470831646427593,0.00000000311311357426407,0.000504512578102401,54777.6473782773,161.783749170363,1637.17742707495,274.842776463806,"Kasungu","147",65114
"288",287,10174.5683680366,0.00000000000235453616671722,0.00000000000401555075076664,0.00000000274735771724415,0.000473945753469634,54777.6473908515,161.783767163321,1637.17742707495,274.842776463868,"Kasungu","147",65114
"289",288,10174.5683680366,0.00000000000200809823265393,0.00000000000342501912210493,0.00000000242457266893361,0.000445230872873146,54777.6474026639,161.783784066142,1637.17742707495,274.842776463922,"Kasungu","147",65114
"290",289,10174.5683680366,0.00000000000171269843034579,0.00000000000292122173836211,0.0000000021397102201866,0.000418255733472169,54777.6474137606,161.783799944874,1637.17742707495,274.84277646397,"Kasungu","147",65114
"291",290,10174.5683680366,0.00000000000146082052059446,0.00000000000249141475224773,0.00000000188831518499327,0.000392914930358651,54777.647424185,161.783814861564,1637.17742707495,274.842776464012,"Kasungu","147",65114
"292",291,10174.5683680366,0.00000000000124590924151924,0.00000000000212497563456975,0.00000000166645574573078,0.000369109444702503,54777.6474339777,161.783828874499,1637.17742707495,274.842776464049,"Kasungu","147",65114
"293",292,10174.5683680366,0.00000000000106261854525586,0.00000000000181242665148256,0.00000000147066198995265,0.000346746256848538,54777.6474431772,161.783842038433,1637.17742707495,274.842776464082,"Kasungu","147",65114
"294",293,10174.5683680366,0.000000000000906334781423658,0.00000000000154577633206259,0.00000000129787163835433,0.000325737982853524,54777.6474518193,161.783854404806,1637.17742707495,274.842776464111,"Kasungu","147",65114
"295",294,10174.5683680366,0.00000000000077301034101456,0.0000000000013184008232388,0.00000000114538215765097,0.000306002533043308,54777.6474599377,161.783866021939,1637.17742707495,274.842776464137,"Kasungu","147",65114
"296",295,10174.5683680366,0.000000000000659288279117602,0.00000000000112448815090407,0.00000000101080850917018,0.000287462791256015,54777.6474675643,161.783876935226,1637.17742707495,274.842776464159,"Kasungu","147",65114
"297",296,10174.5683680366,0.000000000000562317393321737,0.000000000000959060910851462,0.000000000892045848436215,0.000270046313518119,54777.6474747288,161.783887187311,1637.17742707495,274.842776464179,"Kasungu","147",65114
"298",297,10174.5683680366,0.000000000000479603454291392,0.000000000000817980356374488,0.000000000787236606718357,0.000253685044976103,54777.6474814593,161.783896818254,1637.17742707495,274.842776464197,"Kasungu","147",65114
"299",298,10174.5683680366,0.000000000000409047468000972,0.0000000000006976682144561,0.000000000694741446126012,0.000238315053977736,54777.6474877819,161.783905865688,1637.17742707495,274.842776464212,"Kasungu","147",65114
"300",299,10174.5683680366,0.000000000000348879664060687,0.000000000000595037668742333,0.000000000613113622436840,0.00022387628226401,54777.6474937215,161.783914364966,1637.17742707495,274.842776464226,"Kasungu","147",65114
"301",300,10174.5683680366,0.000000000000297562465042684,0.000000000000507503961128846,0.000000000541076357861099,0.000210312310295695,54777.6474993012,161.783922349299,1637.17742707495,274.842776464238,"Kasungu","147",65114
"302",301,10174.5683680366,0.000000000000253788424250945,0.000000000000432855802837441,0.000000000477502875135286,0.000197570136797607,54777.6475045428,161.783929849886,1637.17742707495,274.842776464249,"Kasungu","147",65114
"303",302,10174.5683680366,0.000000000000216456628146596,0.000000000000369182948045908,0.000000000421398776105092,0.000185599971659249,54777.6475094669,161.783936896035,1637.17742707495,274.842776464258,"Kasungu","147",65114
"304",303,10174.5683680366,0.000000000000184617756885069,0.000000000000314873795973035,0.000000000371886488648212,0.000174355041375405,54777.6475140927,161.78394351528,1637.17742707495,274.842776464266,"Kasungu","147",65114
"305",304,10174.5683680366,0.000000000000157462920896074,0.000000000000268562444507457,0.000000000328193833671513,0.000163791475807796,54777.6475184381,161.783949733444,1637.17742707495,274.842776464274,"Kasungu","147",65114
"306",305,10174.5683680366,0.000000000000134303538822544,0.000000000000229065350707749,0.000000000289635708557749,0.00015386795706462,54777.6475225203,161.78395557485,1637.17742707495,274.84277646428,"Kasungu","147",65114
"307",306,10174.5683680366,0.000000000000114551098191273,0.000000000000195374891944837,0.000000000255607414041644,0.000144545666807592,54777.6475263551,161.783961062346,1637.17742707495,274.842776464286,"Kasungu","147",65114
"308",307,10174.5683680366,0.0000000000000977036252862891,0.000000000000166639568752156,0.000000000225576900026433,0.000135788179176806,54777.6475299576,161.783966217376,1637.17742707495,274.842776464291,"Kasungu","147",65114
"309",308,10174.5683680366,0.0000000000000833336867161028,0.000000000000142131108326533,0.000000000199074524360275,0.000127561275099515,54777.6475333418,161.783971060081,1637.17742707495,274.842776464295,"Kasungu","147",65114
"310",309,10174.5683680366,0.0000000000000710773010224253,0.000000000000121227102769522,0.000000000175685786698078,0.000119832808498834,54777.647536521,161.783975609384,1637.17742707495,274.842776464299,"Kasungu","147",65114
"311",310,10174.5683680366,0.0000000000000606236133868946,0.000000000000103397430540303,0.000000000155044887869118,0.000112572580933254,54777.6475395075,161.783979883062,1637.17742707495,274.842776464303,"Kasungu","147",65114
"312",311,10174.5683680366,0.0000000000000517073570260527,0.0000000000000881901613058033,0.000000000136829002761062,0.000105752223567477,54777.6475423132,161.783983897814,1637.17742707495,274.842776464306,"Kasungu","147",65114
"313",312,10174.5683680366,0.0000000000000441024437732513,0.0000000000000752195504747808,0.000000000120753231782899,0.000099345086323644,54777.6475449488,161.783987669327,1637.17742707495,274.842776464309,"Kasungu","147",65114
"314",313,10174.5683680366,0.0000000000000376160474937049,0.0000000000000641565704580499,0.000000000106566145648147,0.0000933261337490717,54777.6475474248,161.783991212337,1637.17742707495,274.842776464311,"Kasungu","147",65114
"315",314,10174.5683680366,0.0000000000000320836447124569,0.0000000000000547206835604554,0.0000000000940458533435067,0.0000876718471926478,54777.6475497507,161.78399454069,1637.17742707495,274.842776464313,"Kasungu","147",65114
"316",315,10174.5683680366,0.0000000000000273649167767899,0.0000000000000466725997351,0.0000000000829965320277089,0.0000823601329079428,54777.6475519357,161.78399766739,1637.17742707495,274.842776464315,"Kasungu","147",65114
"317",316,10174.5683680366,0.0000000000000233401996744947,0.0000000000000398081934217043,0.0000000000732453645773709,0.0000773702357239528,54777.6475539884,161.784000604655,1637.17742707495,274.842776464317,"Kasungu","147",65114
"318",317,10174.5683680366,0.0000000000000199074230348182,0.0000000000000339533712747767,0.0000000000646398368918179,0.0000726826579461572,54777.6475559167,161.784003363962,1637.17742707495,274.842776464318,"Kasungu","147",65114
"319",318,10174.5683680366,0.0000000000000169795239541769,0.0000000000000289596527236561,0.0000000000570453526991712,0.0000682790831710131,54777.6475577281,161.784005956092,1637.17742707495,274.842776464319,"Kasungu","147",65114
"320",319,10174.5683680366,0.000000000000014482247210308,0.0000000000000247003902497679,0.0000000000503431285658347,0.0000641423047162036,54777.6475594298,161.784008391175,1637.17742707495,274.84277646432,"Kasungu","147",65114
"321",320,10174.5683680366,0.0000000000000123522596574267,0.0000000000000210675615235338,0.0000000000444283361928507,0.0000602561583869964,54777.6475610284,161.784010678726,1637.17742707495,274.842776464321,"Kasungu","147",65114
"322",321,10174.5683680366,0.0000000000000105355417796498,0.0000000000000179690336275777,0.0000000000392084629501805,0.0000566054593160058,54777.6475625302,161.784012827681,1637.17742707495,274.842776464322,"Kasungu","147",65114
"323",322,10174.5683680366,0.00000000000000898601892822134,0.000000000000015326224324534,0.0000000000346018650119967,0.0000531759426295718,54777.6475639409,161.78401484644,1637.17742707495,274.842776464323,"Kasungu","147",65114
"324",323,10174.5683680366,0.00000000000000766439330920292,0.000000000000013072108253116,0.0000000000305364904672886,0.0000499542077089174,54777.6475652662,161.784016742889,1637.17742707495,274.842776464324,"Kasungu","147",65114
"325",324,10174.5683680366,0.0000000000000065371468333437,0.0000000000000111495179405665,0.0000000000269487524380294,0.0000469276658282946,54777.6475665112,161.78401852444,1637.17742707495,274.842776464324,"Kasungu","147",65114
"326",325,10174.5683680366,0.00000000000000557569098870012,0.00000000000000950969407053238,0.0000000000237825345828169,0.0000440844909655213,54777.6475676808,161.784020198053,1637.17742707495,274.842776464325,"Kasungu","147",65114
"327",326,10174.5683680366,0.00000000000000475564197955452,0.0000000000000081110485737169,0.0000000000209883134339083,0.0000414135735927088,54777.6475687795,161.784021770268,1637.17742707495,274.842776464325,"Kasungu","147",65114
"328",327,10174.5683680366,0.0000000000000040562023075648,0.00000000000000691810992319928,0.0000000000185223838424787,0.0000389044772666229,54777.6475698116,161.784023247228,1637.17742707495,274.842776464326,"Kasungu","147",65114
"329",328,10174.5683680366,0.00000000000000345963326289474,0.0000000000000059006236270499,0.0000000000163461754192724,0.0000365473978490616,54777.6475707812,161.784024634704,1637.17742707495,274.842776464326,"Kasungu","147",65114
"330",329,10174.5683680366,0.00000000000000295080506309015,0.00000000000000503278490756398,0.0000000000144256492807404,0.0000343331251979072,54777.6475716921,161.784025938119,1637.17742707495,274.842776464326,"Kasungu","147",65114
"331",330,10174.5683680366,0.00000000000000251681315770707,0.00000000000000429258423122704,0.0000000000127307656665274,0.0000322530071791659,54777.6475725478,161.784027162564,1637.17742707495,274.842776464327,"Kasungu","147",65114
"332",331,10174.5683680366,0.00000000000000214664981143785,0.00000000000000366124720117459,0.0000000000112350113193591,0.0000302989149738109,54777.6475733516,161.784028312825,1637.17742707495,274.842776464327,"Kasungu","147",65114
"333",332,10174.5683680366,0.00000000000000183028962256663,0.00000000000000312167486315748,0.00000000000991333450400925,0.000028462632850504,54777.647574107,161.784029393739,1637.17742707495,274.842776464327,"Kasungu","147",65114
"334",333,10174.5683680366,0.00000000000000156056623434511,0.0000000000000026616445430169,0.00000000000874714322573845,0.0000267376297295663,54777.6475748166,161.784030409148,1637.17742707495,274.842776464327,"Kasungu","147",65114
"335",334,10174.5683680366,0.00000000000000133060756963154,0.00000000000000226943547725102,0.00000000000771816579208347,0.0000251171740694151,54777.6475754832,161.784031363017,1637.17742707495,274.842776464327,"Kasungu","147",65114
"336",335,10174.5683680366,0.00000000000000113453479782311,0.00000000000000193502094769947,0.00000000000681023236684953,0.0000235949274392354,54777.6475761094,161.784032259076,1637.17742707495,274.842776464328,"Kasungu","147",65114
"337",336,10174.5683680366,0.000000000000000967354369410104,0.00000000000000164988413950512,0.00000000000600910372734584,0.0000221649377855048,54777.6475766976,161.784033100828,1637.17742707495,274.842776464328,"Kasungu","147",65114
"338",337,10174.5683680366,0.000000000000000824808965673565,0.00000000000000140676392603767,0.00000000000530221609750524,0.0000208216138034149,54777.6475772502,161.784033891565,1637.17742707495,274.842776464328,"Kasungu","147",65114
"339",338,10174.5683680366,0.0000000000000007032684734797,0.00000000000000119946891945421,0.0000000000046784834945203,0.000019559703051216,54777.6475777693,161.784034634379,1637.17742707495,274.842776464328,"Kasungu","147",65114
"340",339,10174.5683680366,0.000000000000000599637693574062,0.00000000000000102272006139859,0.00000000000412812401313926,0.0000183742714154289,54777.6475782569,161.784035332174,1637.17742707495,274.842776464328,"Kasungu","147",65114
"341",340,10174.5683680366,0.000000000000000511277523606008,0.000000000000000872016195676013,0.00000000000364250642808307,0.0000172606838183528,54777.647578715,161.784035987679,1637.17742707495,274.842776464328,"Kasungu","147",65114
"342",341,10174.5683680366,0.000000000000000435937748653725,0.000000000000000743519438232795,0.00000000000321401483663447,0.0000162145860947791,54777.6475791453,161.784036603456,1637.17742707495,274.842776464328,"Kasungu","147",65114
"343",342,10174.5683680366,0.000000000000000371699736301607,0.000000000000000633957439977968,0.00000000000283592922385419,0.0000152318879670801,54777.6475795495,161.784037181914,1637.17742707495,274.842776464328,"Kasungu","147",65114
"344",343,10174.5683680366,0.000000000000000316927575997608,0.000000000000000540540051862912,0.00000000000250232007701443,0.0000143087470521047,54777.6475799293,161.784037725313,1637.17742707495,274.842776464328,"Kasungu","147",65114
"345",344,10174.5683680366,0.000000000000000270226418310451,0.0000000000000004608882698468,0.00000000000220795539663611,0.0000134415538373466,54777.647580286,161.78403823578,1637.17742707495,274.842776464328,"Kasungu","147",65114
"346",345,10174.5683680366,0.00000000000000023040695314392,0.000000000000000392973650241632,0.00000000000194821864593183,0.0000126269175676434,54777.6475806211,161.784038715309,1637.17742707495,274.842776464328,"Kasungu","147",65114
"347",346,10174.5683680366,0.00000000000000019645512229702,0.00000000000000033506665256541,0.00000000000171903635197781,0.0000118616529872206,54777.6475809359,161.784039165776,1637.17742707495,274.842776464328,"Kasungu","147",65114
"348",347,10174.5683680366,0.000000000000000167506295057987,0.000000000000000285692594382234,0.00000000000151681422328555,0.0000111427678852452,54777.6475812316,161.784039588942,1637.17742707495,274.842776464328,"Kasungu","147",65114
"349",348,10174.5683680366,0.000000000000000142823249177652,0.000000000000000243594096457923,0.00000000000133838078198949,0.0000104674513961882,54777.6475815094,161.784039986462,1637.17742707495,274.842776464329,"Kasungu","147",65114
"350",349,10174.5683680366,0.000000000000000121777396476952,0.000000000000000207699061844641,0.00000000000118093762670493,0.00000983306300925376,54777.6475817704,161.78404035989,1637.17742707495,274.842776464329,"Kasungu","147",65114
"351",350,10174.5683680366,0.000000000000000103832774972503,0.000000000000000177093373437297,0.00000000000104201554608676,0.00000923712224389834,54777.6475820155,161.784040710686,1637.17742707495,274.842776464329,"Kasungu","147",65114
"352",351,10174.5683680366,0.0000000000000000885323998573978,0.000000000000000150997614706901,0.000000000000919435794866399,0.00000867729895107376,54777.6475822458,161.784041040221,1637.17742707495,274.842776464329,"Kasungu","147",65114
"353",352,10174.5683680366,0.0000000000000000754866257459252,0.000000000000000128747220771908,0.000000000000811275925099145,0.00000815140420226995,54777.6475824622,161.784041349785,1637.17742707495,274.842776464329,"Kasungu","147",65114
"354",353,10174.5683680366,0.0000000000000000643632238105339,0.000000000000000109775554326905,0.000000000000715839636786365,0.0000076573817307342,54777.6475826654,161.784041640587,1637.17742707495,274.842776464329,"Kasungu","147",65114
"355",354,10174.5683680366,0.0000000000000000548789211115122,0.0000000000000000935994754335595,0.000000000000631630175067082,0.0000071932998914017,54777.6475828563,161.784041913766,1637.17742707495,274.842776464329,"Kasungu","147",65114
"356",355,10174.5683680366,0.0000000000000000467921866566087,0.0000000000000000798070376884473,0.000000000000557326856789492,0.00000675734410810054,54777.6475830356,161.784042170388,1637.17742707495,274.842776464329,"Kasungu","147",65114
"357",356,10174.5683680366,0.0000000000000000398970804775462,0.0000000000000000680469974335093,0.000000000000491764358346956,0.0000063478097784995,54777.6475832041,161.784042411457,1637.17742707495,274.842776464329,"Kasungu","147",65114
"358",357,10174.5683680366,0.0000000000000000340180090815863,0.0000000000000000580198688465581,0.000000000000433914439964572,0.00000596309560905692,54777.6475833623,161.784042637916,1637.17742707495,274.842776464329,"Kasungu","147",65114
"359",358,10174.5683680366,0.0000000000000000290052537184059,0.0000000000000000494702971172403,0.000000000000382869819830495,0.00000560169735391003,54777.647583511,161.78404285065,1637.17742707495,274.842776464329,"Kasungu","147",65114
"360",359,10174.5683680366,0.0000000000000000247311575833665,0.0000000000000000421805554807493,0.000000000000337829945179882,0.00000526220193322365,54777.6475836506,161.784043050491,1637.17742707495,274.842776464329,"Kasungu","147",65114
"361",360,10174.5683680366,0.0000000000000000210868748589908,0.0000000000000000359650005021805,0.000000000000298088437187354,0.000004943281908001,54777.6475837818,161.784043238221,1637.17742707495,274.842776464329,"Kasungu","147",65114
"362",361,10174.5683680366,0.0000000000000000179795988044572,0.0000000000000000306653444076186,0.000000000000263022012772607,0.00000464369028975269,54777.6475839051,161.784043414573,1637.17742707495,274.842776464329,"Kasungu","147",65114
"363",362,10174.5683680366,0.0000000000000000153301983025431,0.000000000000000026146624065273,0.00000000000023208070958496,0.0000043622556647299,54777.6475840208,161.784043580238,1637.17742707495,274.842776464329,"Kasungu","147",65114
"364",363,10174.5683680366,0.000000000000000013071202675392,0.0000000000000000222937639611465,0.000000000000204779260869314,0.00000409787761365706,54777.6475841296,161.784043735862,1637.17742707495,274.842776464329,"Kasungu","147",65114
"365",364,10174.5683680366,0.0000000000000000111450834496271,0.0000000000000000190086456406212,0.000000000000180689484948712,0.00000384952240905527,54777.6475842318,161.784043882054,1637.17742707495,274.842776464329,"Kasungu","147",65114
"366",365,10174.5683680366,0.00000000000000000914806860415209,0.0000000000000000161228815733437,0.000000000000159433569970225,0.00000361621897333276,54777.6475843277,161.784044019386,1637.17742707495,274.842776464329,"Kasungu","147",65114
