"","time","S","E","I","H","C","R","D","inci","hosp","crits","lvl2","lvl3","lvl4","ID","POP"
"1",1,40759.76933,0,1,0,0,0,0,0,0,0,"Malawi","Chikwawa","TA Katunga","157",40760.76933
"2",2,40759.0318826784,0.607721021855776,0.794511715469833,0.00908028144306838,0.000102794687872423,0.326030199065256,1.30909880087654e-06,0.737447321620607,0.00968279562068429,0.000105017808436241,"Malawi","Chikwawa","TA Katunga","157",40760.76933
"3",3,40758.3671480735,0.965671004991138,0.799128900017495,0.0162187741586083,0.000365955330049583,0.620787781785087,9.51019733228159e-06,1.40218192647971,0.0184110123346299,0.000382105612397415,"Malawi","Chikwawa","TA Katunga","157",40760.76933
"4",4,40757.6525859379,1.25286214123017,0.901676938414581,0.0231441549556473,0.000759730734099943,0.938271258363114,2.98383519835255e-05,2.11674406204959,0.0277936421215825,0.000810402428123806,"Malawi","Chikwawa","TA Katunga","157",40760.76933
"5",5,40756.8251640299,1.54334258210062,1.06248495982069,0.0306552982706722,0.00128116619648558,1.30633497073727,6.69929607238889e-05,2.94416597008645,0.0386583939910766,0.0013949341019459,"Malawi","Chikwawa","TA Katunga","157",40760.76933
"6",6,40755.8415032062,1.87183263043629,1.27048851364607,0.0392177485383589,0.001940178985605,1.74422189628642,0.000125825903250794,3.92782679379599,0.0515749824015405,0.00215385739764735,"Malawi","Chikwawa","TA Katunga","157",40760.76933
"7",7,40754.6618849275,2.25918964091813,1.52648706318128,0.0491985024190245,0.00275461651752745,2.26960354155075,0.000211707935148622,5.10744507252186,0.0670651267673368,0.00311414038527316,"Malawi","Chikwawa","TA Katunga","157",40760.76933
"8",8,40753.2433034763,2.72246381103195,1.83687673906524,0.0609626998117713,0.00374886801543614,2.90164361743085,0.000330788358460543,6.52602652371371,0.0856938071882936,0.00431061507491929,"Malawi","Chikwawa","TA Katunga","157",40760.76933
"9",9,40751.5358346517,3.27907987620574,2.21144771261835,0.0749184669743134,0.00495395980150026,3.662605097994,0.000490234744712719,8.23349534833862,0.108116989916809,0.00578647980788885,"Malawi","Chikwawa","TA Katunga","157",40760.76933
"10",10,40749.4800924323,3.94881646849614,2.66278975650729,0.0915432649482194,0.00640835837234317,4.57898122927528,0.000698490085941445,10.2892375676852,0.135115088668803,0.00759453902779855,"Malawi","Chikwawa","TA Katunga","157",40760.76933
"11",11,40747.0048642542,4.75501925648138,3.20636554158132,0.111405024761186,0.00815921312507606,5.68255114131281,0.000965568557905959,12.7644657458197,0.167624111300506,0.00979894827372929,"Malawi","Chikwawa","TA Katunga","157",40760.76933
"12",12,40744.0245429989,5.72560278918544,3.86090459222455,0.135183393399893,0.010263964223201,7.0115288586959,0.00130340336447343,15.7447870010935,0.206769519586618,0.0124774127578498,"Malawi","Chikwawa","TA Katunga","157",40760.76933
"13",13,40740.4361389762,6.89408444056841,4.64899200527243,0.163693735283235,0.0127923296241644,8.61190225197078,0.00172626110430686,19.3331910238233,0.253905667976845,0.0157238780733224,"Malawi","Chikwawa","TA Katunga","157",40760.76933
"14",14,40736.1157427394,8.30075310010156,5.59781877662003,0.197915245628849,0.01582871369165,10.5390201891818,0.00225123536920741,23.6535872605931,0.310662544943743,0.0196517770386861,"Malawi","Chikwawa","TA Katunga","157",40760.76933
"15",15,40730.9142682149,9.99405358787682,6.74010425287354,0.239024678864649,0.0194751360196681,12.8595052879995,0.00289884150165325,28.8550617851358,0.379002099563514,0.024397968543279,"Malawi","Chikwawa","TA Katunga","157",40760.76933
"16",16,40724.6523482421,12.0322328086943,8.11521180032572,0.288436764790869,0.023854768830855,15.6535518845733,0.00369373061997676,35.1169817578349,0.461285909424579,0.0301274875079916,"Malawi","Chikwawa","TA Katunga","157",40760.76933
"17",17,40718.2866921165,13.5032029972769,9.60251898439024,0.347226376529395,0.02911263843237,18.9959113847803,0.00466550203209721,41.4826378834412,0.559709288397048,0.0370356259877374,"Malawi","Chikwawa","TA Katunga","157",40760.76933
"18",18,40710.8362621429,15.4064235037356,11.1610195478613,0.414900808039483,0.0353889432703681,22.9094859282512,0.00584912589521301,48.9330678570532,0.674924600958658,0.0453219689895141,"Malawi","Chikwawa","TA Katunga","157",40760.76933
"19",19,40702.2100231782,17.6813776303571,12.8931950457111,0.491759490850303,0.0428109128920496,27.4428793130834,0.00728442885191203,57.5593068217459,0.808349260225862,0.0551813799381682,"Malawi","Chikwawa","TA Katunga","157",40760.76933
"20",20,40692.2600934218,20.3333227108114,14.8620550753705,0.57889182635658,0.0515137533708263,32.6744371960688,0.00901601615137634,67.5092365781295,0.962282970763864,0.0668248138472559,"Malawi","Chikwawa","TA Katunga","157",40760.76933
"21",21,40680.7991547488,23.3983400653662,17.1179489896628,0.677835482104154,0.0616526097314367,38.703304294083,0.0110938101934326,78.9701752511409,1.13963990344316,0.0804921943033596,"Malawi","Chikwawa","TA Katunga","157",40760.76933
"22",22,40667.6050538396,26.9298766626161,19.7098275743602,0.79045958942672,0.0734093437396644,45.6471290711477,0.0135739190941114,92.1642761603844,1.3438792414764,0.0964606662597971,"Malawi","Chikwawa","TA Katunga","157",40760.76933
"23",23,40652.4199166829,30.9940411912936,22.6902831264134,0.918941344914712,0.0869975515243502,53.6426303906824,0.0165197122450847,107.349413317073,1.57902104850419,0.115051440181049,"Malawi","Chikwawa","TA Katunga","157",40760.76933
"24",24,40634.9466901043,35.6684689029175,26.1181920882335,1.06578299835742,0.102667292118427,62.847525537574,0.020003076429099,124.82263989563,1.84970262378817,0.136636653727637,"Malawi","Chikwawa","TA Katunga","157",40760.76933
"25",25,40614.8442174114,41.0427672368147,30.0604260473413,1.23384902383959,0.120710109645375,73.4432543220535,0.024105848864643,144.925112588559,2.16125844910823,0.161646827548867,"Malawi","Chikwawa","TA Katunga","157",40760.76933
"26",26,40591.7212981067,47.2196473357785,34.5933064149262,1.42641479002096,0.141464672787264,85.6382772348512,0.028921444913069,168.048031893277,2.51981707295173,0.190579268934269,"Malawi","Chikwawa","TA Katunga","157",40760.76933
"27",27,40565.1298046912,54.3164713707595,39.8040246962508,1.64722465476408,0.165323214412868,99.6719246605404,0.0345567120309253,194.639525308759,2.93241421409357,0.224007659836281,"Malawi","Chikwawa","TA Katunga","157",40760.76933
"28",28,40534.557000318,62.4670299193282,45.7921346900919,1.90055749340328,0.192738797154436,115.818734773616,0.041134008346813,225.212329681941,3.40712022602501,0.262592852300496,"Malawi","Chikwawa","TA Katunga","157",40760.76933
"29",29,40499.4165844204,71.8236133176258,52.671233156214,2.19130363748747,0.224233927122261,134.393567883954,0.0487936571299372,260.352745579534,3.95319036880114,0.307095650375562,"Malawi","Chikwawa","TA Katunga","157",40760.76933
"30",30,40459.039233032,82.559159483084,60.5706907229765,2.5250467718005,0.260409874522591,155.757093517058,0.0576965985229334,300.730096967965,4.58122601680767,0.358390633921968,"Malawi","Chikwawa","TA Katunga","157",40760.76933
"31",31,40412.6617213074,94.8696168736832,69.6376476169716,2.90815857682275,0.301957672703774,180.32220042714,0.0680275251943109,347.107608692516,5.30336295639639,0.417482482644684,"Malawi","Chikwawa","TA Katunga","157",40760.76933
"32",32,40359.4151138473,108.97644814121,80.0390909166763,3.34790275839852,0.349670399478915,208.561105532628,0.0799984043201277,400.354216152712,6.13348019150117,0.48552423846925,"Malawi","Chikwawa","TA Katunga","157",40760.76933
"33",33,40298.3119423313,125.129176220307,91.9640897000301,3.85254911704404,0.40445699649163,241.01326316295,0.0938524718573839,461.45738766868,7.08743221460532,0.56383790801001,"Malawi","Chikwawa","TA Katunga","157",40760.76933
"34",34,40228.2323714795,143.607899658288,105.626161777703,4.43149831767833,0.467357855721361,278.294172122701,0.109868788364024,531.536958520456,8.18330758784221,0.653937785800215,"Malawi","Chikwawa","TA Katunga","157",40760.76933
"35",35,40147.9095113964,164.725771321406,121.265621490336,5.09541723180173,0.539562137899641,321.105079036833,0.128367385292203,611.859818603569,9.44171378597233,0.757556512178796,"Malawi","Chikwawa","TA Katunga","157",40760.76933
"36",36,40055.9141432378,188.831129234142,139.15195599163,5.85638270186571,0.62242703092236,370.243576712899,0.149715090677364,703.855186762136,10.8860882111949,0.87667422492781,"Malawi","Chikwawa","TA Katunga","157",40760.76933
"37",37,39950.6392056825,216.309119991206,159.586076272121,6.72803209533063,0.717498956973572,426.615064906501,0.174332095322939,809.130124317456,12.5430343925922,1.01355091713612,"Malawi","Chikwawa","TA Katunga","157",40760.76933
"38",38,39830.2844243887,247.582690797595,182.902175185071,7.72571968621311,0.826536771562587,491.245083809897,0.202699360970464,929.484905611309,14.4426836446878,1.17076221684183,"Malawi","Chikwawa","TA Katunga","157",40760.76933
"39",39,39692.8421948725,283.112274576825,209.469164932905,8.86666904887518,0.951536659013743,565.292123065623,0.235366844216838,1066.92713512746,16.619070419097,1.35123824843472,"Malawi","Chikwawa","TA Katunga","157",40760.76933
"40",40,39536.0851888677,323.393999815764,239.691334496594,10.170120715282,1.09475883787165,650.060964549253,0.272962717548833,1223.68414113231,19.1105230185589,1.55830599728559,"Malawi","Chikwawa","TA Katunga","157",40760.76933
"41",41,39357.5572265476,368.955733752246,274.007778206388,11.6574640506789,1.25875581399632,747.016167945905,0.316203683171977,1402.21210345239,21.9600580560329,1.79573507785631,"Malawi","Chikwawa","TA Katunga","157",40760.76933
"42",42,39154.5692308169,420.350331393218,312.890472008965,13.3523363102979,1.44640048104035,857.794653018192,0.365905971384764,1605.2000991831,25.2157478887747,2.06778451169158,"Malawi","Chikwawa","TA Katunga","157",40760.76933
"43",43,38924.2015809709,478.144785454287,356.840056644682,15.2806872092707,1.66091672685955,984.218304612356,0.422998381602109,1835.56774902906,28.9310878444366,2.37925548018498,"Malawi","Chikwawa","TA Katunga","157",40760.76933
"44",44,38663.3165844949,542.906156631946,406.378585407997,17.4707661476798,1.90590488080703,1128.30279758972,0.48853484696588,2096.45274550512,33.1652518614129,2.73553810918095,"Malawi","Chikwawa","TA Katunga","157",40760.76933
"45",45,38368.5826329604,615.180513965715,462.039499502817,19.953028986963,2.18536773833039,1292.26457762723,0.563709218498109,2391.18669703955,37.9832926177884,3.14266260012229,"Malawi","Chikwawa","TA Katunga","157",40760.76933
"46",46,38036.5146661025,695.465244756702,524.353385183665,22.7599170038673,2.50373074066754,1478.52251578814,0.649870424482646,2723.25466389753,43.4561839600049,3.60734515351192,"Malawi","Chikwawa","TA Katunga","157",40760.76933
"47",47,37819.7954448117,653.768996564814,571.037695685163,25.8397077635851,2.86537594670995,1686.71357467545,0.748534552548312,2939.97388518826,49.5721157690478,4.13654245865267,"Malawi","Chikwawa","TA Katunga","157",40760.76933
"48",48,37591.3278711282,634.887800716555,593.85864312059,28.902514337546,3.27043287562597,1907.66075074281,0.861317078606569,3168.44145887173,56.0576838629545,4.73312744698758,"Malawi","Chikwawa","TA Katunga","157",40760.76933
"49",49,37357.8623782482,626.064911940907,605.293329027254,31.7759726859153,3.71379469866082,2135.06921127967,0.989732119399541,3401.9069517518,62.7259771262649,5.3945645731999,"Malawi","Chikwawa","TA Katunga","157",40760.76933
"50",50,37122.6502720553,621.450202342588,611.07580992701,34.3978174169124,4.18835272330375,2365.87181418773,1.13506134714256,3637.11905794468,69.4864331657865,6.11592168932698,"Malawi","Chikwawa","TA Katunga","157",40760.76933
"51",51,36887.3373386002,618.361536635446,613.844143478292,36.7544062079964,4.68670320071263,2598.48688576879,1.29831610858523,3872.43199139982,76.292786049102,6.89151252251453,"Malawi","Chikwawa","TA Katunga","157",40760.76933
"52",52,36652.8302013692,615.571880460482,614.814340009795,38.8527201439114,5.20185479689011,2832.01809164074,1.48024157897925,4106.93912863079,83.119166059028,7.71561120048938,"Malawi","Chikwawa","TA Katunga","157",40760.76933
"53",53,36419.6922704867,612.524083030068,614.54970110878,40.7077027653987,5.72748651775077,3065.88674852503,1.68133756620219,4340.07705951323,89.9491212203845,8.58274550633241,"Malawi","Chikwawa","TA Katunga","157",40760.76933
"54",54,36188.324449083,608.9706591119,613.31464725106,42.3366291887115,6.25800712767625,3299.66305357489,1.90188466275372,4571.44488091698,96.7705821192377,9.48780070853297,"Malawi","Chikwawa","TA Katunga","157",40760.76933
"55",55,35959.0473698772,604.808319969451,611.237601007588,43.7566870352348,6.7885306211471,3532.98885065482,2.14197083450632,4800.72196012275,103.573561162478,10.4260401858197,"Malawi","Chikwawa","TA Katunga","157",40760.76933
"56",56,35732.1384203773,600.002160716873,608.38566427182,44.9840203538221,7.31481992263107,3765.54272805789,2.40151629961419,5027.63090962264,110.349115888377,11.3930913765826,"Malawi","Chikwawa","TA Katunga","157",40760.76933
"57",57,35507.8486762442,594.549825208541,604.79982684773,46.0334122727977,7.83322144859121,3997.02407168939,2.68029628868722,5251.92065375573,117.088877937505,12.3849189923644,"Malawi","Chikwawa","TA Katunga","157",40760.76933
"58",58,35286.4098210818,588.465772369917,600.510212811391,46.9182733330851,8.34060032919387,4227.14668875774,2.97796131688301,5473.3595089182,123.784867248126,13.3977946657749,"Malawi","Chikwawa","TA Katunga","157",40760.76933
"59",59,35068.0371728598,581.773302736438,595.543627526292,47.6507233527811,8.83428344525789,4455.63616546299,3.29405461641629,5691.73215714017,130.429416954913,14.4282695914464,"Malawi","Chikwawa","TA Katunga","157",40760.76933
"60",60,34852.9309574274,574.500853971946,589.92669680671,48.2417451956203,9.31199968675685,4682.22904747785,3.62802943375175,5906.83837257263,137.015152932469,15.4731441587484,"Malawi","Chikwawa","TA Katunga","157",40760.76933
"61",61,34641.2766076881,566.680173721279,583.687177761118,48.7013226580049,9.77183379133805,4906.67295167672,3.97926270346402,6118.49272231192,143.535000067171,16.5294450113487,"Malawi","Chikwawa","TA Katunga","157",40760.76933
"62",62,34433.2445928314,558.345271061439,576.854516428027,49.03856148396,10.2121890245534,5128.72713260533,4.34706656527647,6326.52473716858,149.982201370088,17.5944072857588,"Malawi","Chikwawa","TA Katunga","157",40760.76933
"63",63,34228.9900668834,549.531834938599,569.459935362309,49.26179330761,10.6317568674336,5348.1632445888,4.73069805180258,6530.77926311655,156.350342397415,18.6654607506969,"Malawi","Chikwawa","TA Katunga","157",40760.76933
"64",64,34028.6531469511,540.276652688028,561.536309944868,49.3787144250591,11.0294740053244,5564.76566054714,5.12937143849255,6731.11618304891,162.633363582392,19.7402077686885,"Malawi","Chikwawa","TA Katunga","157",40760.76933
"65",65,33832.3590459836,530.617265471264,553.11790681992,49.3964791605172,11.4044937849165,5778.33187190785,5.54226687188997,6927.41028401635,168.825573908597,20.8164094056605,"Malawi","Chikwawa","TA Katunga","157",40760.76933
"66",66,33640.2178339727,520.591768702008,544.240079264319,49.3217586935514,11.7561693729468,5988.67318354275,5.96853645166733,7119.55149602724,174.921672371911,21.8919789181972,"Malawi","Chikwawa","TA Katunga","157",40760.76933
"67",67,33452.324743522,510.23840264476,534.93910191045,49.160813729543,12.0840298217888,6195.61492670773,6.4073116636905,7307.44458647795,180.916755753823,22.9649704420118,"Malawi","Chikwawa","TA Katunga","157",40760.76933
"68",68,33268.7604610927,499.595227120512,525.251902872569,48.9195547268293,12.3877598421487,6398.99671434068,6.85771000456069,7491.00886890729,186.806327342572,24.0335700144847,"Malawi","Chikwawa","TA Katunga","157",40760.76933
"69",69,33089.5913984846,488.700026487252,515.215669316836,48.6035843943095,12.6671852432535,6598.67262623409,7.31883983962876,7670.17793151536,192.586303229236,25.0960892647653,"Malawi","Chikwawa","TA Katunga","157",40760.76933
"70",70,32914.87014708,477.589989318349,504.867678468254,48.2182350398121,12.9222581959632,6794.51121654603,7.78980535154745,7844.89918291995,198.25301332078,26.1509590805495,"Malawi","Chikwawa","TA Katunga","157",40760.76933
"71",71,32744.6359996581,466.301409981597,494.245123586811,47.7686005610936,13.1530435658218,6986.3954414883,8.26971115830588,8015.13333034193,203.803199913984,27.1967237835082,"Malawi","Chikwawa","TA Katunga","157",40760.76933
"72",72,32578.9153966165,454.869682654353,483.384691804344,47.2595634519544,13.3597076101607,7174.22262171909,8.75766614359511,8180.85393338349,209.234017173382,28.232036331144,"Malawi","Chikwawa","TA Katunga","157",40760.76933
"73",73,32417.7225606839,443.329042147341,472.322437348816,46.6958131550842,13.5425074245147,7357.90418219018,9.25278705016477,8342.0467693161,214.54302394573,29.2556538654702,"Malawi","Chikwawa","TA Katunga","157",40760.76933
"74",74,32261.0601480052,431.712341962539,461.093673744559,46.0818592241349,13.7017817803389,7537.36532371172,9.75420157148028,8498.70918199476,219.728174477875,30.266433801001,"Malawi","Chikwawa","TA Katunga","157",40760.76933
"75",75,32108.9198400739,420.051056607231,449.732654887264,45.4220455139505,13.8379423393239,7712.54473932578,10.2610512525348,8650.84948992608,224.787810464005,31.2633299652456,"Malawi","Chikwawa","TA Katunga","157",40760.76933
"76",76,31961.2829397375,408.375081034473,438.272483490385,44.7205550014887,13.9514665420491,7883.39430991247,10.7724942816504,8798.48639026251,229.720652267603,32.2453902284172,"Malawi","Chikwawa","TA Katunga","157",40760.76933
"77",77,31818.1213682298,396.71273795772,426.744982648006,43.9814213612907,14.0428884246608,8049.87822426527,11.2877071132386,8941.64796177018,234.525773620473,33.2117500758942,"Malawi","Chikwawa","TA Katunga","157",40760.76933
"78",78,31679.3981819254,385.090663330763,415.180587376894,43.2085295233565,14.1127932312117,8211.97268790024,11.805886712137,9080.3711480746,239.202593136907,34.1616310319082,"Malawi","Chikwawa","TA Katunga","157",40760.76933
"79",79,31545.0683130266,373.533790200459,403.608241379544,42.4056192057803,14.1618108696363,8369.66530311547,12.3262522025341,9214.70101697342,243.750856367118,35.0943369157338,"Malawi","Chikwawa","TA Katunga","157",40760.76933
"80",80,31415.078807212,362.065226091665,392.055247752184,41.5762781015192,14.1906126629557,8522.9551105978,12.8480475819014,9344.69052278802,248.17063678682,36.0092552017123,"Malawi","Chikwawa","TA Katunga","157",40760.76933
"81",81,31289.3700786363,350.706350375275,380.547299348323,40.7239513066936,14.1999025135737,8671.85120596294,13.3705418568551,9470.39925136366,252.462295856518,36.9058484142683,"Malawi","Chikwawa","TA Katunga","157",40760.76933
"82",82,31167.8765149029,339.476837175348,369.108416738628,39.8519410032912,14.1904121958717,8816.37217781374,13.893030170155,9591.89281509704,256.626466677032,37.783651334383,"Malawi","Chikwawa","TA Katunga","157",40760.76933
"83",83,31050.5269553267,328.394592184817,357.760938947948,38.9634019274712,14.1628977658855,8956.54570867027,14.4148351768825,9709.24237467327,260.664042267365,38.6422697463049,"Malawi","Chikwawa","TA Katunga","157",40760.76933
"84",84,30937.245384295,317.475813076895,346.525511382734,38.0613421165141,14.118134518241,9092.40783687207,14.9353077384879,9822.52394570494,264.576154140427,39.4813765731219,"Malawi","Chikwawa","TA Katunga","157",40760.76933
"85",85,30827.9515201024,306.735061326331,335.421059967812,37.1486229833073,14.0569127254061,9224.00232535255,15.4538275421352,9931.81780989754,268.364153966825,40.3007086677885,"Malawi","Chikwawa","TA Katunga","157",40760.76933
"86",86,30722.5614069897,296.185283491359,324.464842602274,36.2279584343964,13.9800336437209,9351.38000126636,15.9698035722235,10037.2079230103,272.029594372535,41.1000636198969,"Malawi","Chikwawa","TA Katunga","157",40760.76933
"87",87,30620.9880435387,285.837906949078,313.67253808797,35.3019192806128,13.8883056684056,9474.5979429639,16.482673511352,10138.7812864613,275.574205453397,41.8792948934003,"Malawi","Chikwawa","TA Katunga","157",40760.76933
"88",88,30523.1415151942,275.702704191947,303.058007769018,34.3729111855565,13.7825411107167,9593.71974193098,16.9919086175253,10236.6278148057,278.999901752164,42.6383168862711,"Malawi","Chikwawa","TA Katunga","157",40760.76933
"89",89,30428.9302066052,265.788277428924,292.633825020622,33.4432182347206,13.6635521443075,9708.81324552758,17.497005038614,10330.8391233948,282.308717947215,43.3770861270205,"Malawi","Chikwawa","TA Katunga","157",40760.76933
"90",90,30338.2606177178,256.101735492778,282.410923704319,32.5149653461798,13.5321484122122,9819.95144770178,17.9974916249011,10421.5087122822,285.502833651922,44.095612149001,"Malawi","Chikwawa","TA Katunga","157",40760.76933
"91",91,30251.0380740016,246.648959246089,272.398839672186,31.5901381877394,13.3891339052476,9927.21125887257,18.4929261145509,10508.7312559984,288.584538257221,44.7939478909465,"Malawi","Chikwawa","TA Katunga","157",40760.76933
"92",92,30167.1670612153,237.434664035112,262.605761982978,30.6705845442693,13.23530465649,10030.6730585444,18.9828950214079,10592.6022687846,291.556217978384,45.4721872009073,"Malawi","Chikwawa","TA Katunga","157",40760.76933
"93",93,30086.5515612545,228.462413023226,253.038541894609,29.7580096821556,13.0714458057672,10130.4203435622,19.4670147774868,10673.2177687455,294.420345509048,46.1304638409274,"Malawi","Chikwawa","TA Katunga","157",40760.76933
"94",94,30009.0954155169,219.734692711945,243.702756375597,28.8539786585413,12.8983290934497,10226.5392261613,19.9449314822882,10750.6739144831,297.17946550926,46.7689485551218,"Malawi","Chikwawa","TA Katunga","157",40760.76933
"95",95,29934.7026872413,211.253071052849,234.602883978896,27.9599298281126,12.7167114363344,10319.1177281718,20.4163182906963,10825.0666427587,299.836174491893,47.3878432096693,"Malawi","Chikwawa","TA Katunga","157",40760.76933
"96",96,29863.2778888697,203.018231254376,225.742322755787,27.0771735890133,12.5273329526303,10408.2455047011,20.8808758772928,10896.4914411303,302.393112761237,47.9873796063004,"Malawi","Chikwawa","TA Katunga","157",40760.76933
"97",97,29794.7262330476,195.030042115649,217.123453442911,26.2068958109499,12.3309152457906,10494.013458382,21.3383319550863,10965.0430969524,304.852953305964,48.5678169488316,"Malawi","Chikwawa","TA Katunga","157",40760.76933
"98",98,29728.9538709484,187.287628520626,208.747728110832,25.3501627858704,12.1281599545469,10576.5133392368,21.7884404428334,11030.8154590515,307.218390318141,49.129438979139,"Malawi","Chikwawa","TA Katunga","157",40760.76933
"99",99,29665.8681034574,179.789444585488,200.615744973425,24.5079261765816,11.9197474383867,10655.8373827023,22.2309806664414,11093.9012265426,309.492128819328,49.6725513064519,"Malawi","Chikwawa","TA Katunga","157",40760.76933
"100",100,29605.3775431748,172.533341164457,192.72730845978,23.6810278080758,11.7063357836602,10732.0780170153,22.6657565939343,11154.3917868252,311.676876295916,50.1974791142743,"Malawi","Chikwawa","TA Katunga","157",40760.76933
"101",101,29547.3922773533,165.516622954422,185.081505501295,22.8702045722514,11.4885598780131,10805.3275637422,23.0925959985416,11212.3770526467,313.775334139564,50.7045648135688,"Malawi","Chikwawa","TA Katunga","157",40760.76933
"102",102,29491.8240104323,158.73610973165,177.676773539932,22.0760936688459,11.2670306254512,10875.6779624246,23.5113495772492,11267.9453195677,315.790189796752,51.1941657609382,"Malawi","Chikwawa","TA Katunga","157",40760.76933
"103",103,29438.5861771605,152.188199576394,170.510955719415,21.2992379853398,11.042334355996,10943.2205351426,23.9218900598027,11321.1831528395,317.724110080709,51.6666521551854,"Malawi","Chikwawa","TA Katunga","157",40760.76933
"104",104,29387.5940473248,145.86891497241,163.581370423573,20.5400912475239,10.8150323791251,11008.0457623628,24.3241112897029,11372.1752826752,319.579734806033,52.1224050300923,"Malawi","Chikwawa","TA Katunga","157",40760.76933
"105",105,29338.7648075087,139.773952649302,156.884866876883,19.7990232169375,10.5856606819202,11070.2430917528,24.7179273135038,11421.0045224913,321.359671381329,52.5618144060095,"Malawi","Chikwawa","TA Katunga","157",40760.76933
"106",106,29292.0176299901,133.898734928895,150.417876722456,19.0763251203785,10.3547297395187,11129.9007620729,25.103271425755,11467.7517000099,323.066489846043,52.9852774784204,"Malawi","Chikwawa","TA Katunga","157",40760.76933
"107",107,29247.2737550766,128.238445977462,144.176466056239,18.3722138847789,10.1227241467222,11187.1056294128,25.4800954454317,11512.4955749234,324.702717942012,53.3931970207804,"Malawi","Chikwawa","TA Katunga","157",40760.76933
"108",108,29204.4564728265,122.788079597879,138.156390621075,17.6868393009629,9.89010340591473,11241.9430759821,25.848368265561,11555.3128571735,326.270838666642,53.7859797093983,"Malawi","Chikwawa","TA Katunga","157",40760.76933
"109",109,29163.4911924564,117.542473057142,132.35313443865,17.0202876054342,9.65730159195513,11294.4968655881,26.2080752623342,11596.2781375436,327.773286175054,54.1640347848806,"Malawi","Chikwawa","TA Katunga","157",40760.76933
"110",110,29124.3054100386,112.496342453559,126.761955944844,16.3725875818496,9.42472820279448,11344.8490887562,26.5592170221102,11635.4639199614,329.212444358897,54.5277727409376,"Malawi","Chikwawa","TA Katunga","157",40760.76933
"111",111,29086.8288188483,107.644306910062,121.377918997804,15.7437125723371,9.19276732019565,11393.0799962129,26.901809138393,11672.9405111517,330.590642064442,54.8776041403272,"Malawi","Chikwawa","TA Katunga","157",40760.76933
"112",112,29050.9933037155,102.98092148239,116.195927140058,15.1335855627028,8.96177815484501,11439.267932758,27.2358811865097,11708.7760262845,331.910151315467,55.2139384187593,"Malawi","Chikwawa","TA Katunga","157",40760.76933
"113",113,29016.7328426625,98.5007003841388,111.210775304743,14.542086142839,8.7320966242265,11483.489353732,27.5614751495407,11743.0364873375,333.1731879901,55.5371827896729,"Malawi","Chikwawa","TA Katunga","157",40760.76933
"114",114,28983.9835351467,94.1981437446142,106.417166763843,13.9690532030332,8.50403537527713,11525.8187508516,27.878644914927,11775.7857948533,334.381909742527,55.847741412027,"Malawi","Chikwawa","TA Katunga","157",40760.76933
"115",115,28952.6835955828,90.0677623818193,101.809734183598,13.4142887172663,8.27788421247756,11566.3286094047,28.1874555174181,11807.0857344172,335.538414866356,56.14601453276,"Malawi","Chikwawa","TA Katunga","157",40760.76933
"116",116,28922.7733253041,86.1040869417604,97.3830768373772,12.8775616545342,8.05391083738697,11605.089386177,28.4879822478479,11836.9960046959,336.644741765608,56.4323977128417,"Malawi","Chikwawa","TA Katunga","157",40760.76933
"117",117,28894.195082706,82.3016859554556,93.1317814389971,12.358611572502,7.83236153540241,11642.1694969385,28.7803098531087,11865.574247294,337.702868693782,56.7072811554231,"Malawi","Chikwawa","TA Katunga","157",40760.76933
"118",118,28866.8932470468,78.6551872292824,89.0504348269103,11.8571521580869,7.61346188552207,11677.6353150923,29.0645317611047,11892.8760829532,338.714713815229,56.9710490994101,"Malawi","Chikwawa","TA Katunga","157",40760.76933
"119",119,28840.8141798175,75.159285673056,85.1336475601878,11.3728743743226,7.39741754689605,11711.551175712,29.3407493159649,11918.9551501824,339.682135413287,57.2240793072476,"Malawi","Chikwawa","TA Katunga","157",40760.76933
"120",120,28815.906230822,71.8087541612481,81.3760739951954,10.9054490151093,7.18441459137248,11743.9793362048,29.6090712102617,11943.863099178,340.606930821026,57.4667424332562,"Malawi","Chikwawa","TA Katunga","157",40760.76933
"121",121,28792.1196250267,68.5984545139298,77.7724200159055,10.454530320162,6.97462096189583,11774.9800666262,29.8696125351788,11967.6497049733,341.490839149132,57.6994018690179,"Malawi","Chikwawa","TA Katunga","157",40760.76933
"122",122,28769.4064126926,65.5233449075444,74.3174556501097,10.019758505277,6.76818729400857,11804.6116768249,30.1224941255362,11990.3629173074,342.335542147888,57.9224134525954,"Malawi","Chikwawa","TA Katunga","157",40760.76933
"123",123,28747.7204782597,62.5784889191577,71.0060283563046,9.60076163404449,6.56524718474005,11832.9304835293,30.3678421168001,12012.0488517403,343.142663305499,58.1361249851319,"Malawi","Chikwawa","TA Katunga","157",40760.76933
"124",124,28727.0174226546,59.7590557650106,67.83307014817,9.19715831511955,6.36591862824761,11859.9909173388,30.6057871499505,12032.7519073454,343.913771034988,58.3408763161934,"Malawi","Chikwawa","TA Katunga","157",40760.76933
"125",125,28707.2546412338,57.0603340867256,64.7936119053863,8.80855912066083,6.17030365748662,11885.8454158734,30.8364641225238,12052.5146887662,344.6503756112,58.5369985626566,"Malawi","Chikwawa","TA Katunga","157",40760.76933
"126",126,28688.3912542803,54.4777344222316,61.8827893828437,8.43456886196442,5.97848937848009,11910.5444821472,31.0600115269258,12071.3780757197,345.353930933459,58.7248140192984,"Malawi","Chikwawa","TA Katunga","157",40760.76933
"127",127,28670.3879237122,52.0067807661606,59.0958453257605,8.07478900098448,5.79054994592283,11934.1368706472,31.276570601732,12089.3814062878,346.025840002712,58.9046366931312,"Malawi","Chikwawa","TA Katunga","157",40760.76933
"128",128,28653.2068876921,49.6431235009617,56.4281323729468,7.7288186315468,5.60654653423642,11956.6695361698,31.4862850984698,12106.5624423079,346.66745346443,59.0767718784066,"Malawi","Chikwawa","TA Katunga","157",40760.76933
"129",129,28636.8119445644,47.3825433251742,53.8751198235511,7.39625605090501,5.42652783705461,11978.1876375567,31.6893008421073,12122.9573854355,347.280069763653,59.2415159097196,"Malawi","Chikwawa","TA Katunga","157",40760.76933
"130",130,28621.1683453661,45.2209417882076,51.4323979183552,7.07670008905307,5.2505312985324,11998.7346483361,31.8857652035971,12138.6009846339,347.864938399615,59.3991564975877,"Malawi","Chikwawa","TA Katunga","157",40760.76933
"131",131,28606.2427402599,43.1543439356568,49.0956764988587,6.76975125890533,5.07858383892875,12018.3524074983,32.0758267095023,12153.5265897401,348.42326143534,59.5499727910981,"Malawi","Chikwawa","TA Katunga","157",40760.76933
"132",132,28592.0031713073,41.178904457846,46.8607868107261,6.47501286809584,4.91070222058538,12037.0811176252,32.2596347102262,12167.7661586927,348.956193476707,59.6942351804722,"Malawi","Chikwawa","TA Katunga","157",40760.76933
"133",133,28578.4189723776,39.2908990838157,44.7236804044409,6.19209181501247,4.74689410465407,12054.9594532129,32.437339001565,12181.3503576224,349.464844843962,59.8322057111101,"Malawi","Chikwawa","TA Katunga","157",40760.76933
"134",134,28565.460817672,37.4867317833073,42.6804395870449,5.92059969976011,4.58715803963552,12072.024493697,32.6090895212315,12194.308512328,349.95027966015,59.9641375567652,"Malawi","Chikwawa","TA Katunga","157",40760.76933
"135",135,28553.1006576449,35.7629330544933,40.7272738865688,5.66015368194782,4.4314842613417,12088.3117914755,32.775035995284,12206.6686723551,350.413517853624,60.0902752190688,"Malawi","Chikwawa","TA Katunga","157",40760.76933
"136",136,28541.3115730487,34.116147762246,38.8605108964036,5.41037682900089,4.27985599307079,12103.8555378379,32.9353276326764,12218.4577569513,350.855539989785,60.2108553089879,"Malawi","Chikwawa","TA Katunga","157",40760.76933
"137",137,28530.0677961151,32.5431407314405,37.0765999288144,5.17089875253809,4.13224955052018,12118.6885320136,33.0901129079523,12229.7015338849,351.277286392147,60.3261062827084,"Malawi","Chikwawa","TA Katunga","157",40760.76933
"138",138,28519.3446907597,31.0407972508221,35.3721129879763,4.94135633094997,3.98863478296468,12132.8421986059,33.2395392816008,12240.4246392403,351.679657671488,60.4362484079194,"Malawi","Chikwawa","TA Katunga","157",40760.76933
"139",139,28509.1186669259,29.6061141561204,33.7437403217558,4.72139385133123,3.84897587238678,12146.346685864,33.383753008485,12250.6506630741,352.063517586098,60.5414942376151,"Malawi","Chikwawa","TA Katunga","157",40760.76933
"140",140,28499.3671371827,28.2361977808382,32.1882874297017,4.51066330537021,3.71323184036877,12159.2309135084,33.5228989526063,12260.4021928173,352.429694441085,60.6420488024187,"Malawi","Chikwawa","TA Katunga","157",40760.76933
"141",141,28490.0685068597,26.928265821401,30.7026750051788,4.30882490024388,3.58135686614813,12171.5225801761,33.6571203712692,12269.7008231403,352.778981321139,60.7381095621049,"Malawi","Chikwawa","TA Katunga","157",40760.76933
"142",142,28481.2020975235,25.6796392166866,29.2839331626414,4.11554695436094,3.45330092792127,12183.2482533987,33.7865588162046,12278.5672324765,353.112138702243,60.8298668789906,"Malawi","Chikwawa","TA Katunga","157",40760.76933
"143",143,28472.748176931,24.4877466193384,27.9292076412194,3.93050667192286,3.32900993731105,12194.4333283448,33.9113538544386,12287.021153069,353.429893278115,60.9175036783795,"Malawi","Chikwawa","TA Katunga","157",40760.76933
"144",144,28464.6879093202,23.3501205214532,26.6357549962973,3.75339023141889,3.20842625022593,12205.1020857489,34.0316429315019,12295.0814206798,353.73293964688,61.0011957271236,"Malawi","Chikwawa","TA Katunga","157",40760.76933
"145",145,28457.0032488104,22.2643858675732,25.4009317878826,3.5838922285902,3.09148937392933,12215.2778205375,34.1475613940912,12302.7660811896,354.021944031461,61.0811123791749,"Malawi","Chikwawa","TA Katunga","157",40760.76933
"146",146,28449.6769538283,21.2282634019473,24.222196886494,3.42171610052481,2.97813609928684,12224.9828213743,34.2592423091379,12310.0923761717,354.297543699586,61.1574164005745,"Malawi","Chikwawa","TA Katunga","157",40760.76933
"147",147,28442.6925529543,20.2395666120634,23.0971084428433,3.26657415954018,2.86830086199284,12234.2384106023,34.3668163669197,12317.0767770457,354.560348126141,61.2302641661434,"Malawi","Chikwawa","TA Katunga","157",40760.76933
"148",148,28436.034309799,19.2961974684851,22.02332160772,3.11818753911446,2.76191608977691,12243.0649856902,34.4704118056783,12323.735020201,354.810940196646,61.2998058786722,"Malawi","Chikwawa","TA Katunga","157",40760.76933
"149",149,28429.687192201,18.3961439436819,20.9985851895125,2.97628614931186,2.65891250829537,12251.4820556635,34.5701543446528,12330.082137799,355.049877265216,61.3661857610922,"Malawi","Chikwawa","TA Katunga","157",40760.76933
"150",150,28423.6368423535,17.5374775616025,20.020738250231,2.84060861765651,2.55921942876751,12259.5082766615,34.666167126694,12336.1324876464,355.277692186552,61.4295422466562,"Malawi","Chikwawa","TA Katunga","157",40760.76933
"151",151,28417.8695484853,16.7183499807713,19.0877078512625,2.71090218599451,2.46276501705192,12267.1614858084,34.7585706711755,12341.8997815147,355.494894297781,61.4900081680499,"Malawi","Chikwawa","TA Katunga","157",40760.76933
"152",152,28412.3722173457,15.9369901559186,18.197506202324,2.5869225988696,2.36947654394351,12274.4587343168,34.8474828365018,12347.3971126543,355.701970377567,61.5477109440193,"Malawi","Chikwawa","TA Katunga","157",40760.76933
"153",153,28407.1323475086,15.1917019942606,17.3482273236677,2.46843398485295,2.2792806174336,12281.4163197797,34.9330187915107,12352.6369824914,355.89938558134,61.6027727630659,"Malawi","Chikwawa","TA Katunga","157",40760.76933
"154",154,28402.1380039861,14.4808614108254,16.5380444868689,2.35520870939156,2.19210339848691,12288.0498170132,35.0152909950965,12357.6313260139,356.087584333588,61.6553107646202,"Malawi","Chikwawa","TA Katunga","157",40760.76933
"155",155,28397.3777938076,13.8029134682899,15.7652076637201,2.2470272157761,2.10787080059323,12294.3741078606,35.0944091834688,12362.3915361924,356.266991189566,61.7054372169563,"Malawi","Chikwawa","TA Katunga","157",40760.76933
"156",156,28392.8408423302,13.1563700504058,15.0280404803699,2.14367786563232,2.02650867351695,12300.4034102353,35.1704803644818,12366.9284876698,356.438011674747,61.7532596913101,"Malawi","Chikwawa","TA Katunga","157",40760.76933
"157",157,28388.5167706094,12.5398073142111,14.3249375470086,2.04495676456063,1.94794297251181,12306.1513059738,35.2436088184481,12371.2525593905,356.601033089232,61.7988812324779,"Malawi","Chikwawa","TA Katunga","157",40760.76933
"158",158,28384.3956737591,11.9518630117072,13.6543620665104,1.95066757639242,1.87209991366274,12311.6307675676,35.3138961049143,12375.3736562408,356.756425279244,61.8424005256631,"Malawi","Chikwawa","TA Katunga","157",40760.76933
"159",159,28380.4681000342,11.3912342004427,13.0148431341657,1.86062133852442,1.79890611570261,12316.854184102,35.3814410749123,12379.3012299657,356.904541385481,61.8839120590993,"Malawi","Chikwawa","TA Katunga","157",40760.76933
"160",160,28376.7250307731,10.8566749897132,12.4049731362371,1.77463627209659,1.72828872925114,12321.8333862114,35.4463398881985,12383.0442992269,357.045718562719,61.9235062825641,"Malawi","Chikwawa","TA Katunga","157",40760.76933
"161",161,28373.1578612655,10.3469941335604,11.8234054673097,1.69253758418943,1.6601755542689,12326.5796699601,35.5086860350163,12386.6114687345,357.180278667914,61.9612697617906,"Malawi","Chikwawa","TA Katunga","157",40760.76933
"162",162,28369.758382557,9.86105286633162,11.2688521728311,1.61415727335401,1.59449514500065,12331.1038196239,35.5685703616112,12390.010947443,357.308528916415,61.997285326741,"Malawi","Chikwawa","TA Katunga","157",40760.76933
"163",163,28366.5187634418,9.39776283248785,10.7400814865587,1.53933393012213,1.53117690734857,12335.4161303015,35.6260811001904,12393.2505665582,357.430762533021,62.0316322198568,"Malawi","Chikwawa","TA Katunga","157",40760.76933
"164",164,28363.4315331008,8.95608389726829,10.2359156075519,1.46791253094485,1.47015118686109,12339.5264297737,35.6813039028146,12396.3377968992,357.547259380952,62.0643862416036,"Malawi","Chikwawa","TA Katunga","157",40760.76933
"165",165,28360.48956588,8.5350222247256,9.75522870208712,1.3997442485254,1.41134933937014,12343.4440977292,35.7343218760195,12399.27976412,357.658286514756,62.0956198799025,"Malawi","Chikwawa","TA Katunga","157",40760.76933
"166",166,28357.6860655358,8.13362843702999,9.29694465019236,1.33468625562387,1.35470379973331,12347.1780857022,35.7852156193195,12402.0832644642,357.764098753655,62.1254024442592,"Malawi","Chikwawa","TA Katunga","157",40760.76933
"167",167,28355.0145501245,7.75099566132153,8.86003504233422,1.27260152482199,1.30014814262638,12350.7369362379,35.8340632664893,12404.7547798755,357.864939232297,62.1538001966615,"Malawi","Chikwawa","TA Katunga","157",40760.76933
"168",168,28352.4688379098,7.38625768350569,8.44351729835414,1.21335863384731,1.24761713337185,12354.1288008126,35.880940528444,12407.3004920901,357.961039915484,62.1808764752276,"Malawi","Chikwawa","TA Katunga","157",40760.76933
"169",169,28350.0430336408,7.03858734798689,8.04645260490532,1.15683157658159,1.19704677226058,12357.3614573194,35.9259207380808,12409.7262963592,358.052622100355,62.2066918146773,"Malawi","Chikwawa","TA Katunga","157",40760.76933
"170",170,28347.731515819,6.70719484081021,7.66794421063186,1.10289957650118,1.14837433136868,12360.442326326,35.9690748956379,12412.037814181,358.139896882992,62.2313040601782,"Malawi","Chikwawa","TA Katunga","157",40760.76933
"171",171,28345.5289237627,6.39132601697936,7.30713559232032,1.05144689360241,1.10153838570877,12363.3784876297,36.0104717189173,12414.2404062373,358.223065633388,62.2547684837858,"Malawi","Chikwawa","TA Katunga","157",40760.76933
"172",172,28343.430148978,6.09026136176699,6.96320920310373,1.00236270850798,1.05647885655156,12366.17669123,36.0501776620401,12416.339181022,358.302320310837,62.277137859615,"Malawi","Chikwawa","TA Katunga","157",40760.76933
"173",173,28341.4303172296,5.80331355706742,6.6353838656101,0.955540815228592,1.01313699559158,12368.8433805124,36.0882570244045,12418.3390127703,358.377844127432,62.2984626330393,"Malawi","Chikwawa","TA Katunga","157",40760.76933
"174",174,28339.5247810026,5.52982655318666,6.32291367758811,0.91087951376178,0.971455418146188,12371.3847018642,36.1247719705044,12420.2445489974,358.449811824233,62.3187909875465,"Malawi","Chikwawa","TA Katunga","157",40760.76933
"175",175,28337.709106031,5.26917376819832,6.02508601178632,0.868281377171355,0.931378090709188,12373.8065221088,36.1597826123726,12422.060223969,358.518390170177,62.3381689722963,"Malawi","Chikwawa","TA Katunga","157",40760.76933
"176",176,28335.9790691572,5.02075783954651,5.74122128914903,0.827653244088247,0.892850389053913,12376.114431097,36.1933469838898,12423.7902608428,358.583738037633,62.3566405165968,"Malawi","Chikwawa","TA Katunga","157",40760.76933
"177",177,28334.3306491013,4.78400941984218,5.47067159267904,0.788906064694023,0.855819105214352,12378.3137536287,36.2255210875296,12425.4386808987,358.646006743871,62.3742475162666,"Malawi","Chikwawa","TA Katunga","157",40760.76933
"178",178,28332.7600075547,4.55838457622811,5.21281781334006,0.751954548793857,0.820232386152336,12380.409574082,36.2563590388174,12427.0093224453,358.705340754724,62.391030017624,"Malawi","Chikwawa","TA Katunga","157",40760.76933
"179",179,28331.2634847022,4.3433642319615,4.96706898701099,0.716717095544486,0.786039752051866,12382.4067421515,36.2859130796678,12428.5058452978,358.761877849222,62.4070262584309,"Malawi","Chikwawa","TA Katunga","157",40760.76933
"180",180,28329.8375929842,4.13845336463839,4.73286133917497,0.683115688236507,0.753192102754044,12384.3098809118,36.3142336090977,12429.9317370158,358.815749350534,62.4222727264844,"Malawi","Chikwawa","TA Katunga","157",40760.76933
"181",181,28328.4790080353,3.94317973600096,4.50965695371559,0.651075728749953,0.721641702199364,12386.1233986,36.3413692439552,12431.2903219647,358.867080462848,62.4368042471901,"Malawi","Chikwawa","TA Katunga","157",40760.76933
"182",182,28327.1845608147,3.7570928291142,4.29694257832161,0.620525893477646,0.691342165848565,12387.8514988473,36.3673668711378,12432.5847691853,358.91599056389,62.4506540596595,"Malawi","Chikwawa","TA Katunga","157",40760.76933
"183",183,28325.9512308625,3.57976297681918,4.0942285515417,0.591398009157571,0.662248446910547,12389.4981894589,36.392271694205,12433.8180991375,358.96259345589,62.4638538820966,"Malawi","Chikwawa","TA Katunga","157",40760.76933
"184",184,28324.7761393783,3.41078037838923,3.90104778514999,0.563626922302803,0.63431682056098,12391.0672914327,36.4161272825239,12434.9931906217,359.006997623301,62.476433979475,"Malawi","Chikwawa","TA Katunga","157",40760.76933
"185",185,28323.6565424934,3.24975417122272,3.7169547414158,0.537150371505937,0.607504866145369,12392.5624477357,36.4389756205877,12436.1127875066,359.049306483505,62.4884232294946,"Malawi","Chikwawa","TA Katunga","157",40760.76933
"186",186,28322.5898250275,3.09631163350242,3.54152441303608,0.511908869109235,0.581771447900111,12393.9871314535,36.4608571554086,12437.1795049725,359.089618619634,62.4998491837854,"Malawi","Chikwawa","TA Katunga","157",40760.76933
"187",187,28321.5734944691,2.95009731812476,3.37435143212066,0.48784558338904,0.557076694291072,12395.3446536592,36.4818108438345,12438.1958355309,359.128028005216,62.5107381275995,"Malawi","Chikwawa","TA Katunga","157",40760.76933
"188",188,28320.6051754079,2.81077226245629,3.21504923081359,0.46490622881021,0.533381976791325,12396.6381706956,36.5018741976453,12439.1641545921,359.164624212051,62.5211151351721,"Malawi","Chikwawa","TA Katunga","157",40760.76933
"189",189,28319.6826040098,2.67801328320884,3.06324912401234,0.443038958444674,0.510649887020598,12397.8706914082,36.5210833292486,12440.0867259902,359.199492616688,62.5310041244611,"Malawi","Chikwawa","TA Katunga","157",40760.76933
"190",190,28318.8036227474,2.55151222407828,2.9185995113865,0.422194258158932,0.488844212864761,12399.0450840493,36.5394729968197,12440.9657072526,359.232714597404,62.5404279099241,"Malawi","Chikwawa","TA Katunga","157",40760.76933
"191",191,28317.9661765697,2.43097540574855,2.78076530538129,0.402324870930846,0.467929927055556,12400.1640812877,36.5570766334767,12441.8031534303,359.264367677258,62.5494082406435,"Malawi","Chikwawa","TA Katunga","157",40760.76933
"192",192,28317.1683055781,2.31612263496422,2.64942673869971,0.383385644743436,0.447873132698028,12401.2302898476,36.5739264231565,12442.6010244219,359.294525798717,62.5579658747066,"Malawi","Chikwawa","TA Katunga","157",40760.76933
"193",193,28316.4081420553,2.20668678478248,2.52427891349098,0.365333473664303,0.42864105486227,12402.2461943949,36.5900533230015,12443.3611879447,359.323259434619,62.5661206088151,"Malawi","Chikwawa","TA Katunga","157",40760.76933
"194",194,28315.6839044138,2.1024129400071,2.4050308465242,0.348127169888715,0.410201992361625,12403.2141655092,36.6054871281952,12444.0854255862,359.350635815246,62.5738913401673,"Malawi","Chikwawa","TA Katunga","157",40760.76933
"195",195,28314.9938979526,2.00305852136539,2.29140559910743,0.331727487211195,0.392525352815373,12404.136458641,36.6202564459088,12444.7754320474,359.376718899122,62.581296057277,"Malawi","Chikwawa","TA Katunga","157",40760.76933
"196",196,28314.3365083261,1.90839236729447,2.18313923448863,0.316096981254159,0.375581595449945,12405.0152227269,36.6343887685046,12445.4328216739,359.401569618303,62.5883519070889,"Malawi","Chikwawa","TA Katunga","157",40760.76933
"197",197,28313.7101953146,1.81819384944478,2.07997982979705,0.301199875422916,0.359342173824788,12405.8525084118,36.6479105450417,12446.0591346854,359.425246112413,62.5950752591357,"Malawi","Chikwawa","TA Katunga","157",40760.76933
"198",198,28313.1134913849,1.73225268370015,1.98168724398084,0.287002032367015,0.343779534337814,12406.6502699301,36.6608471905994,12446.6558386151,359.447803782379,62.6014817198779,"Malawi","Chikwawa","TA Katunga","157",40760.76933
"199",199,28312.5449984229,1.65036847317975,1.88803259564767,0.273470884837621,0.328867091937316,12407.4103694113,36.6732231202672,12447.2243315772,359.469295413097,62.6075861661358,"Malawi","Chikwawa","TA Katunga","157",40760.76933
"200",200,28312.0033841019,1.572350187619,1.79879769297942,0.26057535760271,0.314579199896565,12408.134581671,36.6850617889569,12447.7659458981,359.489771309835,62.6134027824749,"Malawi","Chikwawa","TA Katunga","157",40760.76933
"201",201,28311.4873788281,1.49801573855584,1.71377454041463,0.248285801783317,0.300891123904036,12408.8245982421,36.696385725179,12448.2819511719,359.509279413002,62.6189450926548,"Malawi","Chikwawa","TA Katunga","157",40760.76933
"202",202,28310.9957729238,1.42719158858552,1.63276488174193,0.236573934095996,0.287779017231128,12409.4820310917,36.7072165627623,12448.7735570762,359.527865403964,62.6242259886633,"Malawi","Chikwawa","TA Katunga","157",40760.76933
"203",203,28310.5274137559,1.3597123350475,1.55557975076512,0.225412774211177,0.275219894715598,12410.1084164156,36.7175750736862,12449.2419162441,359.545572813029,62.6292577604562,"Malawi","Chikwawa","TA Katunga","157",40760.76933
"204",204,28310.0812030301,1.29542033187007,1.48203903328977,0.214776585834701,0.263191607240636,12410.705218212,36.7274811995956,12449.6881269699,359.562443121155,62.6340521239547,"Malawi","Chikwawa","TA Katunga","157",40760.76933
"205",205,28309.6560942387,1.23416533789857,1.41197104757841,0.204640821007268,0.251672816739515,12411.2738316559,36.7369540820902,12450.1132357613,359.578515855961,62.638620247488,"Malawi","Chikwawa","TA Katunga","157",40760.76933
"206",206,28309.2510902231,1.17580416046721,1.34521216362375,0.194982066129858,0.240642971526685,12411.8155863229,36.7460120922023,12450.5182397769,359.593828683421,62.6429727771839,"Malawi","Chikwawa","TA Katunga","157",40760.76933
"207",207,28308.8652409148,1.12020033488017,1.28160643968709,0.185777992022192,0.230082282661562,12412.3317491777,36.7546728581666,12450.9040890852,359.608417492874,62.6471198604905,"Malawi","Chikwawa","TA Katunga","157",40760.76933
"208",208,28308.4976410701,1.06722381416274,1.22100524581345,0.177007304014285,0.219971699657371,12412.8235275727,36.7629532935988,12451.2716889299,359.622316482306,62.6510711697394,"Malawi","Chikwawa","TA Katunga","157",40760.76933
"209",209,28308.1474281225,1.01675065895524,1.16326692252234,0.16864969397043,0.210292886483428,12413.2920720907,36.770869624848,12451.6219018775,359.635558239178,62.6548359245974,"Malawi","Chikwawa","TA Katunga","157",40760.76933
"210",210,28307.8137807081,0.968662822928574,1.10825654894954,0.160685807593313,0.201028207628747,12413.7384784965,36.7784374082558,12451.9555492919,359.64817379594,62.6584229074395,"Malawi","Chikwawa","TA Katunga","157",40760.76933
"211",211,28307.4959156315,0.922847727756541,1.05584544274549,0.153097175837289,0.192160686723406,12414.1637917621,36.7856715732994,12452.2734143685,359.660192744378,62.6618404952361,"Malawi","Chikwawa","TA Katunga","157",40760.76933
"212",212,28307.1930866598,0.879198091732281,1.00591096622927,0.145866188175998,0.183673994947576,12414.5690076623,36.7925864368185,12452.5762433402,359.671643281007,62.6650966721231,"Malawi","Chikwawa","TA Katunga","157",40760.76933
"213",213,28306.9045822223,0.83761159833164,0.958336155857817,0.138976040174557,0.175552419038122,12414.9550758281,36.7991957361374,12452.8647477777,359.68255229379,62.6681990536555,"Malawi","Chikwawa","TA Katunga","157",40760.76933
"214",214,28306.6297250772,0.797990852200384,0.91300966785468,0.13241072693579,0.16778086416283,12415.3229001823,36.8055126293249,12453.1396049228,359.692945374613,62.6711548901239,"Malawi","Chikwawa","TA Katunga","157",40760.76933
"215",215,28306.3678707497,0.760243156812961,0.869825524406335,0.126155007735794,0.160344834058242,12415.6733410107,36.8115497165618,12453.4014592503,359.702846878145,62.6739710829784,"Malawi","Chikwawa","TA Katunga","157",40760.76933
"216",216,28306.1184043934,0.724280064371197,0.828682603076158,0.120194333842283,0.153230382248011,12416.0072191346,36.8173190884283,12453.6509256066,359.712280040253,62.6766542180487,"Malawi","Chikwawa","TA Katunga","157",40760.76933
"217",217,28305.8807400721,0.690017274885055,0.78948451969095,0.114514832415839,0.146424104727851,12416.3253168615,36.8228323346396,12453.8885899279,359.721267005047,62.6792105730643,"Malawi","Chikwawa","TA Katunga","157",40760.76933
"218",218,28305.6543197114,0.657374487600336,0.752139457126794,0.109103282734502,0.139913126702014,12416.628379376,36.8281005583526,12454.1150102886,359.729828864397,62.6816461286868,"Malawi","Chikwawa","TA Katunga","157",40760.76933
"219",219,28305.4386116036,0.626275185807233,0.716559923178102,0.103947081894387,0.133685080870992,12416.9171167264,36.8331343982601,12454.3307183964,359.737985714335,62.6839665843179,"Malawi","Chikwawa","TA Katunga","157",40760.76933
"220",220,28305.233109113,0.596646452138269,0.682662539406861,0.0990342151151633,0.127728088666441,12417.1922055439,36.8379440477,12454.536220887,359.745756703873,62.6861773717855,"Malawi","Chikwawa","TA Katunga","157",40760.76933
"221",221,28305.0373295701,0.56841881189565,0.650367859242597,0.0943532303388776,0.122030743838119,12417.4542905133,36.8425392712108,12454.7320004299,359.753160076743,62.6882836670456,"Malawi","Chikwawa","TA Katunga","157",40760.76933
"222",222,28304.8508131325,0.541526068675452,0.619600183674261,0.0898932119683233,0.11658209534261,12417.7039858861,36.8469294217131,12454.9185168675,359.760213214366,62.6902904022487,"Malawi","Chikwawa","TA Katunga","157",40760.76933
"223",223,28304.6731216818,0.515905146431446,0.590287381379026,0.0856437554237818,0.111371630465992,12417.9418769472,36.8511234573307,12455.0962083182,359.766932677461,62.6922022774282,"Malawi","Chikwawa","TA Katunga","157",40760.76933
"224",224,28304.5038378059,0.491495945709917,0.562360720474255,0.0815949436640142,0.106389258903015,12418.1685213682,36.8551299571187,12455.2654921941,359.77333424447,62.694023771289,"Malawi","Chikwawa","TA Katunga","157",40760.76933
"225",225,28304.3425637883,0.468241197424517,0.535754704876848,0.0777373237405791,0.101625296657832,12418.3844505521,36.8589571368651,12455.4267662117,359.779432949698,62.6957591519429,"Malawi","Chikwawa","TA Katunga","157",40760.76933
"226",226,28304.1889207112,0.446086333966854,0.510406928188189,0.0740618859945787,0.0970704515559292,12418.5901708259,36.8626128632308,12455.5804092888,359.785243117159,62.6974124864329,"Malawi","Chikwawa","TA Katunga","157",40760.76933
"227",227,28304.0425476268,0.424979371923796,0.486257936591994,0.0705600448471226,0.0927158096035457,12418.7861645433,36.8661046669656,12455.7267823732,359.790778391867,62.6989876495361,"Malawi","Chikwawa","TA Katunga","157",40760.76933
"228",228,28303.9031006729,0.404870784676264,0.46325108477981,0.0672236182132678,0.0885528202206856,12418.9728912621,36.8694397571433,12455.8662293271,359.796051773224,62.700488333171,"Malawi","Chikwawa","TA Katunga","157",40760.76933
"229",229,28303.7702522262,0.385713380952347,0.441332397465893,0.0640448077887532,0.0845732819072033,12419.1507888708,36.8726250349061,12455.9990777738,359.801075646978,62.7019180554046,"Malawi","Chikwawa","TA Katunga","157",40760.76933
"230",230,28303.6436901671,0.367462199386214,0.420450448915101,0.0610161818991884,0.0807693295606979,12419.3202745676,36.8756671055427,12456.125639833,359.805861812999,62.7032801682814,"Malawi","Chikwawa","TA Katunga","157",40760.76933
"231",231,28303.5231171583,0.350074405159245,0.400556244711976,0.0581306586615002,0.0771334218302627,12419.4817458209,36.8785722904589,12456.2462128417,359.810421512499,62.7045778655046,"Malawi","Chikwawa","TA Katunga","157",40760.76933
"232",232,28303.4082498293,0.333509172978579,0.381603088009671,0.0553814869174806,0.0736583266837498,12419.6355814553,36.8813466407946,12456.3610801707,359.814765458849,62.7058141911297,"Malawi","Chikwawa","TA Katunga","157",40760.76933
"233",233,28303.2988181493,0.317727597096616,0.363546476751699,0.0527622315494991,0.0703371100152541,12419.7821424872,36.8839959480705,12456.4705118507,359.818903861256,62.7069920462509,"Malawi","Chikwawa","TA Katunga","157",40760.76933
"234",234,28303.1945649113,0.302692617238216,0.346344019083066,0.0502667613808034,0.0671631260837464,12419.9217728118,36.886525753059,12456.5747650887,359.822846444237,62.7081141945048,"Malawi","Chikwawa","TA Katunga","157",40760.76933
"235",235,28303.0952451431,0.288368933972568,0.329955336660422,0.0478892353552436,0.0641300066210064,12420.0547999883,36.8889413559017,12456.6740848569,359.826602469886,62.7091832683601,"Malawi","Chikwawa","TA Katunga","157",40760.76933
"236",236,28303.0006254623,0.274722916129163,0.314341958839074,0.0456240874128542,0.0612316488739425,12420.1815360992,36.8912478272028,12456.7687045377,359.830180762225,62.7102017759985,"Malawi","Chikwawa","TA Katunga","157",40760.76933
"237",237,28302.9104834891,0.261722516473544,0.299467226293879,0.0434660126961083,0.0584622044997609,12420.3022785327,36.8934500182606,12456.8588465109,359.833589729392,62.7111721075853,"Malawi","Chikwawa","TA Katunga","157",40760.76933
"238",238,28302.8246073441,0.249337199537995,0.285296208538825,0.0414099557263308,0.0558160698222786,12420.4173106523,36.8955525699662,12456.944722656,359.836837382607,62.7120965406375,"Malawi","Chikwawa","TA Katunga","157",40760.76933
"239",239,28302.7427951797,0.237537874289835,0.271795626975951,0.0394510993663844,0.0532878766241259,12420.5269024219,36.8975599211753,12457.0265348203,359.839931353879,62.7129772450326,"Malawi","Chikwawa","TA Katunga","157",40760.76933
"240",240,28302.6648547088,0.226296826356199,0.258933777428519,0.0375848537108231,0.0508724828515553,12420.6313110337,36.8994763171502,12457.1044752912,359.842878913821,62.7138162880507,"Malawi","Chikwawa","TA Katunga","157",40760.76933
"241",241,28302.5906027397,0.215587651201886,0.246680453755499,0.0358068451277498,0.0485649633820376,12420.7307815289,36.9013058179243,12457.1787272604,359.84568698921,62.7146156393457,"Malawi","Chikwawa","TA Katunga","157",40760.76933
"242",242,28302.5198647396,0.205385191371404,0.235006876109527,0.0341129059579055,0.0463606012240244,12420.8255473795,36.903052306234,12457.2494652605,359.84836217949,62.7153771756159,"Malawi","Chikwawa","TA Katunga","157",40760.76933
"243",243,28302.4524744293,0.195665478196242,0.223885624298817,0.0324990649385833,0.0442548792153001,12420.9158310291,36.9047194949627,12457.3168555708,359.850910772081,62.7161026849429,"Malawi","Chikwawa","TA Katunga","157",40760.76933
"244",244,28302.388273398,0.186405676388883,0.213290574446331,0.0309615380976428,0.0422434720495004,12421.0018444068,36.9063109342643,12457.3810566021,359.853338756941,62.716793870916,"Malawi","Chikwawa","TA Katunga","157",40760.76933
"245",245,28302.3271107311,0.177584030529753,0.203196837808817,0.0294967199560499,0.040322238516686,12421.0837894236,36.9078300184785,12457.4422192689,359.855651840625,62.7174523566164,"Malawi","Chikwawa","TA Katunga","157",40760.76933
"246",246,28302.2688426534,0.169179813711461,0.193580702059478,0.0281011750813097,0.0384872139876857,12421.1618584489,36.9092799928084,12457.5004873466,359.857855459778,62.7180796884409,"Malawi","Chikwawa","TA Katunga","157",40760.76933
"247",247,28302.2133321904,0.16117327880656,0.18441957556928,0.0267716300678414,0.0367346032014011,12421.2362347622,36.910663959704,12457.5559978096,359.859954793929,62.7186773397306,"Malawi","Chikwawa","TA Katunga","157",40760.76933
"248",248,28302.1604488473,0.153545612322559,0.175691934644138,0.0255049659390478,0.0350607733571614,12421.3070929814,36.9119848849545,12457.6088811527,359.861954777621,62.719246714208,"Malawi","Chikwawa","TA Katunga","157",40760.76933
"249",249,28302.1100683039,0.146278890431183,0.167377273246392,0.0242982109045988,0.0334622474705477,12421.3745994705,36.9132456035285,12457.6592616961,359.863860111949,62.7197891492521,"Malawi","Chikwawa","TA Katunga","157",40760.76933
"250",250,28302.0620721223,0.139356036930472,0.159456054924673,0.0231485334337456,0.0319356979667893,12421.4389127292,36.9144488251912,12457.7072578777,359.865675275606,62.7203059190298,"Malawi","Chikwawa","TA Katunga","157",40760.76933
"251",251,28302.0163474682,0.132760783127618,0.151909666938766,0.0220532356426416,0.030477940511881,12421.5001837657,36.9155971398965,12457.7529825318,359.867404535415,62.7207982374847,"Malawi","Chikwawa","TA Katunga","157",40760.76933
"252",252,28301.9727868457,0.126477629660303,0.144720376599925,0.0210097469986536,0.0290859280859195,12421.55855645,36.9166930229523,12457.7965431544,359.869051956353,62.7212672611816,"Malawi","Chikwawa","TA Katunga","157",40760.76933
"253",253,28301.931287845,0.120491810169672,0.137871289727451,0.0200156183277787,0.0277567452916023,12421.6141678515,36.9177388399657,12457.8380421551,359.87062141109,62.7217140920135,"Malawi","Chikwawa","TA Katunga","157",40760.76933
"254",254,28301.8917529021,0.114789256684681,0.131346311061234,0.0190685161025254,0.0264876028840422,12421.6671485596,36.9187368515833,12457.8775770979,359.872116589074,62.7221397797811,"Malawi","Chikwawa","TA Katunga","157",40760.76933
"255",255,28301.8540890695,0.109356566612879,0.125130106510512,0.0181662169932465,0.0252758325112735,12421.7176229899,36.9196892180369,12457.9152409306,359.873541005201,62.7225453246528,"Malawi","Chikwawa","TA Katunga","157",40760.76933
"256",256,28301.8182077975,0.104180971279016,0.119208067171927,0.0173066026733902,0.0241188816598265,12421.7657096762,36.9205980035005,12457.9511222025,359.874898008066,62.7229316795099,"Malawi","Chikwawa","TA Katunga","157",40760.76933
"257",257,28301.7840247266,0.0992503059581024,0.113566275055975,0.0164876548700223,0.0230143088004171,12421.8115215485,36.9214651802645,12457.9853052734,359.876190787838,62.7232997521797,"Malawi","Chikwawa","TA Katunga","157",40760.76933
"258",258,28301.7514594889,0.0945529813320974,0.108191470440906,0.0157074506481496,0.0219597787267546,12421.8551661972,36.9222926327328,12458.0178705111,359.877422383744,62.7236504075639,"Malawi","Chikwawa","TA Katunga","157",40760.76933
"259",259,28301.7204355196,0.0900779562930537,0.103071020765959,0.0149641579163235,0.0209530580794835,12421.8967461261,36.9230821612531,12458.0488944805,359.878595691212,62.7239844696658,"Malawi","Chikwawa","TA Katunga","157",40760.76933
"260",260,28301.6908798768,0.0858147120253359,0.0981928909869552,0.0142560311425586,0.0199920110481074,12421.9363589922,36.9238354857851,12458.0784501233,359.879713468668,62.7243027235223,"Malawi","Chikwawa","TA Katunga","157",40760.76933
"261",261,28301.6627230703,0.0817532273101655,0.0935456153294259,0.0135814072713148,0.0190745952448007,12421.9740978351,36.9245542494149,12458.1066069297,359.880778344022,62.7246059170458,"Malawi","Chikwawa","TA Katunga","157",40760.76933
"262",262,28301.6358988983,0.0778839549983875,0.0891182703774598,0.0129387018327253,0.0181988577442368,12422.010051295,36.9252400217199,12458.1334311017,359.881792820839,62.7248947627778,"Malawi","Chikwawa","TA Katunga","157",40760.76933
"263",263,28301.6103442917,0.0741977995960701,0.0849004494349872,0.0123264052350425,0.0173629312833301,12422.0443038208,36.9258943019905,12458.1589857083,359.88275928422,62.7251699395606,"Malawi","Chikwawa","TA Katunga","157",40760.76933
"264",264,28301.5859991659,0.0706860959085698,0.0808822380973778,0.0117430792314321,0.0165650306147716,12422.0769358679,36.9265185223156,12458.1833308341,359.883680006408,62.7254320941302,"Malawi","Chikwawa","TA Katunga","157",40760.76933
"265",265,28301.5628062798,0.0673405886925282,0.0770541909756138,0.011187353552859,0.015803449008554,12422.1080240875,36.9271140505358,12458.2065237203,359.884557152125,62.7256818426328,"Malawi","Chikwawa","TA Katunga","157",40760.76933
"266",266,28301.5407111009,0.0641534132689823,0.0734073095195332,0.0106579226994066,0.0150765548960166,12422.1376415056,36.9276821930716,12458.2286188991,359.885392783659,62.7259197720718,"Malawi","Chikwawa","TA Katunga","157",40760.76933
"267",267,28301.5196616776,0.0611170770529082,0.0699330208890495,0.0101535428827136,0.0143827886511102,12422.1658576953,36.9282241976291,12458.2496683225,359.88618886571,62.7261464416846,"Malawi","Chikwawa","TA Katunga","157",40760.76933
"268",268,28301.4996085166,0.0582244419557968,0.0666231578238168,0.00967302911243506,0.0137206595036805,12422.1927389392,36.9287412557914,12458.2697214835,359.886947270008,62.7263623842552,"Malawi","Chikwawa","TA Katunga","157",40760.76933
"269",269,28301.480504467,0.0554687076197662,0.0634699394638522,0.00921525241991963,0.0130887425796994,12422.2183483855,36.9292345054972,12458.2888255331,359.88766977971,62.7265681073653,"Malawi","Chikwawa","TA Katunga","157",40760.76933
"270",270,28301.4623046091,0.0528433954438718,0.0604659530761552,0.00877913721265534,0.0124856760635705,12422.2427461957,36.9297050334139,12458.3070253909,359.888358093591,62.7267640945851,"Malawi","Chikwawa","TA Katunga","157",40760.76933
"271",271,28301.4449661492,0.0503423333653672,0.0576041366447571,0.00836365875337248,0.0119101584778217,12422.2659896863,36.9301538772078,12458.3243638508,359.889013830035,62.7269508066091,"Malawi","Chikwawa","TA Katunga","157",40760.76933
"272",272,28301.4284483188,0.047959641360383,0.0548777622835889,0.00796784075797202,0.0113609460756562,12422.288133463,36.9305820277163,12458.3408816812,359.889638530843,62.7271286823374,"Malawi","Chikwawa","TA Katunga","157",40760.76933
"273",273,28301.4127122786,0.0456897176300378,0.05228042043331,0.00759075310669746,0.0108368503419708,12422.3092295488,36.9309904310263,12458.3566177214,359.89023366485,62.7272981399064,"Malawi","Chikwawa","TA Katunga","157",40760.76933
"274",274,28301.3977210276,0.0435272254395585,0.0498060048050256,0.00723150966322155,0.0103367355985982,12422.3293275064,36.931379990463,12458.3716089724,359.890800631382,62.7274595776707,"Malawi","Chikwawa","TA Katunga","157",40760.76933
"275",275,28301.3834393158,0.0414670805795623,0.0474486980356235,0.00688926619657565,0.00985951670968058,12422.3484745542,36.9317515684912,12458.3858906842,359.891340763543,62.7276133751382,"Malawi","Chikwawa","TA Katunga","157",40760.76933
"276",276,28301.3698335615,0.0395044394201478,0.045202958021175,0.00656321840109353,0.00940415688323138,12422.3667156773,36.9321059885353,12458.3994964386,359.89185533135,62.7277598938619,"Malawi","Chikwawa","TA Katunga","157",40760.76933
"277",277,28301.3568717721,0.0376346875298147,0.0430635048964077,0.00625260000976469,0.00896966556507976,12422.3840937332,36.9324440367193,12458.4124582279,359.892345544717,62.7278994782888,"Malawi","Chikwawa","TA Katunga","157",40760.76933
"278",278,28301.3445234695,0.0358534288325287,0.0410253086297374,0.00595668099660383,0.00855509642152594,12422.4006495521,36.932766463531,12458.4248065306,359.892812556297,62.7280324565686,"Malawi","Chikwawa","TA Katunga","157",40760.76933
"279",279,28301.3327596176,0.0341564752774984,0.0390835772047773,0.00567476586384712,0.00815954540716639,12422.4164220332,36.9330739854137,12458.4365703824,359.893257464196,62.7281591413251,"Malawi","Chikwawa","TA Katunga","157",40760.76933
"280",280,28301.3215525548,0.0325398369974418,0.0372337453606246,0.00540619200998364,0.00778214891447702,12422.4314482356,36.9333672862886,12458.4477774452,359.893681314549,62.7282798303902,"Malawi","Chikwawa","TA Katunga","157",40760.76933
"281",281,28301.3108759286,0.0309997129322673,0.0354714638645399,0.00515032817481813,0.00742208200186779,12422.4457634654,36.9336470190097,12458.4584540714,359.894085103985,62.7283948075034,"Malawi","Chikwawa","TA Katunga","157",40760.76933
"282",282,28301.3007046335,0.0295324818961821,0.0337925892918747,0.00490657295793923,0.00707855669704276,12422.4594013589,36.9339138067557,12458.4686253665,359.894469781964,62.7285043429789,"Malawi","Chikwawa","TA Katunga","157",40760.76933
"283",283,28301.2910147525,0.0281346940672721,0.0321931742892802,0.0046743534071362,0.00675082037261609,12422.472393961,36.9341682443603,12458.4783152475,359.894836253011,62.7286086943401,"Malawi","Chikwawa","TA Katunga","157",40760.76933
"284",284,28301.2817835003,0.0268030628795871,0.0306694582983652,0.00445312367346905,0.00643815419104794,12422.4847718011,36.9344108995846,12458.4875464997,359.895185378846,62.728708106925,"Malawi","Chikwawa","TA Katunga","157",40760.76933
"285",285,28301.2729891701,0.0255344572987067,0.0292178587180435,0.00424236372985179,0.00613987161607425,12422.4965639642,36.9346423143326,12458.49634083,359.895517980404,62.7288028144626,"Malawi","Chikwawa","TA Katunga","157",40760.76933
"286",286,28301.2646110823,0.0243258944626638,0.0278349624848455,0.00404157815015626,0.00585531698791121,12422.5077981598,36.9348630058139,12458.5047189177,359.895834839769,62.7288930396218,"Malawi","Chikwawa","TA Katunga","157",40760.76933
"287",287,28301.2566295362,0.0231745326709599,0.0265175180514414,0.00385029494598385,0.00558386415961797,12422.5185007863,36.9350734676545,12458.5127004638,359.896136702009,62.728978994535,"Malawi","Chikwawa","TA Katunga","157",40760.76933
"288",288,28301.2490257635,0.0220776647052084,0.0252624277445561,0.00366806445838673,0.00532491519210103,12422.5286969934,36.9352741709592,12458.5203042365,359.896424276933,62.7290608812963,"Malawi","Chikwawa","TA Katunga","157",40760.76933
"289",289,28301.2417818841,0.0210327114657358,0.0240667404843435,0.00349445830194748,0.00507789910534002,12422.5384107413,36.9354655653264,12458.527548116,359.896698240753,62.7291388924367,"Malawi","Chikwawa","TA Katunga","157",40760.76933
"290",290,28301.234880864,0.0200372159092023,0.0229276448481354,0.00332906835874799,0.00484227068350783,12422.5476648563,36.9356480798178,12458.534449136,359.896959237681,62.7292132113762,"Malawi","Chikwawa","TA Katunga","157",40760.76933
"291",291,28301.2283064758,0.0190888372730088,0.0218424624622861,0.00317150581987446,0.00461750933174816,12422.5564810854,36.935822123886,12458.5410235242,359.897207881436,62.729284012855,"Malawi","Chikwawa","TA Katunga","157",40760.76933
"292",292,28301.2220432599,0.0181853455729308,0.0208086417066039,0.00302140027221611,0.00440311798246077,12422.5648801464,36.9359880882601,12458.5472867402,359.897444756694,62.7293514633443,"Malawi","Chikwawa","TA Katunga","157",40760.76933
"293",293,28301.2160764882,0.0173246163610604,0.0198237517165908,0.00287839882842037,0.00419862204902834,12422.5728817771,36.936146345792,12458.5532535119,359.897670420457,62.7294157214372,"Malawi","Chikwawa","TA Katunga","157",40760.76933
"294",294,28301.2103921299,0.0165046257317456,0.0188854766694099,0.00274216529796816,0.00400356842500028,12422.5805047817,36.9362972522657,12458.5589378701,359.897885403365,62.729476938222,"Malawi","Chikwawa","TA Katunga","157",40760.76933
"295",295,28301.2049768183,0.0157234455638028,0.0179916103401661,0.00261237939742849,0.00381752452682705,12422.5877670747,36.9364411471696,12458.5643531817,359.898090210946,62.7295352576366,"Malawi","Chikwawa","TA Katunga","157",40760.76933
"296",296,28301.1998178193,0.0149792389878265,0.0171400509157189,0.00248873599804294,0.0036400773783139,12422.594685723,36.936578354435,12458.5695121808,359.8982853248,62.7295908168075,"Malawi","Chikwawa","TA Katunga","157",40760.76933
"297",297,28301.1949030014,0.0142702560679514,0.0163287960538497,0.00237094440887796,0.00347083273503581,12422.6012769862,36.9367091831417,12458.5744269987,359.898471203733,62.7296437463715,"Malawi","Chikwawa","TA Katunga","157",40760.76933
"298",298,28301.1902208073,0.013594829687925,0.0155559381761812,0.00225872769386542,0.00330941424702591,12422.6075563547,36.9368339281918,12458.5791091927,359.898648284837,62.7296941707832,"Malawi","Chikwawa","TA Katunga","157",40760.76933
"299",299,28301.1857602268,0.0129513716318273,0.0148196599837943,0.0021518220211314,0.00315546265811668,12422.6135385859,36.936952870953,12458.5835697732,359.898816984517,62.7297422086073,"Malawi","Chikwawa","TA Katunga","157",40760.76933
"300",300,28301.1815107708,0.0123383688502314,0.014118230185012,0.00204997604308833,0.00300863504037903,12422.6192377392,36.9370662798742,12458.5878192292,359.898977699469,62.7297879727976,"Malawi","Chikwawa","TA Katunga","157",40760.76933
"301",301,28301.1774624466,0.0117543799030336,0.0134499994253141,0.00195295030583753,0.00286860406216692,12422.6246672086,36.9371744110725,12458.5918675534,359.899130807614,62.729831570962,"Malawi","Chikwawa","TA Katunga","157",40760.76933
"302",302,28301.1736057345,0.0111980315705965,0.0128133964098253,0.00186051668649771,0.00273505728833541,12422.6298397547,36.9372775088941,12458.5957242655,359.899276668988,62.729873105616,"Malawi","Chikwawa","TA Katunga","157",40760.76933
"303",303,28301.1699315652,0.0106680156252437,0.012206924209266,0.00177245785714019,0.00260769651125866,12422.6347675341,36.9373758064503,12458.5993984348,359.899415626583,62.7299126744233,"Malawi","Chikwawa","TA Katunga","157",40760.76933
"304",304,28301.1664312989,0.0101630857555205,0.0116291567406905,0.00168856677407385,0.00248623711133022,12422.6394621286,36.9374695261296,12458.6028987011,359.89954800716,62.7299503704255,"Malawi","Chikwawa","TA Katunga","157",40760.76933
"305",305,28301.1630967046,0.00968205463599418,0.011078735414743,0.00160864619128215,0.0023704074456818,12422.6439345716,36.9375588800856,12458.6062332954,359.899674122014,62.7299862822611,"Malawi","Chikwawa","TA Katunga","157",40760.76933
"306",306,28301.1599199409,0.00922379113570928,0.0105543659415562,0.00153250819687083,0.00225994826390871,12422.6481953749,36.9376440707048,12458.6094100591,359.899794267706,62.7300204943732,"Malawi","Chikwawa","TA Katunga","157",40760.76933
"307",307,28301.1568935374,0.00878721765873817,0.0100548152877879,0.00145997377143914,0.00215461214964009,12422.6522545526,36.9377252910515,12458.6124364626,359.899908726761,62.7300530872088,"Malawi","Chikwawa","TA Katunga","157",40760.76933
"308",308,28301.1540103776,0.00837130761057733,0.00957890877764581,0.00139087236733834,0.00205416298683983,12422.6561216454,36.9378027252937,12458.6153196224,359.900017768333,62.7300841374074,"Malawi","Chikwawa","TA Katunga","157",40760.76933
"309",309,28301.1512636815,0.00797508298443596,0.0091255273310889,0.00132504150783032,0.00195837544977054,12422.6598057421,36.9378765491099,12458.6180663186,359.900121648834,62.7301137179813,"Malawi","Chikwawa","TA Katunga","157",40760.76933
"310",310,28301.1486469901,0.00759761206174506,0.00869360483271636,0.00126232640520578,0.00186703451559688,12422.663315502,36.9379469300766,12458.6206830099,359.900220612544,62.7301418984876,"Malawi","Chikwawa","TA Katunga","157",40760.76933
"311",311,28301.1461541502,0.00723800722148256,0.00828212562516123,0.00120257959696582,0.00177993499864759,12422.6666591743,36.9380140280392,12458.6231758498,359.900314892178,62.730168745191,"Malawi","Chikwawa","TA Katunga","157",40760.76933
"312",312,28301.1437792998,0.00689542285316636,0.00789012212109865,0.00114566059921284,0.00169688110539612,12422.6698446181,36.9380779954657,12458.6255507003,359.900404709439,62.7301943212203,"Malawi","Chikwawa","TA Katunga","157",40760.76933
"313",313,28301.1415168542,0.0065690533686101,0.00751667252825689,0.00109143557643754,0.00161768600925946,12422.6728793205,36.9381389777846,12458.6278131458,359.900490275534,62.7302186867163,"Malawi","Chikwawa","TA Katunga","157",40760.76933
"314",314,28301.1393614933,0.00625813130776907,0.00716089868208479,0.00103977702692645,0.00154217144435238,12422.6757704145,36.938197113707,12458.6299685067,359.900571791675,62.7302418989737,"Malawi","Chikwawa","TA Katunga","157",40760.76933
"315",315,28301.1373081486,0.00596192553422424,0.00682196398098229,0.000990563483051816,0.00147016731737046,12422.6785246956,36.9382525355351,12458.6320218514,359.900649449551,62.7302640125754,"Malawi","Chikwawa","TA Katunga","157",40760.76933
"316",316,28301.1353519915,0.00567973951606317,0.00649907141924126,0.000943679225739914,0.00140151133681047,12422.6811486375,36.9383053694555,12458.6339780085,359.900723431778,62.7302850795208,"Malawi","Chikwawa","TA Katunga","157",40760.76933
"317",317,28301.1334884221,0.00541090968811696,0.00619146171307374,0.000899014012447513,0.00133604865876989,12422.683648408,36.93835573582,12458.635841578,359.900793912328,62.7303051493485,"Malawi","Chikwawa","TA Katunga","157",40760.76933
"318",318,28301.131713058,0.00515480389170382,0.00589841151532301,0.000856462818007675,0.00127363154859939,12422.6860298829,36.9384037494136,12458.6376169421,359.90086105694,62.7303242692523,"Malawi","Chikwawa","TA Katunga","157",40760.76933
"319",319,28301.1300217243,0.00491081988821173,0.00561923171466143,0.000815925587736325,0.00121411905771325,12422.6882986597,36.9384495197098,12458.6393082757,359.900925023506,62.7303424841925,"Malawi","Chikwawa","TA Katunga","157",40760.76933
"320",320,28301.1284104439,0.00467838394302625,0.00535326581527748,0.000777307002219764,0.00115737671489189,12422.6904600715,36.938493151115,12458.6409195561,359.900985962448,62.7303598370013,"Malawi","Chikwawa","TA Katunga","157",40760.76933
"321",321,28301.1268754277,0.00445694947647475,0.00509988839324345,0.000740516253230717,0.00110327623143933,12422.6925191987,36.9385347432012,12458.6424545723,359.901044017066,62.7303763684838,"Malawi","Chikwawa","TA Katunga","157",40760.76933
"322",322,28301.125413066,0.00424599577861596,0.00485850362593528,0.000705466830246568,0.0010516952195856,12422.6944808816,36.9385743909282,12458.643916934,359.90109932388,62.730392117514,"Malawi","Chikwawa","TA Katunga","157",40760.76933
"323",323,28301.12401992,0.00404502678485344,0.00462854389104812,0.000672076317068363,0.00100251692354992,12422.6963497312,36.938612184856,12458.6453100801,359.901152012945,62.7304071211255,"Malawi","Chikwawa","TA Katunga","157",40760.76933
"324",324,28301.1226927136,0.003853569909495,0.00440946843191407,0.000640266198062819,0.000955629962706075,12422.6981301406,36.9386482113475,12458.6466372865,359.901202208163,62.7304214145996,"Malawi","Chikwawa","TA Katunga","157",40760.76933
"325",325,28301.1214283257,0.00367117493451574,0.0042007620859849,0.00060996167357218,0.000910928086314875,12422.6998262947,36.9386825527612,12458.6479016743,359.901250027571,62.7304350315475,"Malawi","Chikwawa","TA Katunga","157",40760.76933
"326",326,28301.1202237832,0.00349741295091249,0.00400193407349071,0.000581091484058267,0.000868309939311924,12422.7014421807,36.9387152876362,12458.6491062168,359.901295583619,62.7304480039897,"Malawi","Chikwawa","TA Katunga","157",40760.76933
"327",327,28301.1190762535,0.00333187535016094,0.00381251684342697,0.000553587742567575,0.000827678838660942,12422.7029815969,36.9387464908679,12458.6502537466,359.901338983435,62.7304603624312,"Malawi","Chikwawa","TA Katunga","157",40760.76933
"328",328,28301.117983038,0.00317417286340426,0.003632064974157,0.0005273857751238,0.000788942559803977,12422.704448162,36.9387762338761,12458.651346962,359.901380329075,62.730472135933,"Malawi","Chikwawa","TA Katunga","157",40760.76933
"329",329,28301.116941566,0.00302393464611465,0.00346015412604549,0.000502423968672781,0.000752013132760193,12422.7058453234,36.9388045847655,12458.652388434,359.901419717768,62.7304833521808,"Malawi","Chikwawa","TA Katunga","157",40760.76933
"330",330,28301.1159493884,0.00288080740607566,0.00329638004366081,0.000478643626222587,0.000716806647444299,12422.7071763654,36.9388316084783,12458.6533806116,359.901457242136,62.73049403755,"Malawi","Chikwawa","TA Katunga","157",40760.76933
"331",331,28301.115004172,0.00274445457263534,0.00314035760520029,0.000455988828838353,0.000683243067794359,12422.708444417,36.9388573669405,12458.654325828,359.901492990422,62.7305042171674,"Malawi","Chikwawa","TA Katunga","157",40760.76933
"332",332,28301.1141036942,0.00261455550527703,0.00299171991690384,0.00043440630416759,0.000651246054316521,12422.7096524589,36.9388819192008,12458.6552263059,359.90152704669,62.7305139149709,"Malawi","Chikwawa","TA Katunga","157",40760.76933
"333",333,28301.1132458372,0.00249080473964702,0.00285011745032686,0.000413845301186994,0.000620742794671318,12422.7108033309,36.938905321564,12458.6560841628,359.901559491025,62.730523153765,"Malawi","Chikwawa","TA Katunga","157",40760.76933
"334",334,28301.112428584,0.00237291126926657,0.00271521722044417,0.000394257470876429,0.000591663841942568,12422.7118997385,36.9389276277176,12458.6569014161,359.901590399723,62.7305319552752,"Malawi","Chikwawa","TA Katunga","157",40760.76933
"335",335,28301.1116500125,0.0022605978612394,0.00258670200265262,0.000375596752539639,0.000563942960245561,12422.7129442591,36.9389488888524,12458.6576799875,359.901619845466,62.7305403401985,"Malawi","Chikwawa","TA Katunga","157",40760.76933
"336",336,28301.110908292,0.00215360040434589,0.00246426958683161,0.000357819265504551,0.000537516977346283,12422.713939348,36.9389691537787,12458.658421708,359.901647897499,62.7305483282525,"Malawi","Chikwawa","TA Katunga","157",40760.76933
"337",337,28301.1102016782,0.00205166728799116,0.00234763206670761,0.000340883205948608,0.00051232564397775,12422.7148873445,36.9389884690359,12458.6591283218,359.901674621788,62.7305559382213,"Malawi","Chikwawa","TA Katunga","157",40760.76933
"338",338,28301.1095285096,0.00195455881054691,0.0022365151628521,0.000324748748606678,0.000488311499553357,12422.7157904772,36.9390068789976,12458.6598014905,359.901700081177,62.7305631880002,"Malawi","Chikwawa","TA Katunga","157",40760.76933
"339",339,28301.108887203,0.00186204661569591,0.00213065757772103,0.000309377953130489,0.000465419743990287,12422.7166508691,36.9390244259722,12458.660442797,359.901724335535,62.7305700946374,"Malawi","Chikwawa","TA Katunga","157",40760.76933
"340",340,28301.1082762504,0.00177391315545378,0.00202981038121947,0.000294734674879525,0.000443598115368679,12422.717470543,36.9390411502983,12458.6610537496,359.901747441899,62.730576674374,"Malawi","Chikwawa","TA Katunga","157",40760.76933
"341",341,28301.1076942152,0.00168995117860564,0.0019337364253469,0.00028078447993367,0.000422796773164305,12422.7182514256,36.9390570904359,12458.6616357849,359.901769454603,62.7305829426828,"Malawi","Chikwawa","TA Katunga","157",40760.76933
"342",342,28301.1071397285,0.00160996324335474,0.00184220978654669,0.00026749456412787,0.000402968186804117,12422.7189953527,36.9390722830536,12458.6621902715,359.901790425414,62.7305889143039,"Malawi","Chikwawa","TA Katunga","157",40760.76933
"343",343,28301.1066114865,0.00153376125303714,0.00175501523444875,0.000254833675918468,0.00038406702930504,12422.7197040732,36.9390867631114,12458.6627185135,359.901810403645,62.73059460328,"Malawi","Chikwawa","TA Katunga","157",40760.76933
"344",344,28301.1061082471,0.0014611660138109,0.00167194772575626,0.000242772042899926,0.000366050075767035,12422.7203792531,36.9391005639404,12458.663221753,359.901829436276,62.7306000229889,"Malawi","Chikwawa","TA Katunga","157",40760.76933
"345",345,28301.1056288267,0.00139200681327968,0.00159281192208629,0.000231281301799185,0.000348876106501544,12422.7210224799,36.9391137173178,12458.6637011733,359.901847568063,62.7306051861754,"Malawi","Chikwawa","TA Katunga","157",40760.76933
"346",346,28301.105172098,0.00132612101905997,0.00151742173063093,0.000220334431783109,0.000332505814586174,12422.7216352655,36.9391262535394,12458.664157902,359.901864841646,62.7306101049811,"Malawi","Chikwawa","TA Katunga","157",40760.76933
"347",347,28301.104736987,0.00126335369634812,0.00144559986655865,0.000209905690922225,0.000316901717645719,12422.7222190506,36.9391382014882,12458.664593013,359.901881297645,62.7306147909727,"Malawi","Chikwawa","TA Katunga","157",40760.76933
"348",348,28301.1043224705,0.00120355724358788,0.0013771774361271,0.000199970555661419,0.000302028073668525,12422.7227752075,36.9391495886999,12458.6650075296,359.901896974756,62.7306192551697,"Malawi","Chikwawa","TA Katunga","157",40760.76933
"349",349,28301.1039275736,0.00114659104538184,0.00131199353952703,0.000190505663155277,0.00028785080067568,12422.7233050439,36.9391604414255,12458.6654024264,359.901911909845,62.7306235080698,"Malawi","Chikwawa","TA Katunga","157",40760.76933
"350",350,28301.1035513678,0.00109232114183054,0.00124989489252364,0.000181488756332513,0.000274337400068655,12422.7238098053,36.9391707846913,12458.6657786322,359.901926138035,62.7306275596741,"Malawi","Chikwawa","TA Katunga","157",40760.76933
"351",351,28301.1031929685,0.00104061991352191,0.00119073546600555,0.000172898631560347,0.00026145688348876,12422.7242906783,36.9391806423553,12458.6661370316,359.901939692782,62.7306314195102,"Malawi","Chikwawa","TA Katunga","157",40760.76933
"352",352,28301.1028515327,0.000991365781430121,0.00113437614259394,0.000164715088785781,0.00024917970302926,12422.7247487935,36.9391900371618,12458.6664784674,359.901952605962,62.7306350966546,"Malawi","Chikwawa","TA Katunga","157",40760.76933
"353",353,28301.1025262576,0.000944442921018442,0.00108068438950442,0.000156918884036575,0.000237477684648052,12422.7251852278,36.9391989907932,12458.6668037425,359.901964907942,62.7306385997544,"Malawi","Chikwawa","TA Katunga","157",40760.76933
"354",354,28301.1022163782,0.000899740989873594,0.00102953394689238,0.000149491684170233,0.000226323964635642,12422.7256010073,36.9392075239192,12458.6671136218,359.901976627651,62.7306419370474,"Malawi","Chikwawa","TA Katunga","157",40760.76933
"355",355,28301.101921166,0.000857154868231358,0.000980804530949049,0.000142416023764635,0.000215692928999644,12422.7259971095,36.9392156562439,12458.6674088341,359.901987792648,62.7306451163815,"Malawi","Chikwawa","TA Katunga","157",40760.76933
"356",356,28301.1016399265,0.000816584411783201,0.000934381551050092,0.000135675264048946,0.000205560155633236,12422.7263744655,36.9392234065511,12458.6676900735,359.901998429188,62.730648145233,"Malawi","Chikwawa","TA Katunga","157",40760.76933
"357",357,28301.1013719986,0.000777934216182695,0.00089015584029164,0.000129253553778254,0.000195902359140956,12422.7267339627,36.9392307927467,12458.6679580014,359.902008562285,62.7306510307245,"Malawi","Chikwawa","TA Katunga","157",40760.76933
"358",358,28301.1011167521,0.000741113392697989,0.000848023398780194,0.000123135791959955,0.00018669733820091,12422.727076446,36.9392378318997,12458.6682132479,359.902018215766,62.7306537796414,"Malawi","Chikwawa","TA Katunga","157",40760.76933
"359",359,28301.1008735869,0.000706035354482778,0.000807885149072715,0.000117307592344233,0.000177923925347863,12422.7274027208,36.9392445402812,12458.6684564132,359.902027412334,62.730656398448,"Malawi","Chikwawa","TA Katunga","157",40760.76933
"360",360,28301.100641931,0.000672617612963223,0.000769646703191868,0.000111755249595171,0.000169561939066935,12422.7277135541,36.9392509334016,12458.6686880691,359.902036173614,62.7306588933026,"Malawi","Chikwawa","TA Katunga","157",40760.76933
"361",361,28301.1004212397,0.000640781583862006,0.000733218140668556,0.000106465707062939,0.000161592138092511,12422.7280096767,36.9392570260459,12458.6689087603,359.902044520209,62.7306612700721,"Malawi","Chikwawa","TA Katunga","157",40760.76933
"362",362,28301.1002109941,0.000610452402403428,0.000698513797089851,0.000101426526081284,0.000153996177811793,12422.7282917847,36.9392628323077,12458.6691190059,359.902052471747,62.7306635343455,"Malawi","Chikwawa","TA Katunga","157",40760.76933
"363",363,28301.1000106998,0.000581558747264978,0.000665452062655076,9.66258567181568e-05,0.000146756568676888,12422.7285605414,36.9392683656213,12458.6693193002,359.902060046926,62.7306656914474,"Malawi","Chikwawa","TA Katunga","157",40760.76933
"364",364,28301.0998198857,0.000554032672861437,0.000633955190266375,9.20524099106726e-05,0.000139856636533724,12422.7288165786,36.9392736387923,12458.6695101143,359.90206726356,62.7306677464505,"Malawi","Chikwawa","TA Katunga","157",40760.76933
"365",365,28301.0996381031,0.000527809449567103,0.000603949112702498,8.76954309189159e-05,0.000133280484780161,12422.7290604984,36.9392786640273,12458.6696918969,359.90207413862,62.7306697041872,"Malawi","Chikwawa","TA Katunga","157",40760.76933
