"","time","S","E","I","H","C","R","D","hosp","crits","TA","ID","POP"
"1",0,24476,0,1,0,0,0,0,0,0,"Blantyre","176",24477
"2",1,24475.2625698171,0.607706687045872,0.794509213551087,0.010294518411071,0.000130533550630448,0.32478756153202,0.00000166877756447969,0.01097760200882,0.000133356569878249,"Blantyre","176",24477
"3",2,24474.5978623172,0.965638397197022,0.799119679231095,0.0183875297788463,0.000464706927023404,0.618515246534954,0.0000121231638511051,0.0208729162738548,0.000485215307303902,"Blantyre","176",24477
"4",3,24473.8833447274,1.25280237435216,0.901655951096135,0.0262388302115471,0.000964738701923875,0.934955341683298,0.0000380365207781959,0.0315100390949627,0.00102908390440129,"Blantyre","176",24477
"5",4,24473.0559956916,1.54324046908943,1.06244490029402,0.034754062310609,0.00162687394147974,1.30185260345742,0.000085399290350729,0.0438272873508326,0.00177134127226136,"Blantyre","176",24477
"6",5,24472.0724518036,1.87166460964819,1.2704182110524,0.044460935474579,0.00246370160770947,1.73838034243037,0.00016039615730111,0.0584704451189552,0.00273503881224307,"Blantyre","176",24477
"7",6,24470.893017763,2.25892013830241,1.5263694718444,0.0557753863327332,0.00349787839037882,2.26214948912427,0.000269873041029419,0.0760308226490386,0.00395441424363144,"Blantyre","176",24477
"8",7,24469.4747223,2.72203965530873,1.83668608707543,0.0691111767481615,0.00476036449816111,2.89225874830729,0.00042166800402194,0.0971486850378249,0.00547368718230613,"Blantyre","176",24477
"9",8,24467.7676922003,3.27842201906078,2.21114534802365,0.0849307005209976,0.00629054286566401,3.65089427254268,0.000624916676959422,0.122567316085357,0.00734769502595098,"Blantyre","176",24477
"10",9,24465.7126166826,3.94780786509578,2.66231806334873,0.103774807159755,0.00813723629620889,4.56445496569307,0.000890379818397769,0.153170890455509,0.00964346421938565,"Blantyre","176",24477
"11",10,24463.238393936,4.75348717277032,3.20563902768017,0.126286692874902,0.0103602816460009,5.66460206904912,0.0012308199736565,0.190019691806046,0.0124424216208952,"Blantyre","176",24477
"12",11,24460.2595794105,5.72329303404325,3.8597968945355,0.153235885286409,0.0130325659511446,6.98940076532973,0.0016614443617872,0.234388364686735,0.0158431798473937,"Blantyre","176",24477
"13",12,24456.6734214605,6.89062388727075,4.64731696324214,0.185545305825398,0.0162425414894796,8.58464940935105,0.00220043232358845,0.287810430079956,0.0199649446037076,"Blantyre","176",24477
"14",13,24452.3563587117,8.29559519594531,5.59530283605053,0.224322924344129,0.0200972722301789,10.5054534963318,0.00286956336279397,0.352130986694698,0.0249516235699735,"Blantyre","176",24477
"15",14,24447.1598146809,9.98639866349033,6.73634606515452,0.270899669057926,0.0247261342291692,12.8181198138273,0.00369497338456147,0.429570128101829,0.0309768061022541,"Blantyre","176",24477
"16",15,24440.9051785854,12.0209092670332,8.10962057445532,0.326874666306726,0.0302852700663816,15.6024235767119,0.00470806002220468,0.522798843936198,0.0382497491829431,"Blantyre","176",24477
"17",16,24434.9353676769,13.164123381356,9.53885713837027,0.393225742319182,0.0369570390707539,18.925522507809,0.0059465142134247,0.634055644321274,0.0470165727312826,"Blantyre","176",24477
"18",17,24428.0158773903,14.7304666069752,10.9531497903742,0.468448148767032,0.0449027326805,22.7797007544038,0.00745457654179613,0.763045303650536,0.0575134086085741,"Blantyre","176",24477
"19",18,24420.1126628741,16.6151979130585,12.4714377216083,0.552124924873881,0.0542470316236481,27.1850478646972,0.00928167002174549,0.910417761644178,0.0699485449234701,"Blantyre","176",24477
"20",19,24411.1333343274,18.794466704608,14.1567808534572,0.644907457548108,0.0651115961375873,32.1939173724397,0.0114816883687346,1.07791457322931,0.0845348122402639,"Blantyre","176",24477
"21",20,24400.9515083177,21.2798868038062,16.0512386876616,0.747969247251227,0.0776330048129778,37.8776506785952,0.0141132601257341,1.26791685005896,0.101507969237364,"Blantyre","176",24477
"22",21,24389.4155129353,24.1002417256772,18.190353526302,0.862795679625999,0.0919712830829422,44.3218843759004,0.0172404741158311,1.48328500319761,0.121136458422159,"Blantyre","176",24477
"23",22,24376.3505560408,27.294306687341,20.6093206389563,0.991112383580751,0.108314840182994,51.6254555657736,0.0209338433132687,1.72732074153402,0.143727973641693,"Blantyre","176",24477
"24",23,24361.5580638645,30.9082605110778,23.3457685643167,1.13487181682738,0.126884195373805,59.9008796243992,0.0252714234803954,2.00378243703422,0.169635078668861,"Blantyre","176",24477
"25",24,24344.813716721,34.99497253848,26.4412000864748,1.2962648278681,0.147935508132874,69.2755702533369,0.0303400647369311,2.31692561420119,0.19926085463499,"Blantyre","176",24477
"26",25,24325.8647627381,39.6141090226974,29.9418915060874,1.47774442869559,0.171764332371279,79.8934911717162,0.0362368003330884,2.6715579866454,0.233065003591003,"Blantyre","176",24477
"27",26,24304.4269098126,44.8325667986433,33.8996064499645,1.68205564828655,0.19870975198535,91.9170811722291,0.0430703662861939,3.07310366168424,0.271570554781236,"Blantyre","176",24477
"28",27,24280.1807960365,50.7250850255668,38.3722572488897,1.91227048076409,0.229159096355367,105.52946920346,0.0509629084889194,3.52767703469968,0.315371468004181,"Blantyre","176",24477
"29",28,24252.7681567472,57.3749284076047,43.4245589138669,2.17182629049753,0.263553215597721,120.936924560852,0.0600518643643183,4.04216452009157,0.365141092002115,"Blantyre","176",24477
"30",29,24221.7878497202,64.8745684658143,49.1286783786671,2.46456593383744,0.302392156170684,138.371453374141,0.070491971126278,4.62431114662304,0.421641237378785,"Blantyre","176",24477
"31",30,24186.791113083,73.3264511125493,55.5649777788373,2.79478599010837,0.346242200014251,158.093972085116,0.0824577503750221,5.28282637386721,0.485733418852403,"Blantyre","176",24477
"32",31,24147.2772867126,82.8436293565404,62.8226234932285,3.16728092454749,0.395742617407677,180.397290998926,0.0961458967919343,6.02748354320337,0.558389648994129,"Blantyre","176",24477
"33",32,24102.6888252568,93.5503821098913,71.0002995255421,3.58739504411465,0.451613905186444,205.609705933653,0.111778224806265,6.86923956493984,0.640705661229718,"Blantyre","176",24477
"34",33,24052.4065537642,105.582646149014,80.2068498181169,4.06107262703272,0.514666263910509,234.098606635083,0.12960474261388,7.82035510665274,0.733914587229933,"Blantyre","176",24477
"35",34,23995.7445407842,119.088396075849,90.5618087563297,4.59491410153706,0.585809420182444,266.274623564153,0.149907297696114,8.89453267302668,0.839402946239867,"Blantyre","176",24477
"36",35,23931.9456620857,134.227575010991,102.195839114248,5.19622660023914,0.666062436545372,302.59563143584,0.173003316438446,10.1070498130772,0.958726781173812,"Blantyre","176",24477
"37",36,23864.8013555056,147.308542060246,114.58036226524,5.87021770429075,0.756546127475761,343.483726579454,0.199249757695559,11.471948275388,1.09361076273143,"Blantyre","176",24477
"38",37,23790.0503740764,162.535773279062,127.565399305901,6.61469457633755,0.858336577406117,389.146377239505,0.229044945397067,12.9959987058123,1.24580480758273,"Blantyre","176",24477
"39",38,23707.2493995408,179.598616892706,141.582018962785,7.43136771469467,0.97242646659781,439.903345411044,0.262825011428175,14.6897754808236,1.41703938677241,"Blantyre","176",24477
"40",39,23615.772579465,198.433943987007,156.872198397851,8.32554395707938,1.09983729962828,496.194833860146,0.301063033311282,16.5679170997595,1.60913629544981,"Blantyre","176",24477
"41",40,23514.893704742,219.080730869704,173.600216877306,9.30423520784453,1.24167691527833,558.535164073108,0.344271314735209,18.6475492522439,1.82407002065675,"Blantyre","176",24477
"42",41,23403.8228550713,241.617736165279,191.898177044725,10.3753525710064,1.39916367974832,627.493710378262,0.393005089719407,20.9476349715824,2.06399820076338,"Blantyre","176",24477
"43",42,23281.725022806,266.135654620279,211.88362736639,11.5473447996235,1.57363614930503,703.686847469343,0.44786678911322,23.4886995482311,2.33127850561962,"Blantyre","176",24477
"44",43,23147.7326212442,292.722804897082,233.665438956909,12.8290046390385,1.76655667757627,787.774062720698,0.509510864487629,26.292697150072,2.62848040427776,"Blantyre","176",24477
"45",44,23000.9570184113,321.456623710083,257.344235228006,14.2293310513957,1.97950928113901,880.454634435349,0.578647882707423,29.3828975939512,2.95838995724129,"Blantyre","176",24477
"46",45,22840.5009888781,352.396854569166,283.010523744997,15.7573977882513,2.21419466859452,982.463991976116,0.656048374741426,32.7837628064695,3.32401135645302,"Blantyre","176",24477
"47",46,22665.4730839913,385.57875653893,310.740961941691,17.4222066210678,2.47242538804462,1094.57001740708,0.742548111851459,36.5208209175491,3.72857099833651,"Blantyre","176",24477
"48",47,22475.005440222,421.005814888994,340.593760693351,19.2325005380074,2.75611633980262,1217.56731442913,0.839052888773411,40.6204723079708,4.17551608806605,"Blantyre","176",24477
"49",48,22268.2740720439,458.64382068395,372.603344797514,21.1965496059065,3.06726652100992,1352.26840645817,0.946539889563024,45.1096937982226,4.66849869474227,"Blantyre","176",24477
"50",49,22044.5228676763,498.412486134743,406.77466766305,23.3218848553687,3.40794101911572,1499.49409112097,1.06606153045462,50.015713598826,5.21136424571671,"Blantyre","176",24477
"51",50,21803.0899476819,540.178220126026,443.076688082618,25.6149953123953,3.78024617640251,1660.06115517585,1.19874744478567,55.3655983284676,5.80813004895267,"Blantyre","176",24477
"52",51,21543.4354086441,583.747740795612,481.435592250413,28.0809992933878,4.18629908721223,1834.76815457638,1.34580535290043,61.1857756044697,6.46295626184037,"Blantyre","176",24477
"53",52,21265.17320889,628.861143300972,521.728221898278,30.7232427717071,4.62818888708251,2024.37747342546,1.508520826471,67.5014320810482,7.18010678164247,"Blantyre","176",24477
"54",53,20968.1020327727,675.187190421851,563.775919226151,33.542888572482,5.10793223556405,2229.59578134328,1.68825542798353,74.3358584950952,7.96390158093785,"Blantyre","176",24477
"55",54,20652.235755731,722.320914933655,607.33869570582,36.5384871473463,5.6274210043901,2451.05228234626,1.88644313157469,81.7097214735659,8.81865834103134,"Blantyre","176",24477
"56",55,20317.8320667172,769.783307028255,652.11122689905,39.705532264994,6.18836316629726,2689.2749192374,2.10458468678278,89.6402676039206,9.74862380610689,"Blantyre","176",24477
"57",56,19965.4188487079,817.024315661048,697.720397701436,43.0360066741705,6.79221346817036,2944.66397851984,2.34423926740514,98.140441625028,10.7578903290037,"Blantyre","176",24477
"58",57,19595.8116448149,863.429979660349,743.725687163402,46.5180112294565,7.44010361378143,3217.46755938896,2.60701412915871,107.218068314915,11.8503085581403,"Blantyre","176",24477
"59",58,19210.1245779269,908.333856119752,789.62210133333,50.1354400943476,8.13276653838063,3507.75670667441,2.89455131289421,116.875024592249,13.0293892183452,"Blantyre","176",24477
"60",59,18809.7726288044,951.032934472857,834.846099678548,53.8677415877861,8.87045660542901,3815.40162758376,3.20851126728662,127.106449680402,14.2981956026031,"Blantyre","176",24477
"61",60,18396.4626866434,990.806736684047,878.786106126277,57.6898036977935,9.65287206864147,4140.05124097042,3.55055380942973,137.900068474672,15.6592338257265,"Blantyre","176",24477
"62",61,17972.1729006998,1026.94017765804,920.796362863406,61.5719956460467,10.4790813488816,4481.11716559307,3.92231619073913,149.235665418154,17.1143419960184,"Blantyre","176",24477
"63",62,17539.11978024,1058.74982410621,960.213298275796,65.4804036468886,11.347456310733,4837.76384884905,4.32538857128888,161.084765969773,18.6645820025402,"Blantyre","176",24477
"64",63,17099.7150240965,1085.60975977957,996.375972305389,69.377239262509,12.2556177710972,5208.9050995473,4.76128723762628,173.410533770759,20.3101397171169,"Blantyre","176",24477
"65",64,16656.5129475141,1106.97672850031,1028.64859592589,73.2214463927504,13.2003966808998,5593.20845892756,5.23142605852202,186.167931458564,22.0502378886216,"Blantyre","176",24477
"66",65,16212.1498012017,1122.41476542747,1056.44218627957,76.9695344227435,14.1778135946669,5989.10881220108,5.73708687279364,199.304192059651,23.8830655185511,"Blantyre","176",24477
"67",66,15769.280014086,1131.61398037285,1079.23719174384,80.5765545803983,15.1830815284303,6394.82978810249,6.27938958605038,212.7595508704,25.805730132522,"Blantyre","176",24477
"68",67,15330.5113695868,1134.40297865752,1096.60540044581,83.9972101805931,16.2106344637905,6808.4131442254,6.85926244011562,226.46824408662,27.8142359900373,"Blantyre","176",24477
"69",68,14898.3430692974,1130.75780104367,1108.22443211636,87.1870854233754,17.2541796257972,7227.75601767341,7.47741482002768,240.359769750571,29.9034903608142,"Blantyre","176",24477
"70",69,14475.1090312379,1120.80053405304,1113.89230380848,90.10388461849,18.3067777262535,7650.65315725286,8.13431130300158,254.360313131507,32.0673398675214,"Blantyre","176",24477
"71",70,14062.929925366,1104.79209003222,1113.53482384058,92.7086532564409,19.3609474081425,8074.8434104825,8.83014961413656,268.394311769013,34.2986376385597,"Blantyre","176",24477
"72",71,13663.6754008928,1083.11970865509,1107.20615791388,94.9669202494505,20.4087898218295,8498.0581794522,9.56484301474583,282.386083215144,36.5893380911482,"Blantyre","176",24477
"73",72,13278.9384294174,1056.27706939973,1095.08586815296,96.8496614916026,21.4421324148988,8918.06883170393,10.3380074195004,296.261413488245,38.9306189276329,"Blantyre","176",24477
"74",73,12910.0204984383,1024.84232770892,1077.46869464923,98.3341028434372,22.4526849468228,9332.73273732653,11.1489540867925,309.949095862318,41.3130247846699,"Blantyre","176",24477
"75",74,12557.9286713729,989.453414511458,1054.75050333071,99.4042665867337,23.4322015543884,9740.03425432251,11.9966883213085,323.382296216529,43.7266271038351,"Blantyre","176",24477
"76",75,12223.3826148665,950.782878226155,1027.41110800198,100.051259705176,24.3726423383748,10138.1195827343,12.8799141274623,336.49970932328,46.1611935903707,"Blantyre","176",24477
"77",76,11906.8295020628,909.514328525512,995.994449848824,100.273324181698,25.2663280256863,10525.325022767,13.7970445885043,349.24649129751,48.6063604333346,"Blantyre","176",24477
"78",77,11608.4659673633,866.320286063655,961.087699432117,100.075632260098,26.1060874219921,10900.1981094099,14.7462180488905,361.574950367535,51.0518071334527,"Blantyre","176",24477
"79",78,11328.2643388535,821.844056169582,923.30069802805,99.4698575668037,26.8853849686668,11261.5103451457,15.7253192677789,373.444954671036,53.4874198447726,"Blantyre","176",24477
"80",79,11066.0012125443,776.685072350859,883.2470589346,98.4735735723437,27.598427481579,11608.262650549,16.7320045673785,384.824095371197,55.9034406561339,"Blantyre","176",24477
"81",80,10821.2884908824,731.38739657901,841.526446892607,97.1094763359471,28.2402536510105,11939.6842039047,17.7637317543729,395.687627113743,58.2906077082327,"Blantyre","176",24477
"82",81,10593.6032693934,686.432851416977,798.709897598294,95.4045267741813,28.8067939693292,12255.2248686793,18.8177921685702,406.018194964709,60.6402693370009,"Blantyre","176",24477
"83",82,10382.3149789752,642.237863650423,755.329475257171,93.3890568563234,29.2949028383636,12554.5423791323,19.8913432902013,415.805387613621,62.9444713417358,"Blantyre","176",24477
"84",83,10186.7122653669,599.152179065038,711.869033074296,91.0958503572586,29.7023742953102,12837.4868541208,20.9814437203941,425.045201788356,65.1960318863911,"Blantyre","176",24477
"85",84,10006.0264757911,557.460949681657,668.758340308328,88.5592511079162,30.0279315763141,13104.0819637273,22.0850878074451,433.739397088762,67.388589639347,"Blantyre","176",24477
"86",85,9839.45248305954,517.388067285196,626.370502946464,85.814311053721,30.2711981915002,13354.5041979505,23.1992395130629,441.894789339866,69.516632138915,"Blantyre","176",24477
"87",86,9686.16640383299,479.100980834889,585.021444147456,82.8960316604399,30.4326504739817,13589.0616242477,24.3208648025855,449.522529607912,71.5755031358731,"Blantyre","176",24477
"88",87,9545.34029457066,442.716787691876,544.970756540281,79.838704516472,30.5135564703586,13808.1729381255,25.4469620848225,456.637395550496,73.5613929781003,"Blantyre","176",24477
"89",88,9416.15440594924,408.308110716029,506.42480628351,76.6753406552736,30.5159043277027,14012.3468419197,26.5745901485599,463.257095993651,75.4713142568809,"Blantyre","176",24477
"90",89,9297.80692127582,375.909162981273,469.540813441037,73.4372084081211,30.4423228425473,14202.162677734,27.7008933172655,469.401619786586,77.303064909329,"Blantyre","176",24477
"91",90,9189.52123637091,345.522230320814,434.430924798431,70.1534916304464,30.2959967211141,14378.2529965789,28.8231235793867,475.09265173284,79.0551809157538,"Blantyre","176",24477
"92",91,9090.55166359344,317.123121268973,401.167551249338,66.851026923529,30.0805802890939,14541.287397078,29.938659597651,480.35303253122,80.7268821668845,"Blantyre","176",24477
"93",92,9000.18734907711,290.666236669104,369.788698347636,63.5541396677565,29.8001115733472,14691.9584423539,31.0450223111613,485.206289909503,82.3180129391514,"Blantyre","176",24477
"94",93,8917.75473537721,266.089581770884,340.302536355041,60.2845657732086,29.4589291856672,14830.9697639603,32.139887577712,489.676244181424,83.8289801650626,"Blantyre","176",24477
"95",94,8842.61916443994,243.31863238221,312.692746473628,57.0614277929768,29.0615913254873,14959.0253416496,33.2210959361908,493.786654065323,85.2606889506654,"Blantyre","176",24477
"96",95,8774.18531481693,222.270013773964,286.922774775567,53.9012826547419,28.6128017446122,15076.8211530043,34.2866592299042,497.560942581663,86.6144797447492,"Blantyre","176",24477
"97",96,8711.89705323356,202.854447207753,262.940077639259,50.8182082152072,28.1173408752335,15185.0381081184,35.3347647106511,501.021966391336,87.8920664095974,"Blantyre","176",24477
"98",97,8655.23668410878,184.979278194347,240.679729983813,47.8239277503439,27.580004273533,15284.3365989846,36.3637767045757,504.191839414449,89.0954774826612,"Blantyre","176",24477
"99",98,8603.7237866024,168.550521577957,220.067688218697,44.927961122559,27.0055474709615,15375.352258906,37.372236101422,507.091797087137,90.2270001638265,"Blantyre","176",24477
"100",99,8556.91380936717,153.474465750637,201.023490518486,42.1377870719964,26.3986395605513,15458.6929496263,38.3588581048363,509.742101417179,91.2891300959828,"Blantyre","176",24477
"101",100,8514.39628681184,139.659100139212,183.462861504846,39.4590349847982,25.7638184061602,15534.9363700721,39.3225280811061,512.161967352312,92.2845195517069,"Blantyre","176",24477
"102",101,8475.7930985542,127.014948051125,167.299319760196,36.8956559146995,25.1054619505987,15604.6292196309,40.2622961382832,514.36953986276,93.2159395710626,"Blantyre","176",24477
"103",102,8440.75658253551,115.455892225103,152.446000304122,34.4501100367281,24.427757592022,15668.2862865875,41.1773707190898,516.381869015363,94.0862384993083,"Blantyre","176",24477
"104",103,8408.96763602266,104.899637575266,138.816967365814,32.1235426494308,23.7346812314659,15726.3904240137,42.0671111417029,518.214914017341,94.8983084159112,"Blantyre","176",24477
"105",104,8380.13377145097,95.2681279652881,126.328124438843,29.9159588105633,23.0299809515243,15779.3930169558,42.9310194270188,519.883563432574,95.6550549876606,"Blantyre","176",24477
"106",105,8353.98726519338,86.4877246415105,114.898034384934,27.8263836373028,22.3171658070097,15827.7146946879,43.7687316479621,521.401663105627,96.3593716252229,"Blantyre","176",24477
"107",106,8330.28341858776,78.4892397827754,104.448549113088,25.8530077077058,21.5994991160269,15871.7462765118,44.5800091808187,522.78205139023,97.0141179743665,"Blantyre","176",24477
"108",107,8308.79868850643,71.2080166217053,94.905133156652,23.9933363467457,20.8799950781006,15911.850101275,45.3647290154179,524.036607149085,97.6221001421259,"Blantyre","176",24477
"109",108,8289.32914844994,64.5838389245477,86.1971343295205,22.2443070899154,20.161419203116,15948.3612769221,46.1228750808537,525.176294250896,98.1860564517329,"Blantyre","176",24477
"110",109,8271.68895610289,58.5607546294301,78.2579927117614,20.6024016319686,19.4462915054378,15981.5890743124,46.8545291061321,526.211210686506,98.708645175977,"Blantyre","176",24477
"111",110,8255.70881072383,53.0869634098265,71.02524999598,19.063753910625,18.7368916058088,16011.8184690035,47.5598613504366,527.150642462309,99.1924339577807,"Blantyre","176",24477
"112",111,8241.23459851857,48.1146393052442,64.4405085030779,17.6242379919459,18.0352662608121,16039.3116274658,48.2391219545431,528.003115112231,99.6398927091195,"Blantyre","176",24477
"113",112,8228.12614438476,43.5996943811589,58.4493996018259,16.2795447488544,17.3432382187589,16064.3093460779,48.8926325867913,528.77644334948,100.053388334659,"Blantyre","176",24477
"114",113,8216.2559799112,39.5015683609742,53.0014461301543,15.0252528241377,16.6624166078526,16087.0325580818,49.5207780838898,529.477782806687,100.435180978925,"Blantyre","176",24477
"115",114,8205.50828733882,35.7830339445896,48.0498942135942,13.8568845284164,15.9942075681146,16107.6836933289,50.1239990775698,530.113676502128,100.787422184973,"Blantyre","176",24477
"116",115,8195.77787075366,32.4099509260529,43.5515704598606,12.7699566329881,15.3398259739233,16126.4480406932,50.7027845603827,530.690101259862,101.112154040715,"Blantyre","176",24477
"117",116,8186.96921807967,29.3510604249527,39.466682955523,11.7600221724968,14.7003074375561,16143.4950438893,51.2576650405273,531.212511683086,101.411309602693,"Blantyre","176",24477
"118",117,8178.99564345411,26.5777853184952,35.7586181911173,10.8227049966416,14.0765203784421,16158.9795214784,51.7892061827965,531.685881425384,101.686714207923,"Blantyre","176",24477
"119",118,8171.77850352637,24.0640188732389,32.3937586796257,9.95372776154914,13.469178135372,16173.0428101556,52.2980028682394,532.11474174991,101.940087537015,"Blantyre","176",24477
"120",119,8165.24646231116,21.7859351699221,29.3412791562858,9.14893492457697,12.878851128952,16185.8138636933,52.7846736158364,532.503218486249,102.173046339951,"Blantyre","176",24477
"121",120,8159.33483314658,19.72181594599,26.5729471705441,8.40431015094254,12.3059785367306,16197.4102594821,53.2498555671048,532.855065780762,102.387107626823,"Blantyre","176",24477
"122",121,8153.98498088853,17.8518763471681,24.0629453310888,7.71598940459992,11.7508795799099,16207.9391285557,53.6941998930095,533.173697200946,102.583692184558,"Blantyre","176",24477
"123",122,8149.1437590339,16.1581013803327,21.7876895848818,7.08027072705719,11.2137646994756,16217.4980470834,54.1183674910082,533.462215475376,102.764128473873,"Blantyre","176",24477
"124",123,8144.76298805287,14.6240977664948,19.7256469024417,6.49362087542957,10.6947463661966,16226.1758749873,54.5230250492917,533.723440399249,102.929656781272,"Blantyre","176",24477
"125",124,8140.79902716442,13.2349658076889,17.8571821668948,5.95267808407687,10.1938485010167,16234.0534564353,54.9088418406664,533.959932068072,103.081433215746,"Blantyre","176",24477
"126",125,8137.21234982323,11.9771630188101,16.1644103685326,5.45425373438418,9.71101599974354,16241.2043204775,55.2764865778348,534.174014085746,103.220533913642,"Blantyre","176",24477
"127",126,8133.96715183966,10.8383853256111,14.631047480916,4.99533205598154,9.246123781891,16247.6953349236,55.6266245924119,534.367795171895,103.347959315332,"Blantyre","176",24477
"128",127,8131.03100623471,9.80746382801895,13.2422717445628,4.57306782994187,8.7989850646498,16253.5872898704,55.9599154277906,534.543188388165,103.464638367107,"Blantyre","176",24477
"129",128,8128.37454758343,8.87425844368459,11.9846054456351,4.18478285584509,8.3693591459257,16258.9354358378,56.2770106877585,534.701928829823,103.571432664791,"Blantyre","176",24477
"130",129,8125.97119226111,8.029568196695,10.8458021116415,3.82796158007593,7.9569584074514,16263.7899652192,56.5785522238852,534.845589419125,103.66914039051,"Blantyre","176",24477
"131",130,8123.79687429626,7.26504975563014,9.81473387985806,3.50024598881084,7.56145498632911,16268.1964705802,56.865170512958,534.975595911778,103.758500239393,"Blantyre","176",24477
"132",131,8121.82980482243,6.5731361064002,8.88129438966292,3.19942966607815,7.1824869932036,16272.1963647718,57.1374832504081,535.093240617811,103.840195258286,"Blantyre","176",24477
"133",132,8120.05026268758,5.94696601146707,8.03631190545746,2.92345151597328,6.81966398830568,16275.8272496672,57.3960942240088,535.199694413815,103.914856416471,"Blantyre","176",24477
"134",133,8118.44039546895,5.38032058053707,7.27146158227547,2.67038920567716,6.47257215212192,16279.1232686731,57.6415923373497,535.296018209625,103.983066124371,"Blantyre","176",24477
"135",134,8116.98404513713,4.86756424903762,6.57919100299207,2.4384524136403,6.14077886424618,16282.1154174873,57.8745508456659,535.383173028826,104.045361519681,"Blantyre","176",24477
"136",135,8115.66658941321,4.40359047466476,5.95265192864167,2.22597610255593,5.82383685392903,16284.8318284857,58.0955267413691,535.462029217354,104.102237578439,"Blantyre","176",24477
"137",136,8114.47479574192,3.98377362789626,5.3856348475083,2.03141374739864,5.52128798167156,16287.2980337724,58.3050602812006,535.533374944473,104.154150096719,"Blantyre","176",24477
"138",137,8113.39669122152,3.60392428810626,4.8725118693016,1.85333065893789,5.23266659172113,16289.5372007191,58.5036746513045,535.597923796372,104.201518476543,"Blantyre","176",24477
"139",138,8112.42143934976,3.26024731692006,4.40818161891175,1.69039722389277,4.95750263469798,16291.5703561219,58.6918757339919,535.656321990126,104.244728453944,"Blantyre","176",24477
"140",139,8111.53923358843,2.94930593581046,3.98802090315578,1.54138252843689,4.69532430519608,16293.4165807339,58.8701520051271,535.709154618453,104.284134562988,"Blantyre","176",24477
"141",140,8110.74120402067,2.66798936341255,3.6078427745139,1.40514837696553,4.44566030122529,16295.0931806409,59.03897452233,535.756951139641,104.320062375249,"Blantyre","176",24477
"142",141,8110.0193241283,2.41348055661822,3.26385440027063,1.2806431197566,4.20804202696837,16296.6158587995,59.1987969686311,535.800190866526,104.352810776421,"Blantyre","176",24477
"143",142,8109.36633171741,2.18322953972123,2.952620321679,1.16689596713961,3.98200537654063,16297.9988612848,59.3500557927041,535.839307632627,104.382653987304,"Blantyre","176",24477
"144",143,8108.77565642497,1.97492812204176,2.67102941381377,1.06301151495406,3.76709230816725,16299.2551118116,59.4931704045004,535.874694076109,104.40984346893,"Blantyre","176",24477
"145",144,8108.24135401143,1.7864867821378,2.41626497588339,0.968164537536151,3.56285219882636,16300.3963340701,59.6285434241179,535.906705528045,104.434609698209,"Blantyre","176",24477
"146",145,8107.75804665348,1.61601455788025,2.18577651781848,0.881595065334898,3.3688429944819,16301.4331632328,59.7565609782087,535.935663550208,104.457163819587,"Blantyre","176",24477
"147",146,8107.3208690979,1.46180016719592,1.97725495364168,0.802603716580503,3.18463217851385,16302.3752468513,59.8775930348602,535.961859129047,104.477699179982,"Blantyre","176",24477
"148",147,8106.9254200483,1.32229463317334,1.78861044790769,0.730547286087812,3.00979757444284,16303.2313362388,59.9919937712662,535.985555562155,104.496392753489,"Blantyre","176",24477
"149",148,8106.56771778508,1.19609642966083,1.61795110361411,0.664834623826451,2.84392799808506,16304.0093700915,60.1001019682603,536.006991096011,104.513406460953,"Blantyre","176",24477
"150",149,8106.24416023372,1.08193746262751,1.46356438236239,0.604922749079771,2.68662377598795,16304.7165499698,60.2022414264103,536.026381301192,104.528888392298,"Blantyre","176",24477
"151",150,8105.95148900142,0.978669959283122,1.32390080904527,0.550313197573758,2.5374971440935,16305.3594084896,60.2987213989662,536.043921213104,104.542973937598,"Blantyre","176",24477
"152",151,8105.68675642363,0.885255550709672,1.19755789877135,0.500548636679748,2.39617253779966,16305.9438719149,60.3898370375639,536.059787295022,104.55578683112,"Blantyre","176",24477
"153",152,8105.4472959429,0.800754915052439,1.08326622137707,0.455209691005912,2.26228678732222,16306.4753165955,60.4758698468381,536.074139203649,104.567440115738,"Blantyre","176",24477
"154",153,8105.23069553302,0.724317833772782,0.979877525583132,0.413911965376549,2.13548922944866,16306.958619768,60.557088144825,536.087121373969,104.57803703354,"Blantyre","176",24477
"155",154,8105.03477326238,0.655175201991957,0.886352639229068,0.376303309992523,2.0154417431492,16307.3982063175,60.6337475258028,536.098864477392,104.587671844409,"Blantyre","176",24477
"156",155,8104.85755507025,0.592631373462922,0.801750837299912,0.342061239667251,1.90181872129328,16307.7980914301,60.7060913279461,536.109486748395,104.596430588857,"Blantyre","176",24477
"157",156,8104.69725563041,0.536056742192835,0.725221501119898,0.310890593419801,1.79430698721055,16308.161917461,60.774351084625,536.119095127284,104.604391768035,"Blantyre","176",24477
"158",157,8104.5522602068,0.484881797789124,0.655995105143736,0.282521343148885,1.69260566110465,16308.4929889047,60.8387469813651,536.127786344227,104.611626983171,"Blantyre","176",24477
"159",158,8104.42110782186,0.438591500365946,0.593374958503965,0.256706509473424,1.59642598446523,16308.7943049091,60.8994883162479,536.135647925112,104.618201538828,"Blantyre","176",24477
"160",159,8104.30247701918,0.396719776356981,0.53673095733065,0.233220293131406,1.50549110816026,16309.0685869068,60.9567739390428,536.142759042647,104.624174973861,"Blantyre","176",24477
"161",160,8104.19517247789,0.358844897633602,0.485493149467634,0.211856328979168,1.41953585036642,16309.3183046075,61.0107926881726,536.149191316775,104.62960155855,"Blantyre","176",24477
"162",161,8104.09811283864,0.3245854866747,0.439145668258216,0.192426080195846,1.33830642807155,16309.5456996794,61.0617238187808,536.155009542833,104.634530750248,"Blantyre","176",24477
"163",162,8104.01032005777,0.293596514576798,0.397221932502854,0.174757367169066,1.26156017375194,16309.7528065408,61.1097374134858,536.160272328428,104.639007604924,"Blantyre","176",24477
"164",163,8103.93090945202,0.265565809921042,0.35929990280892,0.158692987349001,1.18906523084172,16309.9414718267,61.1549947904205,536.165032689125,104.643073162892,"Blantyre","176",24477
"165",164,8103.8590809117,0.240211108476572,0.324997760373244,0.144089483761028,1.12060024345785,16310.1133716028,61.1976488894548,536.169338574327,104.646764791905,"Blantyre","176",24477
"166",165,8103.79411049367,0.217276968092603,0.293970032745073,0.130815927172077,1.05595401803458,16310.2700278895,61.2378446708327,536.173233370496,104.650116523145,"Blantyre","176",24477
"167",166,8103.73534323961,0.196532252606248,0.265904162628569,0.118752865499497,0.99492519357368,16310.4128228051,61.2757194809599,536.176756331095,104.653159340269,"Blantyre","176",24477
"168",167,8103.68218699438,0.17776802407495,0.240517494766999,0.107791406355401,0.937321919383847,16310.5430107696,61.3114033914971,536.179942946731,104.655921430779,"Blantyre","176",24477
"169",168,8103.63410606139,0.160795233734833,0.217554328271994,0.0978322608889831,0.882961507651024,16310.6617310492,61.345019558927,536.182825325071,104.658428446864,"Blantyre","176",24477
"170",169,8103.59061587711,0.145442851989601,0.196783372942246,0.0887849268234442,0.831670096504488,16310.7700183198,61.3766845548159,536.185432509783,104.660703727156,"Blantyre","176",24477
"171",170,8103.55127810671,0.131556204877373,0.177995347173909,0.0805669310066001,0.783282311826489,16310.8688124114,61.4065086870428,536.187790774284,104.662768501955,"Blantyre","176",24477
"172",171,8103.51569623888,0.118995356617458,0.161000943063975,0.0731031315300602,0.737640935768193,16310.9589670874,61.4345963067406,536.189923885608,104.664642080987,"Blantyre","176",24477
"173",172,8103.48351174972,0.107633742380873,0.145629012302669,0.0663251032823072,0.694596587673025,16311.0412577103,61.4610460943444,536.191853334215,104.666342018227,"Blantyre","176",24477
"174",173,8103.45440027094,0.0973568846407333,0.131724671715138,0.0601705263943564,0.654007389089729,16311.1163889026,61.4859513546816,536.193598563552,104.667884276106,"Blantyre","176",24477
"175",174,8103.42806838818,0.088061234047716,0.119147806491815,0.054582659168265,0.615738650147447,16311.1850009767,61.5094002853302,536.195177161871,104.669283365861,"Blantyre","176",24477
"176",175,8103.40425071253,0.0796531043312385,0.107771705622003,0.049509850141953,0.579662560766531,16311.2476758309,61.5314762357142,536.196605037707,104.670552477047,"Blantyre","176",24477
"177",176,8103.3827071892,0.0720477605550886,0.0974817405281764,0.0449050911361574,0.545657888939969,16311.304942374,61.5522579556506,536.197896581136,104.671703596281,"Blantyre","176",24477
"178",177,8103.36322067878,0.0651685664618141,0.0881742105042008,0.0407256078704221,0.513609687044566,16311.3572814164,61.5718198329307,536.19906480872,104.672747615458,"Blantyre","176",24477
"179",178,8103.34559477841,0.0589461905326835,0.0797553284434791,0.0369324849471903,0.483409006727484,16311.4051300908,61.590232120206,536.200121494073,104.673694430457,"Blantyre","176",24477
"180",179,8103.32965183741,0.0533179197374465,0.0721402599990768,0.033490324137869,0.454952622563536,16311.4488858847,61.6075611515041,536.201077286787,104.674553031071,"Blantyre","176",24477
"181",180,8103.31523121354,0.0482270535232692,0.0652522822247437,0.0303669409085943,0.428142772556221,16311.4889101946,61.6238695427089,536.201941816931,104.675331580652,"Blantyre","176",24477
"182",181,8103.30218751136,0.0436222667097341,0.0590219582595444,0.0275330527547,0.402886877899604,16311.5255319277,61.6392164053708,536.202723800632,104.676037497569,"Blantyre","176",24477
"183",182,8103.29038923174,0.0394571369986954,0.0533864886777911,0.0249620387598632,0.379097310112549,16311.5590502723,61.6536575214509,536.203431121021,104.676677517956,"Blantyre","176",24477
"184",183,8103.27971747683,0.035689696165837,0.048289085095719,0.0226297076375834,0.356691155886176,16311.5897373604,61.6672455180534,536.204070905849,104.677257756143,"Blantyre","176",24477
"185",184,8103.27006468646,0.0322819736630924,0.0436783774428263,0.0205140689139384,0.335589978293538,16311.6178408715,61.6800300437302,536.204649603226,104.677783764119,"Blantyre","176",24477
"186",185,8103.26133356884,0.0291996216293606,0.0395079011217246,0.0185951375087552,0.315719596388935,16311.6435862458,61.6920579287148,536.205173045713,104.678260582191,"Blantyre","176",24477
"187",186,8103.25343611584,0.0264115754897557,0.0357356186550491,0.0168547531405933,0.297009871762501,16311.6671787264,61.7033733387516,536.205646509347,104.67869278577,"Blantyre","176",24477
"188",187,8103.24629271739,0.0238897321191047,0.0323235062388816,0.0152764152761253,0.279394505069987,16311.6888052034,61.714017920546,536.206074766727,104.679084527952,"Blantyre","176",24477
"189",188,8103.23983139032,0.0216086767058567,0.0292371863978808,0.013845138684294,0.262810847021539,16311.7086358254,61.7240309355007,536.206462133236,104.679439576744,"Blantyre","176",24477
"190",189,8103.23398701043,0.0195454205826506,0.026445552466779,0.0125473099021739,0.247199703743853,16311.7268256063,61.7334493966487,536.206812513078,104.679761352071,"Blantyre","176",24477
"191",190,8103.22870066892,0.0176791694671574,0.0239204658940599,0.0113705645957379,0.232505160292634,16311.7435157793,61.7423081915862,536.207129437852,104.680052957256,"Blantyre","176",24477
"192",191,8103.22391920803,0.0159911557566251,0.0216365383003551,0.0103037000058683,0.218674484857768,16311.7588347607,61.7506401524168,536.207416094389,104.680317201538,"Blantyre","176",24477
"193",192,8103.21959435684,0.0144643384483722,0.0195707137817869,0.00933650584078163,0.205657779686099,16311.7729000178,61.7584762875965,536.207675376562,104.680556643208,"Blantyre","176",24477
"194",193,8103.21568243595,0.0130832987397173,0.0177021280718606,0.00845970864329164,0.193407929483537,16311.7858186782,61.7658458208986,536.207909902981,104.680773603922,"Blantyre","176",24477
"195",194,8103.212144021,0.0118341185766522,0.016011950536711,0.00766490662784749,0.181880508310348,16311.7976882387,61.7727762562985,536.20812203717,104.680970185364,"Blantyre","176",24477
"196",195,8103.20894324458,0.0107041353244348,0.0144830496458082,0.00694443057262803,0.171033452679909,16311.8085980951,61.779293592099,536.208313929416,104.681148304568,"Blantyre","176",24477
"197",196,8103.2060481301,0.00968206055082511,0.0131001515729101,0.00629141574383556,0.160827386259731,16311.8186287374,61.7854221183789,536.20848749675,104.681309675976,"Blantyre","176",24477
"198",197,8103.20342948356,0.00875758807281781,0.0118493116165373,0.00569957656925747,0.151224988646275,16311.8278542278,61.7911848238013,536.208644489385,104.681455868393,"Blantyre","176",24477
"199",198,8103.20106087108,0.00792138579694391,0.0107179036756775,0.00516320362810938,0.142191044112793,16311.8363422244,61.7966033673002,536.208786492067,104.681588305837,"Blantyre","176",24477
"200",199,8103.19891842159,0.00716502654042207,0.00969452558353646,0.0046771239960379,0.133692360884709,16311.8441544097,61.8016981317408,536.208914935896,104.681708277596,"Blantyre","176",24477
"201",200,8103.19698054718,0.00648088921012889,0.00876886562616881,0.00423664514630451,0.125697645057117,16311.8513471009,61.8064883068598,536.209031115099,104.681816952448,"Blantyre","176",24477
"202",201,8103.19522770837,0.00586207567183718,0.00793159070071952,0.00383750730277581,0.118177387253601,16311.8579717673,61.8109919633875,536.209136201094,104.681915390709,"Blantyre","176",24477
"203",202,8103.19364223324,0.00530234717112371,0.00717425964303621,0.00347584656686512,0.111103770726434,16311.8640754298,61.81522611288,536.209231253341,104.682004553554,"Blantyre","176",24477
"204",203,8103.19220814388,0.00479606309539308,0.00648924035150028,0.00314815940605239,0.104450579780327,16311.8697010464,61.8192067671508,536.209317229739,104.682085311975,"Blantyre","176",24477
"205",204,8103.19091098584,0.00433812045819404,0.00586962857441362,0.00285126763628409,0.0981931073821188,16311.874887892,61.8229489981079,536.209394996855,104.68215845562,"Blantyre","176",24477
"206",205,8103.18973768445,0.00392390346079519,0.00530917905325155,0.00258228875815135,0.0923080716673135,16311.8796718811,61.8264669915263,536.209465338538,104.682224700259,"Blantyre","176",24477
"207",206,8103.18867641352,0.00354923717121539,0.00480224273598611,0.00233860871268845,0.0867735364149603,16311.8840858634,61.8297740981106,536.209528963788,104.682284694643,"Blantyre","176",24477
"208",207,8103.18771647604,0.00321034510696074,0.00434371013741902,0.0021178570154187,0.0815688355673348,16311.8881598943,61.8328828818087,536.209586513908,104.682339026757,"Blantyre","176",24477
"209",208,8103.1868481964,0.00290381141739365,0.00392895959435882,0.00191788422511566,0.0766745017679055,16311.8919214812,61.8358051654013,536.209638568968,104.682388229475,"Blantyre","176",24477
"210",209,8103.1860628228,0.00262654653595376,0.00355381055086351,0.00173674146015397,0.0720721987147171,16311.8953958064,61.8385520735293,536.209685653654,104.682432785705,"Blantyre","176",24477
"211",210,8103.18535243913,0.0023757557336956,0.0032144818354242,0.00157266178899892,0.0677446571522824,16311.8986059311,61.8411340732882,536.20972824255,104.682473133053,"Blantyre","176",24477
"212",211,8103.18470988514,0.00214891114329244,0.00290755329221617,0.00142404334804891,0.0636756143215429,16311.9015729802,61.8435610125216,536.209766764927,104.68250966805,"Blantyre","176",24477
"213",212,8103.1841286839,0.00194372630097651,0.00262993098298984,0.00128943394546231,0.0598497563944718,16311.9043163124,61.845842156129,536.209801609089,104.682542750013,"Blantyre","176",24477
"214",213,8103.18360297654,0.00175813279154887,0.00237881634839288,0.00116751711869884,0.0562526643793078,16311.9068536727,61.8479862201033,536.209833126286,104.682572704524,"Blantyre","176",24477
"215",214,8103.1831274654,0.00159026027419264,0.00215167896552226,0.00105709997637025,0.0528707646399485,16311.9092013282,61.8500014025767,536.209861634121,104.682599826473,"Blantyre","176",24477
"216",215,8103.18269735771,0.00143841679712332,0.00194622941571668,0.000957101129246795,0.0496912783790764,16311.9113742011,61.8518954154656,536.209887419931,104.682624383072,"Blantyre","176",24477
"217",216,8103.18230831816,0.00130107186896817,0.00176039682399717,0.000866540450926055,0.0467021765242761,16311.9133859835,61.8536755126488,536.209910743625,104.682646616412,"Blantyre","176",24477
"218",217,8103.18195643461,0.00117684431538824,0.00159231254037298,0.000784531726920371,0.0438921534460849,16311.9152492168,61.8553485065884,536.209931839745,104.682666745292,"Blantyre","176",24477
"219",218,8103.18163815458,0.00106447999608246,0.00144027965643765,0.000710268766384314,0.0412505440341503,16311.9169754536,61.856920819392,536.209950921267,104.682684968684,"Blantyre","176",24477
"220",219,8103.18135026356,0.000962844098998286,0.00130276266463252,0.000643020733775847,0.0387673088222541,16311.9185753079,61.858398492294,536.209968180908,104.68270146689,"Blantyre","176",24477
"221",220,8103.18108986014,0.000870912316617648,0.00117837566971939,0.000582126754960589,0.0364330101728885,16311.9200585144,61.8597872005279,536.209983792613,104.682716402888,"Blantyre","176",24477
"222",221,8103.18085430469,0.000787752753413302,0.00106585781315096,0.000526984592984989,0.0342387362917686,16311.921434064,61.8610922999067,536.209997914633,104.682729925148,"Blantyre","176",24477
"223",222,8103.18064124395,0.000712534627084805,0.000964084999663079,0.000477056277526208,0.0321761710536624,16311.9227101244,61.8623187847258,536.210010688051,104.682742166238,"Blantyre","176",24477
"224",223,8103.18044852941,0.000644499445630639,0.000872030958404832,0.000431849946053034,0.0302374509906485,16311.9238942643,61.8634713749629,536.210022241674,104.682753247331,"Blantyre","176",24477
"225",224,8103.18027421571,0.000582960418987854,0.000788766450829381,0.000390919535329819,0.0284151746077405,16311.9249934525,61.8645545108174,536.210032692129,104.682763278279,"Blantyre","176",24477
"226",225,8103.18011654609,0.000527297350891843,0.000713452324961803,0.000353861568500116,0.0267023831838746,16311.926014095,61.8655723645312,536.210042144739,104.682772358414,"Blantyre","176",24477
"227",226,8103.17997393182,0.000476949365783304,0.000645329690477403,0.000320310602388677,0.0250925312688399,16311.9269620888,61.8665288584968,536.210050694751,104.682780577674,"Blantyre","176",24477
"228",227,8103.17984493493,0.000431408801792385,0.00058371167143158,0.000289935384143396,0.023579460405735,16311.9278428675,61.8674276813537,536.210058428374,104.68278801756,"Blantyre","176",24477
"229",228,8103.17972825486,0.000390216522711134,0.000527977038766117,0.000262435884872529,0.0221573779741292,16311.9286614368,61.8682723009292,536.210065423578,104.682794751868,"Blantyre","176",24477
"230",229,8103.17962271576,0.000352957408641911,0.000477564113705484,0.00023754044799372,0.0208208362130078,16311.929422409,61.8690659770565,536.210071750859,104.682800847396,"Blantyre","176",24477
"231",230,8103.17952725387,0.000319255912639415,0.000431964776289122,0.000215002980361764,0.0195647111263342,16311.9301300369,61.8698117744548,536.210077473991,104.682806364636,"Blantyre","176",24477
"232",231,8103.17944090699,0.000288772340751895,0.000390719408133943,0.000194600582192565,0.018384183588178,16311.9307882429,61.8705125742457,536.210082650661,104.682811358369,"Blantyre","176",24477
"233",232,8103.17936280478,0.000261199439452157,0.000353412276116455,0.000176131374325023,0.0172747214317984,16311.9314006459,61.8711710848583,536.210087333045,104.682815878192,"Blantyre","176",24477
"234",233,8103.17929216002,0.000236259285412553,0.000319667348165194,0.000159412519513769,0.0162320625344439,16311.931970586,61.8717898523177,536.210091568341,104.682819969014,"Blantyre","176",24477
"235",234,8103.17922826065,0.000213700495204046,0.000289144494509956,0.000144278433130755,0.0152521988871525,16311.9325011471,61.8723712699229,536.210095399236,104.682823671496,"Blantyre","176",24477
"236",235,8103.17917046259,0.000193295692026025,0.000261536056918848,0.000130579159707886,0.0143313615866211,16311.9329951776,61.8729175873557,536.210098864346,104.682827022453,"Blantyre","176",24477
"237",236,8103.17911818328,0.000174839203743591,0.00023656376129823,0.000118178901621099,0.0134660067003971,16311.9334553089,61.8734309192513,536.210101998597,104.682830055213,"Blantyre","176",24477
"238",237,8103.17907089576,0.000158144998084965,0.000213975901863637,0.000106954686344848,0.0126528019553277,16311.9338839735,61.8739132532609,536.210104833578,104.682832799952,"Blantyre","176",24477
"239",238,8103.1790281234,0.000143044810375687,0.000193544800172631,0.0000967951585614439,0.0118886142024882,16311.93428342,61.8743664576385,536.210107397867,104.682835283988,"Blantyre","176",24477
"240",239,8103.17898943509,0.000129386436360429,0.000175064525380612,0.000087599485239529,0.0111704976143936,16311.9346557285,61.8747922883771,536.21010971731,104.682837532053,"Blantyre","176",24477
"241",240,8103.17895444086,0.00011703220549711,0.000158348808522557,0.0000792763640806231,0.0104956825726361,16311.9350028233,61.875192395922,536.210111815284,104.682839566536,"Blantyre","176",24477
"242",241,8103.17892278799,0.000105857597998397,0.000143229158686115,0.000071743125058813,0.00986156520645896,16311.9353264855,61.8755683314861,536.210113712938,104.682841407704,"Blantyre","176",24477
"243",242,8103.17889415743,0.0000957499776627072,0.000129553181060845,0.0000649249158978859,0.00926569754494515,16311.935628364,61.8759215529894,536.210115429397,104.682843073904,"Blantyre","176",24477
"244",243,8103.17886826062,0.0000866074629458614,0.0001171830322475,0.0000587539646782636,0.00870577824750193,16311.935909986,61.8762534306464,536.210116981963,104.682844581745,"Blantyre","176",24477
"245",244,8103.17884483651,0.0000783379066526551,0.000105994021941161,0.0000531689118338851,0.0081796438793504,16311.9361727666,61.8765652522202,536.210118386286,104.682845946262,"Blantyre","176",24477
"246",245,8103.17882364901,0.0000708579543668847,0.0000958733734096848,0.0000481142044248267,0.00768526070058644,16311.9364180168,61.8768582279645,536.210119656519,104.682847181063,"Blantyre","176",24477
"247",246,8103.17880448457,0.0000640922093269304,0.0000867190799441026,0.0000435395479514579,0.00722071693906804,16311.9366469524,61.8771334952712,536.210120805466,104.682848298467,"Blantyre","176",24477
"248",247,8103.17878715,0.0000579724810423814,0.0000784388650854519,0.0000393994099185256,0.00678421551911525,16311.9368607007,61.8773921230409,536.210121844708,104.682849309624,"Blantyre","176",24477
"249",248,8103.1787714706,0.0000524370847486493,0.0000709492704195033,0.0000356525695118252,0.00637406721960075,16311.9370603075,61.8776351157923,536.21012278472,104.682850224625,"Blantyre","176",24477
"250",249,8103.17875728831,0.0000474302230662187,0.0000641748097507479,0.0000322617101938892,0.00598868423642256,16311.9372467432,61.8778634175277,536.210123634977,104.682851052607,"Blantyre","176",24477
"251",250,8103.1787444602,0.0000429014341531735,0.0000580471939554151,0.000029193050939992,0.00562657412582393,16311.9374209086,61.878077915366,536.210124404048,104.682851801837,"Blantyre","176",24477
"252",251,8103.17873285695,0.0000388050697037896,0.0000525046607594743,0.0000264160115335765,0.00528633410638947,16311.9375836403,61.8782794429604,536.210125099686,104.682852479798,"Blantyre","176",24477
"253",252,8103.17872236162,0.0000350998363254289,0.0000474913501968601,0.0000239029098601765,0.00496664569872324,16311.9377357149,61.8784687837102,536.210125728903,104.682853093264,"Blantyre","176",24477
"254",253,8103.17871286841,0.0000317483918291311,0.0000429567246511792,0.000021628688114062,0.0046662696830633,16311.9378778543,61.8786466737819,536.210126298039,104.682853648365,"Blantyre","176",24477
"255",254,8103.17870428165,0.0000287169556502122,0.0000388550773113255,0.0000195706640831442,0.0043840413562584,16311.9380107294,61.8788138049486,536.210126812833,104.68285415065,"Blantyre","176",24477
"256",255,8103.17869651478,0.0000259749676538055,0.0000351450724249763,0.0000177083062683085,0.00411886607050439,16311.9381349636,61.8789708272602,536.210127278473,104.682854605138,"Blantyre","176",24477
"257",256,8103.17868948951,0.0000234947928469963,0.0000317893078301048,0.0000160230298198693,0.00386971501556306,16311.9382511368,61.879118351566,536.210127699652,104.682855016376,"Blantyre","176",24477
"258",257,8103.178683135,0.0000212514195272685,0.0000287539416894784,0.0000144980049163629,0.00363562111105493,16311.9383597886,61.8792569519707,536.210128080618,104.682855388477,"Blantyre","176",24477
"259",258,8103.17867738718,0.0000192222314511403,0.0000260083760805184,0.000013118003934225,0.00341567562946349,16311.9384614207,61.8793871678531,536.210128425211,104.682855725165,"Blantyre","176",24477
"260",259,8103.17867218815,0.0000173867881275754,0.0000235249542718486,0.0000118692544092542,0.00320902477890993,16311.9385565002,61.879509505907,536.210128736903,104.682856029806,"Blantyre","176",24477
"261",260,8103.17866748555,0.0000157266010592427,0.0000212786607747331,0.0000107392911538733,0.00301486618879603,16311.9386454615,61.8796244422403,536.210129018833,104.682856305446,"Blantyre","176",24477
"262",261,8103.17866323199,0.0000142249399032809,0.0000192468587462292,0.00000971682736448306,0.00283244571824328,16311.9387287094,61.8797324242805,536.210129273843,104.682856554844,"Blantyre","176",24477
"263",262,8103.17865938463,0.0000128666821569659,0.0000174090867711982,0.00000879165463892895,0.00266105485914866,16311.9388066208,61.8798338723239,536.2101295045,104.682856780494,"Blantyre","176",24477
"264",263,8103.1786559047,0.0000116381417918859,0.0000157468271193854,0.00000795452888508316,0.00250002767913304,16311.9388795468,61.8799291813597,536.210129713129,104.682856984653,"Blantyre","176",24477
"265",264,8103.17865275708,0.000010526914798471,0.0000142432967466606,0.00000719706737138616,0.00234873796375889,16311.9389478149,61.8800187227739,536.210129901835,104.682857169371,"Blantyre","176",24477
"266",265,8103.17864990996,0.00000952178011562356,0.0000128833131504059,0.0000065116825220663,0.0022065972083272,16311.9390117305,61.8801028455462,536.210130072525,104.6828573365,"Blantyre","176",24477
"267",266,8103.17864733467,0.00000861260781205256,0.000011653170126555,0.00000589152055504356,0.00207305271536817,16311.939071578,61.8801818773832,536.21013022692,104.682857487715,"Blantyre","176",24477
"268",267,8103.17864500527,0.00000779024597860976,0.0000105404847915595,0.00000533038596930322,0.00194758530836019,16311.9391276222,61.8802561260813,536.210130366572,104.682857624528,"Blantyre","176",24477
"269",268,8103.1786428983,0.00000704641064796803,0.00000953404865550575,0.00000482266799312106,0.00182970703947933,16311.9391801107,61.880325880892,536.210130492889,104.682857748309,"Blantyre","176",24477
"270",269,8103.17864099252,0.00000637360059157003,0.00000862371229956671,0.00000436328352387136,0.00171895926083149,16311.939229274,61.8803914136705,536.210130607144,104.682857860299,"Blantyre","176",24477
"271",270,8103.1786392687,0.00000576503043223676,0.0000078002948538563,0.00000394763224981624,0.00161491098376583,16311.9392753275,61.8804529798519,536.21013071049,104.682857961621,"Blantyre","176",24477
"272",271,8103.17863770947,0.00000521456670656639,0.00000705549750830812,0.00000357155376328664,0.00151715729094834,16311.9393184722,61.8805108193962,536.210130803969,104.682858053292,"Blantyre","176",24477
"273",272,8103.17863629913,0.00000471666332433728,0.00000638181620523936,0.00000323128428391106,0.00142531773589202,16311.9393588956,61.8805651577407,536.210130888522,104.682858136229,"Blantyre","176",24477
"274",273,8103.17863502345,0.00000426630230893574,0.00000577246144931886,0.00000292341688556543,0.00133903481777654,16311.9393967729,61.8806162067071,536.210130965002,104.682858211264,"Blantyre","176",24477
"275",274,8103.17863386957,0.00000385894333417258,0.00000522129001474379,0.00000264486757368225,0.00125797259453906,16311.9394322674,61.8806641653265,536.210131034179,104.682858279149,"Blantyre","176",24477
"276",275,8103.17863282587,0.00000349047976712178,0.00000472274547278428,0.00000239284570758528,0.00118181540864946,16311.9394655321,61.8807092205966,536.210131096751,104.682858340567,"Blantyre","176",24477
"277",276,8103.17863188183,0.00000315719792945865,0.00000427180308106061,0.00000216482658448926,0.0011102666771901,16311.9394967095,61.8807515482015,536.210131153348,104.682858396132,"Blantyre","176",24477
"278",277,8103.17863102793,0.00000285573898742505,0.0000038639182193194,0.00000195852578497527,0.0010430477346008,16311.939525933,61.8807913131987,536.210131204541,104.682858446401,"Blantyre","176",24477
"279",278,8103.17863025556,0.00000258306447882736,0.00000349497973982,0.00000177187594754123,0.000979896742942941,16311.9395533271,61.8808286706673,536.210131250847,104.682858491881,"Blantyre","176",24477
"280",279,8103.17862955693,0.00000233642578318006,0.00000316126865810597,0.00000160300618000018,0.000920567677101884,16311.9395790084,61.8808637663102,536.21013129273,104.682858533025,"Blantyre","176",24477
"281",280,8103.17862892502,0.00000211333679607132,0.00000285942118348191,0.00000145022361930542,0.000864829376261364,16311.9396030856,61.8808967370183,536.210131330615,104.682858570249,"Blantyre","176",24477
"282",281,8103.17862835344,0.00000191154896540518,0.00000258639494391437,0.00000131199657852632,0.000812464649370334,16311.9396256606,61.880927711401,536.210131364882,104.682858603925,"Blantyre","176",24477
"283",282,8103.17862783644,0.00000172902847541945,0.00000233943811402081,0.00000118693913665074,0.000763269430689332,16311.9396468284,61.8809568102879,536.210131395878,104.68285863439,"Blantyre","176",24477
"284",283,8103.1786273688,0.0000015639356328736,0.00000211606152238768,0.00000107379720676264,0.000717051986072162,16311.9396666782,61.8809841472,536.210131423913,104.682858661952,"Blantyre","176",24477
"285",284,8103.17862694582,0.00000141460635482008,0.00000191401360404798,0.000000971436016051383,0.000673632168922216,16311.9396852932,61.8810098287914,536.210131449272,104.682858686886,"Blantyre","176",24477
"286",285,8103.17862656322,0.00000127953546709008,0.0000017312578036343,0.000000878828804101054,0.000632840721780363,16311.9397027512,61.8810339552635,536.21013147221,104.682858709444,"Blantyre","176",24477
"287",286,8103.17862621715,0.00000115736154657599,0.00000156595206662555,0.000000795046561113952,0.000594518619350634,16311.9397191251,61.8810566207553,536.210131492957,104.682858729851,"Blantyre","176",24477
"288",287,8103.17862590413,0.0000010468531675533,0.00000141643022965683,0.000000719248712219904,0.000558516450414154,16311.9397344832,61.8810779137096,536.210131511723,104.682858748312,"Blantyre","176",24477
"289",288,8103.17862562099,0.000000946896469662278,0.00000128118519928667,0.000000650674692485321,0.000524693837014765,16311.9397488892,61.8810979172181,536.210131528698,104.682858765014,"Blantyre","176",24477
"290",289,8103.17862536489,0.000000856483938762803,0.0000011588537722728,0.000000588636339794725,0.000492918889008855,16311.9397624029,61.8811167093443,536.210131544051,104.682858780123,"Blantyre","176",24477
"291",290,8103.17862513325,0.00000077470426536264,0.00000104820291387289,0.000000532511015034118,0.000463067691625592,16311.9397750802,61.881134363428,536.210131557939,104.682858793791,"Blantyre","176",24477
"292",291,8103.17862492372,0.000000700733160676958,0.000000948117331603543,0.000000481735369129378,0.000435023823789372,16311.9397869735,61.8811509483706,536.210131570501,104.682858806157,"Blantyre","176",24477
"293",292,8103.1786247342,0.00000063382504189135,0.000000857588224963088,0.000000435799697487417,0.000408677905362493,16311.9397981318,61.8811665289036,536.210131581863,104.682858817343,"Blantyre","176",24477
"294",293,8103.17862456277,0.000000573305513686153,0.000000775703112638314,0.000000394242832755213,0.000383927171707359,16311.939808601,61.8811811658411,536.210131592141,104.682858827462,"Blantyre","176",24477
"295",294,8103.17862440771,0.000000518564572598961,0.000000701636637833143,0.000000356647526516956,0.000360675073978949,16311.9398184241,61.8811949163161,536.210131601437,104.682858836617,"Blantyre","176",24477
"296",295,8103.17862426746,0.000000469050461093883,0.000000634642252639473,0.000000322636270745056,0.000338830903551345,16311.9398276413,61.881207834004,536.210131609845,104.682858844898,"Blantyre","176",24477
"297",296,8103.1786241406,0.000000424264106252184,0.000000574044693354687,0.000000291867515189501,0.000318309439078432,16311.9398362905,61.8812199693309,536.210131617451,104.68285885239,"Blantyre","176",24477
"298",297,8103.17862402585,0.00000038375408812436,0.000000519233172448197,0.000000264032243656803,0.000299030614831183,16311.9398444068,61.8812313696709,536.21013162433,104.682858859167,"Blantyre","176",24477
"299",298,8103.17862392206,0.000000347112089102436,0.000000469655221404283,0.000000238850876361523,0.000280919209056897,16311.9398520236,61.8812420795301,536.210131630552,104.682858865298,"Blantyre","176",24477
"300",299,8103.17862382818,0.000000313968778738992,0.000000424811122754013,0.000000216070467596443,0.000263904551163126,16311.9398591717,61.8812521407207,536.21013163618,104.682858870844,"Blantyre","176",24477
"301",300,8103.17862374326,0.000000283990091583903,0.000000384248873856497,0.000000195462170082779,0.000247920246582483,16311.9398658803,61.8812615925236,536.210131641271,104.682858875861,"Blantyre","176",24477
"302",301,8103.17862366646,0.00000025687385997537,0.000000347559630932134,0.000000176818940292112,0.000232903918244602,16311.9398721765,61.8812704718416,536.210131645876,104.6828588804,"Blantyre","176",24477
"303",302,8103.17862359698,0.000000232346768110548,0.000000314373587804578,0.000000159953461975789,0.000218796963656076,16311.939878086,61.8812788133437,536.210131650041,104.682858884506,"Blantyre","176",24477
"304",303,8103.17862353414,0.000000210161597086864,0.000000284356248346654,0.00000014469626739845,0.000205544326652608,16311.9398836327,61.8812866495997,536.210131653809,104.68285888822,"Blantyre","176",24477
"305",304,8103.1786234773,0.000000190094733171493,0.000000257205055083438,0.000000130894037500998,0.000193094282940161,16311.939888839,61.8812940112074,536.210131657217,104.68285889158,"Blantyre","176",24477
"306",305,8103.17862342589,0.000000171943913991517,0.000000232646339704756,0.00000011840806386053,0.000181398238591685,16311.939893726,61.8813009269125,536.210131660299,104.682858894619,"Blantyre","176",24477
"307",306,8103.17862337938,0.000000155526189834496,0.000000210432564627938,0.000000107112856997107,0.000170410540716635,16311.9398983133,61.8813074237197,536.210131663087,104.682858897368,"Blantyre","176",24477
"308",307,8103.17862333732,0.000000140676079571366,0.000000190339827894419,0.0000000968948871411093,0.000160088299569465,16311.9399026195,61.881313526999,536.210131665609,104.682858899856,"Blantyre","176",24477
"309",308,8103.17862329927,0.00000012724390268795,0.000000172165606349712,0.00000008765144490593,0.00015039122140796,16311.9399066619,61.8813192605841,536.21013166789,104.682858902105,"Blantyre","176",24477
"310",309,8103.17862326486,0.00000011509427061196,0.000000155726714354997,0.000000079289610459398,0.000141281451452991,16311.9399104567,61.8813246468655,536.210131669953,104.682858904141,"Blantyre","176",24477
"311",310,8103.17862323373,0.000000104104722090451,0.000000140857457402662,0.0000000717253208472617,0.000132723426339701,16311.9399140193,61.881329706878,536.210131671819,104.682858905982,"Blantyre","176",24477
"312",311,8103.17862320557,0.0000000941644888476057,0.000000127407962005923,0.0000000648825261187638,0.000124683735487035,16311.9399173639,61.8813344603826,536.210131673507,104.682858907647,"Blantyre","176",24477
"313",312,8103.1786231801,0.0000000851733790949493,0.000000115242665047935,0.0000000586924258113072,0.000117130990847359,16311.9399205039,61.8813389259437,536.210131675034,104.682858909154,"Blantyre","176",24477
"314",313,8103.17862315706,0.0000000770407676540651,0.000000104238947381751,0.0000000530927781547365,0.000110035704530435,16311.9399234519,61.8813431210015,536.210131676415,104.682858910517,"Blantyre","176",24477
"315",314,8103.17862313623,0.0000000696846825114949,0.0000000942858979060606,0.0000000480272750732687,0.000103370173826316,16311.9399262197,61.88134706194,536.210131677665,104.682858911749,"Blantyre","176",24477
"316",315,8103.17862311738,0.0000000630309785911711,0.0000000852831956491259,0.0000000434449767173687,0.0000971083731803053,16311.9399288183,61.8813507641512,536.210131678795,104.682858912865,"Blantyre","176",24477
"317",316,8103.17862310033,0.0000000570125904140098,0.0000000771400985900517,0.0000000392997998570051,0.0000912258527000448,16311.9399312583,61.8813542420948,536.210131679817,104.682858913873,"Blantyre","176",24477
"318",317,8103.17862308491,0.0000000515688561148542,0.0000000697745290293583,0.0000000355500550102877,0.0000856996428002237,16311.9399335492,61.8813575093548,536.210131680741,104.682858914786,"Blantyre","176",24477
"319",318,8103.17862307096,0.0000000466449060057614,0.0000000631122462930782,0.0000000321580276689996,0.0000805081646141692,16311.9399357003,61.8813605786926,536.210131681577,104.682858915611,"Blantyre","176",24477
"320",319,8103.17862305835,0.0000000421911095222142,0.0000000570860984309244,0.0000000290895994220769,0.0000756311458239165,16311.93993772,61.8813634620969,536.210131682334,104.682858916358,"Blantyre","176",24477
"321",320,8103.17862304694,0.000000038162574976284,0.0000000516353453641423,0.0000000263139051769726,0.0000710495415813511,16311.9399396166,61.8813661708299,536.210131683018,104.682858917034,"Blantyre","176",24477
"322",321,8103.17862303662,0.0000000345186970741792,0.0000000467050466603703,0.0000000238030230411103,0.0000667454602127764,16311.9399413974,61.8813687154722,536.210131683637,104.682858917645,"Blantyre","176",24477
"323",322,8103.17862302728,0.000000031222747638049,0.0000000422455077654666,0.0000000215316937534146,0.0000627020934178327,16311.9399430697,61.8813711059632,536.210131684196,104.682858918197,"Blantyre","176",24477
"324",323,8103.17862301884,0.000000028241505407213,0.000000038211779111186,0.0000000194770668518201,0.0000589036506911399,16311.9399446399,61.8813733516405,536.210131684703,104.682858918697,"Blantyre","176",24477
"325",324,8103.1786230112,0.000000025544921187282,0.0000000345632030498023,0.0000000176184710301686,0.0000553352977114226,16311.9399461145,61.8813754612762,536.210131685161,104.682858919149,"Blantyre","176",24477
"326",325,8103.17862300429,0.0000000231058149717744,0.0000000312630040486757,0.0000000159372063802197,0.0000519830984582821,16311.9399474992,61.8813774431109,536.210131685575,104.682858919559,"Blantyre","176",24477
"327",326,8103.17862299804,0.0000000208996019833399,0.000000028277918014118,0.0000000144163564340009,0.0000488339608312598,16311.9399487995,61.8813793048863,536.21013168595,104.682858919929,"Blantyre","176",24477
"328",327,8103.17862299239,0.0000000189040448733806,0.0000000255778570085207,0.0000000130406181203166,0.0000458755855594444,16311.9399500206,61.881381053875,536.210131686288,104.682858920263,"Blantyre","176",24477
"329",328,8103.17862298727,0.0000000170990295824646,0.0000000231356059813812,0.0000000117961479287968,0.0000430964182026648,16311.9399511674,61.8813826969093,536.210131686595,104.682858920566,"Blantyre","176",24477
"330",329,8103.17862298265,0.0000000154663626022983,0.0000000209265484574065,0.0000000106704227373031,0.0000404856040573217,16311.9399522443,61.8813842404075,536.210131686872,104.68285892084,"Blantyre","176",24477
"331",330,8103.17862297846,0.0000000139895875957175,0.0000000189284184167206,0.00000000965211390553822,0.0000380329457912061,16311.9399532556,61.8813856903993,536.210131687123,104.682858921088,"Blantyre","176",24477
"332",331,8103.17862297468,0.0000000126538195263307,0.0000000171210758662712,0.00000000873097337079227,0.0000357288636422598,16311.9399542054,61.8813870525489,536.21013168735,104.682858921312,"Blantyre","176",24477
"333",332,8103.17862297126,0.0000000114455946259638,0.0000000154863038403536,0.00000000789773060216288,0.0000335643580262088,16311.9399550974,61.8813883321777,536.210131687555,104.682858921515,"Blantyre","176",24477
"334",333,8103.17862296816,0.0000000103527346876805,0.0000000140076247841533,0.00000000714399937850838,0.0000315309744073666,16311.9399559351,61.8813895342846,536.210131687741,104.682858921698,"Blantyre","176",24477
"335",334,8103.17862296536,0.00000000936422431651976,0.0000000126701344695497,0.00000000646219345393882,0.0000296207702957109,16311.9399567218,61.8813906635658,536.210131687909,104.682858921864,"Blantyre","176",24477
"336",335,8103.17862296283,0.00000000847009990069907,0.0000000114603517691345,0.00000000584545026382638,0.0000278262842416078,16311.9399574607,61.881391724433,536.21013168806,104.682858922014,"Blantyre","176",24477
"337",336,8103.17862296054,0.00000000766134918417762,0.0000000103660827742557,0.00000000528756190501091,0.0000261405067073342,16311.9399581546,61.8813927210306,536.210131688198,104.68285892215,"Blantyre","176",24477
"338",337,8103.17862295847,0.00000000692982042833509,0.00000000937629788748109,0.00000000478291269688505,0.0000245568527018529,16311.9399588063,61.881393657252,536.210131688322,104.682858922272,"Blantyre","176",24477
"339",338,8103.17862295659,0.00000000626814024717033,0.00000000848102065064719,0.00000000432642269609539,0.0000230691360721568,16311.9399594184,61.8813945367549,536.210131688434,104.682858922384,"Blantyre","176",24477
"340",339,8103.1786229549,0.00000000566963928784408,0.00000000767122718794302,0.0000000039134965973579,0.0000216715453509514,16311.9399599933,61.8813953629751,536.210131688536,104.682858922484,"Blantyre","176",24477
"341",340,8103.17862295336,0.00000000512828500746688,0.00000000693875525047109,0.00000000353997750695858,0.0000203586210665023,16311.9399605333,61.8813961391407,536.210131688628,104.682858922575,"Blantyre","176",24477
"342",341,8103.17862295198,0.00000000463862086856151,0.00000000627622194550719,0.00000000320210512443493,0.0000191252344261693,16311.9399610404,61.8813968682838,536.210131688711,104.682858922657,"Blantyre","176",24477
"343",342,8103.17862295072,0.0000000041957113403264,0.00000000567694932121894,0.000000002896477912198,0.0000179665672904986,16311.9399615167,61.8813975532532,536.210131688786,104.682858922731,"Blantyre","176",24477
"344",343,8103.17862294959,0.00000000379509215134506,0.00000000513489705678072,0.000000002620018872902,0.0000168780933597723,16311.939961964,61.8813981967249,536.210131688854,104.682858922799,"Blantyre","176",24477
"345",344,8103.17862294856,0.00000000343272529231716,0.00000000464460157943999,0.00000000236994459060102,0.0000158555604996372,16311.9399623842,61.881398801213,536.210131688916,104.68285892286,"Blantyre","176",24477
"346",345,8103.17862294763,0.00000000310495831526445,0.00000000420112099486963,0.0000000021437372245138,0.0000148949741368726,16311.9399627789,61.8813993690791,536.210131688972,104.682858922915,"Blantyre","176",24477
"347",346,8103.17862294679,0.00000000280848751897129,0.00000000379998527573644,0.00000000193911917387634,0.0000139925816605279,16311.9399631495,61.8813999025417,536.210131689022,104.682858922964,"Blantyre","176",24477
"348",347,8103.17862294603,0.00000000254032464959058,0.0000000034371512064155,0.0000000017540301591953,0.0000131448577675769,16311.9399634977,61.8814004036852,536.210131689067,104.682858923009,"Blantyre","176",24477
"349",348,8103.17862294534,0.00000000229776678077642,0.00000000310896162971942,0.00000000158660648949117,0.0000123484906959183,16311.9399638247,61.8814008744675,536.210131689108,104.68285892305,"Blantyre","176",24477
"350",349,8103.17862294472,0.00000000207836906975274,0.00000000281210858487294,0.000000001435162307084,0.0000116003692910106,16311.9399641319,61.8814013167279,536.210131689146,104.682858923087,"Blantyre","176",24477
"351",350,8103.17862294416,0.00000000187992011471471,0.00000000254359996518506,0.00000000129817262134447,0.0000108975708556767,16311.9399644204,61.8814017321944,536.210131689179,104.68285892312,"Blantyre","176",24477
"352",351,8103.17862294365,0.00000000170041966517976,0.00000000230072935934716,0.00000000117425796081088,0.0000102373497356711,16311.9399646913,61.8814021224902,536.21013168921,104.68285892315,"Blantyre","176",24477
"353",352,8103.17862294319,0.0000000015380584606218,0.00000000208104877237519,0.000000001062170489336,0.00000961712659646596,16311.9399649459,61.8814024891402,536.210131689237,104.682858923178,"Blantyre","176",24477
"354",353,8103.17862294278,0.00000000139119999417331,0.00000000188234395123863,0.000000000960781446642382,0.00000903447834941266,16311.9399651849,61.8814028335769,536.210131689262,104.682858923202,"Blantyre","176",24477
"355",354,8103.1786229424,0.00000000125836401758446,0.0000000017026120664729,0.000000000869069786975914,0.00000848712868796263,16311.9399654095,61.8814031571461,536.210131689285,104.682858923225,"Blantyre","176",24477
"356",355,8103.17862294206,0.00000000113821162117833,0.00000000154004152481886,0.000000000786111901590685,0.00000797293919701444,16311.9399656204,61.881403461112,536.210131689305,104.682858923245,"Blantyre","176",24477
"357",356,8103.17862294175,0.00000000102953173841721,0.00000000139299370941239,0.000000000711072321693387,0.00000748990100068688,16311.9399658186,61.8814037466622,536.210131689324,104.682858923263,"Blantyre","176",24477
"358",357,8103.17862294147,0.000000000931228939053594,0.00000000125998646347586,0.000000000643195308332031,0.00000703612691591865,16311.9399660047,61.8814040149124,536.21013168934,104.68285892328,"Blantyre","176",24477
"359",358,8103.17862294122,0.000000000842312387827968,0.00000000113967915103657,0.000000000581797244630975,0.0000066098440812681,16311.9399661795,61.8814042669108,536.210131689356,104.682858923294,"Blantyre","176",24477
"360",359,8103.17862294099,0.000000000761885857423528,0.00000000103085914409294,0.000000000526259753841282,0.00000620938703214017,16311.9399663437,61.8814045036418,536.210131689369,104.682858923308,"Blantyre","176",24477
"361",360,8103.17862294079,0.000000000689138695014107,0.000000000932429600026912,0.000000000476023473973532,0.00000583319119540931,16311.9399664979,61.8814047260305,536.210131689382,104.68285892332,"Blantyre","176",24477
"362",361,8103.1786229406,0.000000000623337651353388,0.000000000843398406065799,0.000000000430582426382527,0.00000547978677804301,16311.9399666428,61.8814049349457,536.210131689393,104.682858923331,"Blantyre","176",24477
"363",362,8103.17862294043,0.000000000563819490047361,0.000000000762868179360456,0.000000000389478921646187,0.0000051477930258683,16311.9399667789,61.8814051312038,536.210131689403,104.682858923341,"Blantyre","176",24477
"364",363,8103.17862294028,0.000000000509984302515753,0.000000000690027221886084,0.000000000352298951484405,0.00000483591283006724,16311.9399669067,61.8814053155716,536.210131689412,104.68285892335,"Blantyre","176",24477
"365",364,8103.17862294014,0.000000000461289461261142,0.000000000624141338996458,0.000000000318668020351821,0.00000454292766034465,16311.9399670268,61.8814054887694,536.21013168942,104.682858923359,"Blantyre","176",24477
"366",365,8103.17862294002,0.000000000417244150498183,0.000000000564546439167296,0.000000000288247374760695,0.00000426769280498583,16311.9399671395,61.881405651474,536.210131689428,104.682858923366,"Blantyre","176",24477
